0 0.033 0.418 0.028 0.05
0 0.244 0.342 0.019 0.042
0 0.269 0.361 0.024 0.05
0 0.3 0.372 0.022 0.044
0 0.297 0.316 0.023 0.043
0 0.35 0.368 0.025 0.053
0 0.392 0.354 0.018 0.034
0 0.386 0.329 0.018 0.029
0 0.369 0.301 0.016 0.029
0 0.402 0.263 0.013 0.03
0 0.415 0.283 0.014 0.027
0 0.423 0.303 0.017 0.032
0 0.422 0.349 0.024 0.04
0 0.469 0.346 0.024 0.042
0 0.456 0.311 0.018 0.037
0 0.443 0.289 0.016 0.033
0 0.438 0.264 0.013 0.023
0 0.474 0.251 0.013 0.029
0 0.484 0.24 0.013 0.027
0 0.486 0.31 0.017 0.029
0 0.487 0.278 0.018 0.03
0 0.516 0.27 0.018 0.037
0 0.53 0.286 0.017 0.04
0 0.532 0.253 0.013 0.034
0 0.552 0.265 0.016 0.033
0 0.579 0.293 0.018 0.037
0 0.582 0.273 0.013 0.029
0 0.588 0.248 0.012 0.026
0 0.567 0.235 0.017 0.036
0 0.587 0.227 0.015 0.03
0 0.621 0.228 0.013 0.029
0 0.629 0.21 0.013 0.027
0 0.623 0.254 0.013 0.029
0 0.645 0.222 0.014 0.027
0 0.657 0.234 0.014 0.032
0 0.662 0.25 0.017 0.033
0 0.533 0.324 0.02 0.039
0 0.517 0.402 0.032 0.06
0 0.558 0.374 0.028 0.057
0 0.562 0.411 0.035 0.056
0 0.613 0.334 0.023 0.047
0 0.63 0.381 0.023 0.047
0 0.628 0.438 0.035 0.057
0 0.687 0.456 0.034 0.069
0 0.678 0.375 0.029 0.059
0 0.666 0.344 0.023 0.047
0 0.653 0.308 0.02 0.046
0 0.692 0.278 0.018 0.037
0 0.672 0.244 0.015 0.026
0 0.677 0.226 0.011 0.019
0 0.689 0.234 0.013 0.026
0 0.705 0.237 0.013 0.027
0 0.723 0.257 0.016 0.029
0 0.742 0.296 0.019 0.037
0 0.699 0.331 0.022 0.044
0 0.757 0.253 0.012 0.029
0 0.762 0.228 0.015 0.032
0 0.767 0.275 0.017 0.032
0 0.785 0.288 0.018 0.036
0 0.803 0.237 0.015 0.029
0 0.832 0.253 0.017 0.036
0 0.795 0.271 0.015 0.032
0 0.782 0.258 0.015 0.03
0 0.737 0.514 0.043 0.083
0 0.76 0.407 0.028 0.057
0 0.709 0.362 0.023 0.046
0 0.809 0.408 0.03 0.062
0 0.829 0.38 0.023 0.052
0 0.834 0.308 0.018 0.036
0 0.831 0.348 0.021 0.039
0 0.865 0.462 0.028 0.063
0 0.858 0.548 0.038 0.072
0 0.878 0.418 0.024 0.047
0 0.898 0.362 0.026 0.052
0 0.893 0.324 0.022 0.043
0 0.866 0.313 0.02 0.036
0 0.877 0.293 0.014 0.034
0 0.881 0.27 0.018 0.03
0 0.864 0.267 0.019 0.04
0 0.891 0.253 0.017 0.044
0 0.915 0.296 0.017 0.039
0 0.948 0.359 0.02 0.042
0 0.938 0.4 0.023 0.052
0 0.934 0.464 0.032 0.067
0 0.946 0.326 0.02 0.034
0 0.954 0.314 0.018 0.037
0 0.956 0.287 0.019 0.04
