0 0.045 0.369 0.023 0.042
0 0.047 0.355 0.015 0.028
0 0.218 0.352 0.049 0.092
0 0.262 0.281 0.021 0.04
0 0.302 0.255 0.022 0.042
0 0.322 0.276 0.022 0.043
0 0.353 0.285 0.023 0.042
0 0.336 0.24 0.02 0.038
0 0.329 0.213 0.015 0.027
0 0.352 0.209 0.017 0.035
0 0.382 0.218 0.017 0.04
0 0.392 0.196 0.02 0.04
0 0.428 0.263 0.025 0.053
0 0.43 0.221 0.025 0.037
0 0.415 0.17 0.017 0.037
0 0.448 0.191 0.014 0.037
0 0.463 0.21 0.017 0.043
0 0.458 0.168 0.022 0.033
0 0.482 0.241 0.029 0.047
0 0.48 0.084 0.013 0.032
0 0.484 0.166 0.016 0.032
0 0.508 0.147 0.015 0.028
0 0.523 0.148 0.015 0.037
0 0.541 0.128 0.016 0.033
0 0.542 0.167 0.017 0.035
0 0.545 0.201 0.023 0.037
0 0.575 0.176 0.018 0.04
0 0.562 0.142 0.016 0.035
0 0.585 0.139 0.016 0.032
0 0.603 0.119 0.023 0.032
0 0.604 0.151 0.019 0.038
0 0.62 0.102 0.013 0.028
0 0.648 0.106 0.013 0.03
0 0.678 0.119 0.013 0.032
0 0.685 0.092 0.013 0.025
0 0.656 0.166 0.023 0.045
0 0.617 0.21 0.028 0.055
0 0.574 0.245 0.024 0.055
0 0.5 0.309 0.032 0.067
0 0.615 0.329 0.031 0.072
0 0.613 0.268 0.03 0.06
0 0.667 0.293 0.03 0.063
0 0.683 0.339 0.029 0.062
0 0.669 0.211 0.025 0.057
0 0.705 0.206 0.025 0.047
0 0.715 0.181 0.02 0.043
0 0.701 0.157 0.017 0.038
0 0.716 0.14 0.016 0.043
0 0.737 0.161 0.021 0.037
0 0.75 0.191 0.018 0.037
0 0.76 0.162 0.019 0.045
0 0.766 0.13 0.015 0.033
0 0.745 0.121 0.013 0.032
0 0.748 0.098 0.011 0.027
0 0.781 0.126 0.013 0.03
0 0.789 0.112 0.011 0.028
0 0.81 0.128 0.016 0.037
0 0.801 0.181 0.021 0.045
0 0.758 0.251 0.03 0.05
0 0.753 0.28 0.025 0.052
0 0.789 0.303 0.032 0.063
0 0.877 0.235 0.024 0.048
0 0.934 0.273 0.022 0.05
0 0.937 0.197 0.021 0.048
0 0.937 0.15 0.016 0.037
0 0.909 0.191 0.019 0.045
0 0.901 0.128 0.011 0.03
0 0.872 0.145 0.015 0.037
0 0.852 0.197 0.019 0.035
0 0.828 0.162 0.016 0.032
0 0.839 0.131 0.017 0.043
