0 0.19 0.326 0.039 0.074
0 0.274 0.217 0.018 0.038
0 0.341 0.244 0.02 0.042
0 0.341 0.204 0.016 0.034
0 0.412 0.275 0.028 0.047
0 0.407 0.235 0.022 0.04
0 0.395 0.196 0.017 0.032
0 0.388 0.164 0.015 0.028
0 0.41 0.161 0.018 0.038
0 0.439 0.211 0.018 0.036
0 0.436 0.175 0.015 0.032
0 0.44 0.138 0.011 0.026
0 0.468 0.207 0.019 0.043
0 0.493 0.214 0.022 0.045
0 0.475 0.189 0.017 0.034
0 0.477 0.152 0.013 0.036
0 0.463 0.141 0.013 0.025
0 0.487 0.134 0.015 0.034
0 0.5 0.12 0.014 0.028
0 0.516 0.13 0.013 0.026
0 0.521 0.119 0.012 0.023
0 0.517 0.178 0.02 0.038
0 0.524 0.163 0.013 0.03
0 0.546 0.184 0.02 0.04
0 0.542 0.128 0.014 0.025
0 0.549 0.118 0.011 0.025
0 0.564 0.079 0.011 0.026
0 0.578 0.12 0.014 0.025
0 0.588 0.16 0.018 0.04
0 0.616 0.153 0.019 0.038
0 0.605 0.127 0.014 0.03
0 0.619 0.126 0.016 0.028
0 0.611 0.105 0.012 0.021
0 0.631 0.103 0.011 0.021
0 0.632 0.12 0.011 0.021
0 0.649 0.096 0.015 0.023
0 0.666 0.112 0.015 0.032
0 0.683 0.124 0.016 0.025
0 0.683 0.103 0.015 0.025
0 0.573 0.239 0.024 0.047
0 0.625 0.246 0.025 0.053
0 0.634 0.194 0.017 0.036
0 0.661 0.187 0.017 0.042
0 0.663 0.27 0.025 0.057
0 0.716 0.229 0.023 0.042
0 0.701 0.173 0.017 0.036
0 0.725 0.186 0.017 0.036
0 0.733 0.169 0.016 0.032
0 0.733 0.136 0.016 0.034
0 0.751 0.137 0.014 0.032
0 0.764 0.13 0.013 0.03
0 0.781 0.142 0.015 0.03
0 0.79 0.119 0.013 0.026
0 0.732 0.262 0.029 0.07
0 0.763 0.267 0.021 0.047
0 0.756 0.199 0.021 0.043
0 0.788 0.21 0.018 0.034
0 0.796 0.157 0.014 0.03
0 0.824 0.128 0.015 0.032
0 0.825 0.167 0.013 0.036
0 0.838 0.164 0.013 0.032
0 0.846 0.145 0.012 0.028
0 0.865 0.186 0.015 0.04
0 0.846 0.202 0.016 0.042
0 0.84 0.238 0.019 0.049
0 0.837 0.316 0.028 0.06
0 0.866 0.281 0.02 0.051
0 0.91 0.348 0.024 0.072
0 0.889 0.23 0.017 0.036
0 0.923 0.271 0.024 0.055
0 0.926 0.237 0.018 0.043
0 0.933 0.188 0.015 0.032
0 0.942 0.205 0.014 0.036
0 0.903 0.173 0.016 0.028
0 0.89 0.147 0.013 0.03
