0 0.206 0.419 0.041 0.079
0 0.296 0.251 0.014 0.031
0 0.29 0.248 0.013 0.027
0 0.313 0.22 0.012 0.022
0 0.327 0.279 0.017 0.034
0 0.351 0.215 0.014 0.031
0 0.385 0.252 0.016 0.032
0 0.403 0.229 0.015 0.035
0 0.425 0.266 0.02 0.042
0 0.446 0.214 0.02 0.038
0 0.427 0.184 0.013 0.028
0 0.402 0.187 0.012 0.025
0 0.477 0.217 0.017 0.041
0 0.428 0.164 0.014 0.022
0 0.408 0.174 0.013 0.02
0 0.452 0.156 0.01 0.024
0 0.469 0.161 0.013 0.021
0 0.502 0.19 0.012 0.029
0 0.55 0.191 0.014 0.027
0 0.546 0.163 0.011 0.024
0 0.555 0.144 0.012 0.025
0 0.525 0.144 0.014 0.025
0 0.51 0.145 0.014 0.024
0 0.495 0.13 0.01 0.02
0 0.574 0.161 0.014 0.029
0 0.575 0.135 0.011 0.022
0 0.586 0.143 0.012 0.025
0 0.61 0.146 0.012 0.028
0 0.627 0.131 0.01 0.027
0 0.614 0.103 0.013 0.027
0 0.657 0.119 0.013 0.028
0 0.668 0.122 0.012 0.028
0 0.501 0.295 0.023 0.045
0 0.544 0.306 0.026 0.046
0 0.581 0.241 0.018 0.039
0 0.611 0.205 0.017 0.039
0 0.627 0.235 0.023 0.046
0 0.655 0.265 0.018 0.039
0 0.664 0.213 0.017 0.039
0 0.654 0.173 0.018 0.031
0 0.696 0.189 0.015 0.034
0 0.694 0.151 0.016 0.036
0 0.726 0.15 0.014 0.031
0 0.721 0.218 0.018 0.043
0 0.714 0.283 0.023 0.048
0 0.685 0.311 0.025 0.055
0 0.768 0.331 0.027 0.059
0 0.801 0.298 0.02 0.046
0 0.847 0.316 0.019 0.049
0 0.757 0.222 0.019 0.036
0 0.745 0.192 0.015 0.034
0 0.746 0.161 0.015 0.031
0 0.767 0.131 0.015 0.027
0 0.766 0.181 0.014 0.028
0 0.788 0.158 0.011 0.027
0 0.802 0.144 0.012 0.022
0 0.808 0.178 0.013 0.036
0 0.785 0.21 0.015 0.034
0 0.817 0.226 0.018 0.045
0 0.836 0.224 0.014 0.028
0 0.831 0.163 0.014 0.028
0 0.836 0.14 0.013 0.029
0 0.871 0.146 0.013 0.031
0 0.889 0.194 0.015 0.029
0 0.863 0.236 0.018 0.046
0 0.886 0.226 0.014 0.039
0 0.909 0.246 0.02 0.046
