0 0.137 0.465 0.04 0.082
0 0.214 0.343 0.016 0.028
0 0.254 0.356 0.025 0.033
0 0.28 0.301 0.017 0.03
0 0.311 0.332 0.021 0.04
0 0.327 0.35 0.024 0.055
0 0.346 0.323 0.015 0.03
0 0.349 0.288 0.016 0.03
0 0.377 0.325 0.017 0.036
0 0.405 0.325 0.018 0.036
0 0.398 0.299 0.017 0.03
0 0.38 0.266 0.015 0.03
0 0.419 0.258 0.014 0.021
0 0.428 0.299 0.013 0.03
0 0.442 0.247 0.011 0.021
0 0.462 0.26 0.017 0.033
0 0.487 0.254 0.013 0.029
0 0.494 0.246 0.011 0.018
0 0.511 0.24 0.015 0.024
0 0.51 0.27 0.014 0.028
0 0.492 0.32 0.018 0.036
0 0.455 0.307 0.015 0.025
0 0.441 0.342 0.021 0.028
0 0.451 0.411 0.025 0.048
0 0.527 0.401 0.023 0.043
0 0.545 0.346 0.021 0.043
0 0.562 0.277 0.016 0.028
0 0.534 0.244 0.013 0.028
0 0.543 0.222 0.012 0.019
0 0.558 0.217 0.01 0.018
0 0.557 0.24 0.012 0.028
0 0.578 0.244 0.014 0.026
0 0.585 0.223 0.012 0.025
0 0.596 0.202 0.01 0.019
0 0.604 0.215 0.012 0.021
0 0.609 0.209 0.01 0.017
0 0.618 0.244 0.012 0.022
0 0.634 0.215 0.011 0.018
0 0.635 0.235 0.011 0.024
0 0.641 0.224 0.009 0.019
0 0.653 0.227 0.011 0.028
0 0.663 0.226 0.011 0.028
0 0.657 0.261 0.013 0.032
0 0.615 0.289 0.016 0.03
0 0.581 0.316 0.02 0.042
0 0.636 0.326 0.015 0.032
0 0.643 0.355 0.023 0.054
0 0.667 0.343 0.02 0.04
0 0.562 0.425 0.028 0.06
0 0.624 0.459 0.029 0.06
0 0.573 0.409 0.019 0.032
0 0.679 0.51 0.028 0.064
0 0.715 0.394 0.021 0.043
0 0.749 0.422 0.022 0.053
0 0.788 0.515 0.025 0.069
0 0.817 0.434 0.023 0.05
0 0.783 0.369 0.019 0.048
0 0.881 0.451 0.024 0.051
0 0.869 0.404 0.021 0.042
0 0.834 0.369 0.021 0.054
0 0.851 0.349 0.019 0.042
0 0.898 0.347 0.017 0.04
0 0.871 0.324 0.016 0.033
0 0.894 0.313 0.013 0.025
0 0.905 0.308 0.013 0.029
0 0.902 0.269 0.014 0.03
0 0.867 0.285 0.015 0.039
0 0.818 0.318 0.019 0.037
0 0.802 0.343 0.02 0.035
0 0.779 0.3 0.016 0.029
0 0.793 0.27 0.015 0.028
0 0.813 0.258 0.013 0.021
0 0.826 0.28 0.013 0.024
0 0.833 0.26 0.011 0.022
0 0.844 0.252 0.012 0.028
0 0.741 0.283 0.013 0.037
0 0.752 0.26 0.013 0.032
0 0.758 0.229 0.015 0.029
0 0.731 0.225 0.013 0.029
0 0.718 0.241 0.013 0.03
0 0.723 0.258 0.013 0.028
0 0.701 0.28 0.017 0.036
0 0.686 0.257 0.015 0.035
