0 0.243 0.41 0.055 0.117
0 0.303 0.247 0.023 0.042
0 0.334 0.212 0.019 0.042
0 0.405 0.215 0.019 0.044
0 0.423 0.181 0.018 0.033
0 0.405 0.167 0.015 0.033
0 0.446 0.216 0.02 0.046
0 0.475 0.237 0.026 0.05
0 0.495 0.293 0.029 0.057
0 0.567 0.29 0.03 0.067
0 0.555 0.258 0.024 0.038
0 0.553 0.189 0.019 0.038
0 0.443 0.151 0.014 0.027
0 0.456 0.146 0.012 0.025
0 0.451 0.18 0.012 0.031
0 0.484 0.175 0.015 0.029
0 0.466 0.185 0.016 0.027
0 0.481 0.153 0.013 0.023
0 0.511 0.172 0.018 0.038
0 0.51 0.144 0.012 0.029
0 0.534 0.146 0.015 0.029
0 0.543 0.129 0.012 0.025
0 0.528 0.128 0.012 0.023
0 0.559 0.153 0.014 0.031
0 0.589 0.155 0.016 0.034
0 0.622 0.127 0.014 0.025
0 0.65 0.145 0.016 0.031
0 0.674 0.094 0.016 0.034
0 0.633 0.209 0.023 0.052
0 0.616 0.25 0.026 0.046
0 0.624 0.3 0.029 0.065
0 0.654 0.288 0.024 0.052
0 0.663 0.219 0.017 0.044
0 0.66 0.19 0.019 0.036
0 0.711 0.244 0.023 0.055
0 0.693 0.185 0.023 0.04
0 0.728 0.188 0.018 0.036
0 0.733 0.136 0.015 0.034
0 0.749 0.16 0.017 0.04
0 0.763 0.188 0.017 0.04
0 0.783 0.144 0.015 0.036
0 0.781 0.227 0.023 0.048
0 0.801 0.204 0.017 0.036
0 0.808 0.182 0.015 0.034
0 0.827 0.177 0.019 0.04
0 0.846 0.204 0.018 0.04
0 0.862 0.195 0.014 0.034
0 0.82 0.227 0.02 0.044
0 0.812 0.263 0.023 0.048
0 0.802 0.3 0.027 0.057
0 0.847 0.332 0.026 0.059
0 0.864 0.298 0.023 0.05
0 0.879 0.235 0.02 0.054
0 0.888 0.204 0.014 0.04
0 0.898 0.201 0.014 0.038
0 0.923 0.247 0.018 0.054
0 0.916 0.301 0.027 0.063
0 0.902 0.375 0.024 0.061
0 0.928 0.442 0.035 0.076
