0 0.063 0.304 0.02 0.052
0 0.29 0.235 0.018 0.038
0 0.309 0.235 0.015 0.036
0 0.35 0.182 0.016 0.031
0 0.372 0.2 0.017 0.036
0 0.361 0.222 0.02 0.034
0 0.365 0.247 0.018 0.04
0 0.384 0.247 0.017 0.041
0 0.417 0.189 0.018 0.038
0 0.428 0.206 0.017 0.034
0 0.43 0.232 0.02 0.041
0 0.448 0.22 0.019 0.041
0 0.418 0.143 0.016 0.038
0 0.451 0.175 0.02 0.041
0 0.492 0.222 0.018 0.041
0 0.486 0.185 0.018 0.033
0 0.477 0.138 0.015 0.029
0 0.492 0.148 0.012 0.031
0 0.513 0.124 0.012 0.024
0 0.523 0.137 0.012 0.027
0 0.511 0.148 0.011 0.024
0 0.513 0.179 0.017 0.038
0 0.527 0.167 0.017 0.034
0 0.562 0.181 0.017 0.036
0 0.559 0.157 0.014 0.026
0 0.551 0.145 0.012 0.026
0 0.558 0.122 0.014 0.027
0 0.579 0.126 0.013 0.033
0 0.585 0.116 0.012 0.029
0 0.589 0.174 0.016 0.033
0 0.593 0.153 0.015 0.031
0 0.61 0.123 0.014 0.029
0 0.624 0.146 0.013 0.031
0 0.633 0.13 0.014 0.033
0 0.618 0.113 0.011 0.026
0 0.634 0.11 0.011 0.021
0 0.663 0.141 0.017 0.034
0 0.664 0.113 0.014 0.024
0 0.672 0.107 0.011 0.026
0 0.689 0.12 0.014 0.027
0 0.691 0.102 0.013 0.026
0 0.712 0.104 0.013 0.026
0 0.569 0.237 0.026 0.058
0 0.497 0.287 0.033 0.065
0 0.545 0.296 0.029 0.07
0 0.61 0.236 0.028 0.05
0 0.637 0.218 0.021 0.045
0 0.62 0.3 0.037 0.057
0 0.676 0.246 0.023 0.058
0 0.668 0.178 0.017 0.036
0 0.706 0.158 0.017 0.034
0 0.716 0.189 0.017 0.041
0 0.71 0.229 0.021 0.048
0 0.726 0.285 0.027 0.062
0 0.693 0.306 0.029 0.055
0 0.729 0.141 0.014 0.031
0 0.751 0.167 0.017 0.038
0 0.756 0.195 0.019 0.043
0 0.756 0.139 0.017 0.027
0 0.802 0.156 0.017 0.034
0 0.796 0.142 0.014 0.029
0 0.803 0.228 0.02 0.05
0 0.78 0.239 0.023 0.045
0 0.786 0.32 0.025 0.058
0 0.757 0.373 0.035 0.069
0 0.845 0.374 0.031 0.07
0 0.837 0.308 0.026 0.06
0 0.827 0.255 0.02 0.046
0 0.868 0.259 0.022 0.058
0 0.892 0.231 0.024 0.046
0 0.941 0.216 0.017 0.046
0 0.927 0.284 0.019 0.046
0 0.921 0.324 0.023 0.06
0 0.912 0.426 0.039 0.076
