0 0.067 0.402 0.03 0.06
0 0.289 0.239 0.015 0.03
0 0.295 0.268 0.016 0.028
0 0.309 0.266 0.018 0.038
0 0.341 0.263 0.018 0.038
0 0.365 0.26 0.02 0.042
0 0.402 0.263 0.019 0.042
0 0.417 0.273 0.027 0.052
0 0.34 0.22 0.016 0.028
0 0.364 0.214 0.015 0.033
0 0.37 0.229 0.016 0.033
0 0.41 0.218 0.014 0.035
0 0.468 0.229 0.019 0.04
0 0.486 0.235 0.021 0.043
0 0.398 0.192 0.013 0.033
0 0.403 0.19 0.013 0.027
0 0.429 0.189 0.013 0.027
0 0.466 0.195 0.014 0.037
0 0.496 0.199 0.014 0.04
0 0.484 0.167 0.013 0.033
0 0.478 0.148 0.013 0.025
0 0.5 0.137 0.012 0.027
0 0.507 0.166 0.015 0.028
0 0.53 0.192 0.016 0.04
0 0.546 0.202 0.019 0.04
0 0.535 0.173 0.016 0.025
0 0.577 0.154 0.017 0.025
0 0.586 0.169 0.016 0.035
0 0.584 0.124 0.013 0.028
0 0.608 0.127 0.013 0.027
0 0.615 0.148 0.014 0.035
0 0.628 0.135 0.013 0.027
0 0.639 0.147 0.012 0.03
0 0.643 0.125 0.011 0.027
0 0.665 0.134 0.013 0.035
0 0.668 0.124 0.013 0.03
0 0.705 0.125 0.013 0.027
0 0.751 0.123 0.013 0.028
0 0.774 0.139 0.013 0.032
0 0.79 0.132 0.013 0.03
0 0.798 0.15 0.013 0.033
0 0.837 0.132 0.011 0.027
0 0.866 0.142 0.015 0.033
0 0.886 0.161 0.014 0.032
0 0.908 0.166 0.013 0.038
0 0.916 0.163 0.012 0.032
0 0.936 0.218 0.017 0.042
0 0.953 0.248 0.018 0.045
0 0.962 0.286 0.025 0.055
0 0.87 0.179 0.017 0.035
0 0.891 0.239 0.025 0.053
0 0.82 0.174 0.018 0.035
0 0.844 0.21 0.021 0.043
0 0.715 0.154 0.013 0.032
0 0.729 0.151 0.014 0.032
0 0.741 0.172 0.015 0.033
0 0.785 0.165 0.013 0.03
0 0.767 0.189 0.017 0.045
0 0.728 0.189 0.016 0.038
0 0.668 0.187 0.018 0.04
0 0.665 0.215 0.023 0.043
0 0.63 0.199 0.019 0.038
0 0.601 0.222 0.022 0.05
0 0.643 0.243 0.024 0.052
0 0.602 0.29 0.026 0.055
0 0.519 0.304 0.026 0.05
0 0.643 0.317 0.032 0.06
0 0.688 0.267 0.021 0.053
0 0.709 0.259 0.021 0.047
0 0.741 0.298 0.025 0.055
0 0.786 0.234 0.022 0.053
0 0.796 0.209 0.019 0.047
0 0.881 0.314 0.027 0.053
0 0.788 0.304 0.025 0.06
