0 0.191 0.426 0.044 0.092
0 0.275 0.265 0.018 0.04
0 0.272 0.257 0.018 0.042
0 0.319 0.251 0.02 0.038
0 0.336 0.253 0.018 0.042
0 0.361 0.243 0.02 0.04
0 0.374 0.265 0.025 0.04
0 0.408 0.265 0.025 0.051
0 0.34 0.209 0.016 0.038
0 0.329 0.215 0.015 0.035
0 0.372 0.195 0.02 0.033
0 0.399 0.172 0.016 0.031
0 0.429 0.176 0.017 0.032
0 0.424 0.215 0.021 0.043
0 0.453 0.218 0.019 0.04
0 0.451 0.148 0.017 0.038
0 0.469 0.151 0.018 0.035
0 0.475 0.191 0.018 0.035
0 0.494 0.213 0.021 0.043
0 0.515 0.186 0.018 0.033
0 0.541 0.184 0.019 0.042
0 0.513 0.151 0.017 0.032
0 0.49 0.131 0.014 0.022
0 0.494 0.16 0.014 0.036
0 0.524 0.134 0.018 0.033
0 0.572 0.158 0.018 0.038
0 0.562 0.14 0.013 0.029
0 0.586 0.145 0.016 0.036
0 0.577 0.132 0.014 0.031
0 0.606 0.143 0.018 0.038
0 0.609 0.099 0.013 0.031
0 0.622 0.127 0.013 0.032
0 0.647 0.12 0.016 0.033
0 0.675 0.119 0.018 0.032
0 0.5 0.293 0.029 0.06
0 0.542 0.306 0.034 0.064
0 0.576 0.234 0.025 0.05
0 0.617 0.207 0.024 0.051
0 0.614 0.255 0.025 0.054
0 0.658 0.258 0.024 0.051
0 0.671 0.195 0.025 0.04
0 0.652 0.173 0.018 0.043
0 0.711 0.266 0.03 0.061
0 0.674 0.339 0.043 0.07
0 0.742 0.346 0.038 0.068
0 0.708 0.21 0.021 0.045
0 0.729 0.197 0.021 0.045
0 0.721 0.15 0.017 0.032
0 0.682 0.161 0.019 0.035
0 0.691 0.188 0.021 0.035
0 0.749 0.147 0.019 0.038
0 0.764 0.159 0.018 0.047
0 0.763 0.128 0.015 0.036
0 0.778 0.141 0.017 0.043
0 0.794 0.141 0.012 0.029
0 0.799 0.169 0.016 0.04
0 0.775 0.195 0.021 0.045
0 0.754 0.221 0.021 0.045
0 0.785 0.288 0.031 0.058
0 0.806 0.22 0.024 0.053
0 0.837 0.204 0.021 0.042
0 0.846 0.179 0.021 0.043
0 0.867 0.139 0.016 0.042
0 0.883 0.185 0.015 0.042
0 0.877 0.215 0.019 0.046
0 0.865 0.227 0.021 0.047
0 0.905 0.248 0.024 0.05
0 0.868 0.302 0.03 0.058
