0 0.933 0.161 0.011 0.03
0 0.933 0.188 0.011 0.035
0 0.944 0.213 0.015 0.041
0 0.929 0.243 0.015 0.035
0 0.915 0.307 0.021 0.059
0 0.84 0.152 0.013 0.031
0 0.823 0.181 0.012 0.03
0 0.832 0.218 0.015 0.041
0 0.856 0.184 0.013 0.035
0 0.87 0.175 0.011 0.031
0 0.892 0.189 0.014 0.037
0 0.892 0.218 0.014 0.041
0 0.879 0.244 0.018 0.048
0 0.866 0.281 0.019 0.055
0 0.836 0.312 0.02 0.059
0 0.801 0.256 0.021 0.05
0 0.785 0.131 0.012 0.033
0 0.792 0.155 0.012 0.033
0 0.787 0.178 0.012 0.035
0 0.786 0.208 0.015 0.043
0 0.749 0.249 0.019 0.05
0 0.753 0.189 0.015 0.037
0 0.753 0.139 0.011 0.026
0 0.753 0.162 0.014 0.028
0 0.654 0.101 0.012 0.028
0 0.661 0.127 0.009 0.035
0 0.677 0.119 0.01 0.028
0 0.696 0.117 0.011 0.028
0 0.718 0.153 0.015 0.041
0 0.73 0.168 0.014 0.041
0 0.713 0.182 0.017 0.039
0 0.717 0.286 0.027 0.057
0 0.676 0.183 0.017 0.041
0 0.686 0.33 0.026 0.068
0 0.645 0.303 0.027 0.059
0 0.633 0.234 0.023 0.05
0 0.625 0.213 0.017 0.041
0 0.561 0.263 0.019 0.05
0 0.57 0.116 0.012 0.026
0 0.613 0.103 0.009 0.02
0 0.606 0.124 0.012 0.026
0 0.584 0.152 0.013 0.03
0 0.58 0.183 0.012 0.033
0 0.558 0.141 0.013 0.028
0 0.539 0.189 0.015 0.035
0 0.53 0.157 0.013 0.03
0 0.544 0.169 0.015 0.035
0 0.509 0.188 0.015 0.039
0 0.538 0.137 0.013 0.026
0 0.473 0.129 0.009 0.022
0 0.489 0.136 0.009 0.028
0 0.492 0.123 0.01 0.02
0 0.476 0.155 0.011 0.03
0 0.468 0.175 0.014 0.035
0 0.451 0.166 0.013 0.033
0 0.45 0.201 0.016 0.039
0 0.473 0.237 0.019 0.048
0 0.443 0.245 0.02 0.05
0 0.423 0.152 0.009 0.026
0 0.42 0.183 0.015 0.037
0 0.424 0.206 0.014 0.039
0 0.402 0.205 0.016 0.041
0 0.406 0.244 0.022 0.052
0 0.369 0.201 0.014 0.044
0 0.362 0.241 0.02 0.039
0 0.508 0.403 0.051 0.115
0 0.626 0.139 0.012 0.026
