0 0.061 0.399 0.036 0.075
0 0.259 0.285 0.021 0.035
0 0.288 0.271 0.019 0.04
0 0.307 0.256 0.021 0.043
0 0.32 0.22 0.017 0.038
0 0.345 0.216 0.019 0.04
0 0.347 0.278 0.023 0.053
0 0.4 0.3 0.028 0.053
0 0.381 0.22 0.019 0.04
0 0.389 0.2 0.017 0.035
0 0.415 0.225 0.019 0.038
0 0.442 0.223 0.023 0.04
0 0.489 0.226 0.023 0.047
0 0.414 0.169 0.016 0.028
0 0.434 0.195 0.016 0.03
0 0.462 0.211 0.018 0.033
0 0.448 0.157 0.016 0.035
0 0.486 0.192 0.016 0.032
0 0.482 0.176 0.017 0.028
0 0.475 0.147 0.013 0.028
0 0.488 0.134 0.013 0.028
0 0.507 0.165 0.017 0.03
0 0.539 0.201 0.018 0.04
0 0.537 0.161 0.019 0.035
0 0.522 0.139 0.014 0.035
0 0.53 0.127 0.014 0.028
0 0.552 0.147 0.014 0.028
0 0.571 0.164 0.015 0.035
0 0.583 0.15 0.017 0.03
0 0.561 0.115 0.012 0.027
0 0.595 0.12 0.013 0.027
0 0.601 0.101 0.012 0.027
0 0.619 0.123 0.013 0.03
0 0.63 0.152 0.016 0.035
0 0.616 0.106 0.012 0.03
0 0.641 0.1 0.016 0.033
0 0.639 0.126 0.013 0.028
0 0.676 0.112 0.014 0.032
0 0.695 0.098 0.014 0.033
0 0.537 0.307 0.03 0.068
0 0.493 0.292 0.03 0.058
0 0.564 0.252 0.022 0.052
0 0.604 0.326 0.032 0.06
0 0.603 0.262 0.024 0.052
0 0.611 0.211 0.025 0.043
0 0.648 0.176 0.02 0.043
0 0.674 0.204 0.024 0.052
0 0.663 0.258 0.025 0.053
0 0.676 0.336 0.037 0.07
0 0.68 0.152 0.018 0.042
0 0.694 0.181 0.021 0.043
0 0.711 0.142 0.019 0.038
0 0.732 0.125 0.015 0.037
0 0.739 0.18 0.02 0.043
0 0.698 0.228 0.022 0.05
0 0.721 0.284 0.029 0.052
0 0.748 0.229 0.023 0.052
0 0.788 0.277 0.027 0.062
0 0.739 0.153 0.017 0.033
0 0.745 0.128 0.014 0.03
0 0.75 0.109 0.018 0.028
0 0.763 0.161 0.016 0.037
0 0.798 0.174 0.021 0.045
0 0.782 0.131 0.014 0.03
0 0.822 0.228 0.022 0.053
0 0.782 0.113 0.011 0.02
0 0.799 0.139 0.014 0.028
0 0.81 0.126 0.012 0.027
0 0.819 0.168 0.016 0.037
0 0.833 0.127 0.018 0.032
0 0.851 0.195 0.019 0.047
0 0.875 0.219 0.021 0.052
0 0.874 0.175 0.017 0.033
0 0.859 0.161 0.012 0.035
0 0.866 0.128 0.015 0.03
0 0.902 0.131 0.012 0.032
0 0.892 0.2 0.014 0.043
0 0.926 0.29 0.026 0.057
0 0.93 0.201 0.016 0.047
0 0.925 0.181 0.013 0.028
0 0.93 0.155 0.014 0.033
0 0.897 0.174 0.018 0.035
