0 0.166 0.474 0.05 0.079
0 0.294 0.267 0.023 0.043
0 0.308 0.235 0.018 0.038
0 0.34 0.256 0.02 0.038
0 0.333 0.227 0.016 0.034
0 0.366 0.254 0.021 0.042
0 0.377 0.229 0.016 0.035
0 0.364 0.217 0.016 0.036
0 0.397 0.281 0.026 0.05
0 0.405 0.225 0.019 0.035
0 0.423 0.188 0.015 0.034
0 0.451 0.212 0.021 0.036
0 0.435 0.187 0.02 0.041
0 0.451 0.18 0.016 0.032
0 0.452 0.153 0.016 0.028
0 0.475 0.169 0.015 0.032
0 0.465 0.157 0.012 0.028
0 0.481 0.142 0.014 0.032
0 0.491 0.188 0.023 0.045
0 0.504 0.22 0.02 0.048
0 0.526 0.163 0.018 0.036
0 0.519 0.142 0.015 0.025
0 0.513 0.127 0.013 0.021
0 0.539 0.18 0.016 0.039
0 0.548 0.135 0.016 0.034
0 0.561 0.139 0.016 0.028
0 0.582 0.161 0.018 0.036
0 0.567 0.107 0.013 0.029
0 0.596 0.127 0.012 0.027
0 0.615 0.151 0.018 0.035
0 0.612 0.124 0.014 0.029
0 0.586 0.116 0.01 0.024
0 0.621 0.097 0.01 0.022
0 0.64 0.098 0.013 0.025
0 0.649 0.137 0.019 0.036
0 0.67 0.13 0.013 0.029
0 0.676 0.1 0.012 0.029
0 0.691 0.11 0.014 0.029
0 0.688 0.156 0.017 0.034
0 0.686 0.192 0.02 0.036
0 0.665 0.216 0.023 0.048
0 0.539 0.292 0.031 0.07
0 0.565 0.236 0.026 0.049
0 0.607 0.243 0.025 0.06
0 0.629 0.198 0.022 0.048
0 0.674 0.262 0.023 0.053
0 0.618 0.33 0.032 0.07
0 0.825 0.386 0.041 0.086
0 0.888 0.441 0.043 0.083
0 0.712 0.224 0.022 0.056
0 0.757 0.243 0.025 0.059
0 0.728 0.186 0.018 0.038
0 0.729 0.133 0.016 0.035
0 0.746 0.14 0.017 0.034
0 0.751 0.112 0.015 0.028
0 0.76 0.177 0.016 0.038
0 0.781 0.151 0.016 0.036
0 0.798 0.109 0.015 0.025
0 0.814 0.122 0.012 0.034
0 0.829 0.153 0.013 0.036
0 0.838 0.136 0.011 0.034
0 0.844 0.121 0.012 0.025
0 0.849 0.181 0.015 0.036
0 0.833 0.215 0.016 0.039
0 0.824 0.252 0.018 0.045
0 0.784 0.208 0.02 0.039
0 0.843 0.238 0.019 0.036
0 0.849 0.288 0.027 0.067
0 0.868 0.269 0.021 0.059
0 0.779 0.309 0.032 0.065
0 0.928 0.326 0.032 0.066
0 0.919 0.266 0.025 0.063
0 0.926 0.234 0.022 0.046
0 0.943 0.208 0.019 0.039
0 0.897 0.187 0.017 0.034
0 0.881 0.229 0.019 0.052
0 0.874 0.189 0.014 0.031
0 0.869 0.155 0.014 0.035
0 0.881 0.14 0.015 0.034
0 0.905 0.154 0.016 0.038
0 0.918 0.138 0.016 0.032
0 0.936 0.156 0.015 0.038
0 0.806 0.183 0.022 0.038
