0 0.164 0.48 0.036 0.058
0 0.254 0.268 0.014 0.028
0 0.274 0.275 0.017 0.028
0 0.296 0.262 0.014 0.033
0 0.31 0.277 0.017 0.033
0 0.326 0.29 0.015 0.033
0 0.363 0.281 0.018 0.035
0 0.349 0.262 0.019 0.03
0 0.329 0.234 0.016 0.03
0 0.313 0.227 0.013 0.033
0 0.359 0.23 0.014 0.035
0 0.395 0.292 0.021 0.043
0 0.389 0.225 0.013 0.025
0 0.389 0.19 0.015 0.037
0 0.447 0.23 0.017 0.037
0 0.425 0.195 0.017 0.033
0 0.445 0.174 0.011 0.025
0 0.464 0.151 0.01 0.022
0 0.48 0.161 0.015 0.032
0 0.488 0.194 0.014 0.032
0 0.468 0.225 0.019 0.032
0 0.528 0.203 0.018 0.038
0 0.507 0.196 0.018 0.035
0 0.486 0.14 0.013 0.023
0 0.54 0.177 0.014 0.03
0 0.566 0.176 0.015 0.032
0 0.561 0.145 0.013 0.027
0 0.569 0.123 0.012 0.022
0 0.595 0.144 0.012 0.028
0 0.621 0.147 0.012 0.027
0 0.612 0.13 0.01 0.023
0 0.618 0.119 0.01 0.02
0 0.599 0.124 0.011 0.023
0 0.64 0.137 0.011 0.03
0 0.676 0.124 0.014 0.025
0 0.553 0.249 0.021 0.05
0 0.512 0.3 0.022 0.048
0 0.587 0.3 0.026 0.052
0 0.616 0.311 0.026 0.058
0 0.608 0.255 0.022 0.047
0 0.633 0.197 0.018 0.037
0 0.67 0.219 0.019 0.04
0 0.686 0.153 0.012 0.025
0 0.712 0.153 0.011 0.028
0 0.704 0.225 0.02 0.048
0 0.677 0.272 0.021 0.057
0 0.719 0.279 0.024 0.047
0 0.732 0.205 0.018 0.03
0 0.729 0.164 0.016 0.035
0 0.756 0.142 0.014 0.033
0 0.765 0.127 0.013 0.027
0 0.753 0.114 0.014 0.03
0 0.772 0.166 0.014 0.028
0 0.776 0.208 0.014 0.038
0 0.758 0.234 0.021 0.043
0 0.768 0.306 0.026 0.06
0 0.84 0.331 0.026 0.06
0 0.85 0.243 0.019 0.052
0 0.911 0.254 0.021 0.053
0 0.918 0.241 0.015 0.052
0 0.886 0.198 0.014 0.035
0 0.892 0.163 0.016 0.038
0 0.853 0.157 0.012 0.033
0 0.803 0.17 0.015 0.033
0 0.79 0.162 0.01 0.027
0 0.835 0.153 0.015 0.035
0 0.845 0.188 0.012 0.028
0 0.84 0.229 0.016 0.04
