0 0.174 0.394 0.054 0.089
0 0.318 0.235 0.018 0.041
0 0.324 0.21 0.02 0.034
0 0.349 0.204 0.02 0.039
0 0.415 0.196 0.019 0.041
0 0.441 0.212 0.021 0.037
0 0.419 0.162 0.014 0.034
0 0.431 0.175 0.016 0.03
0 0.455 0.176 0.019 0.035
0 0.465 0.151 0.014 0.028
0 0.476 0.129 0.013 0.028
0 0.494 0.145 0.012 0.027
0 0.497 0.158 0.015 0.032
0 0.489 0.215 0.02 0.043
0 0.482 0.19 0.02 0.032
0 0.529 0.271 0.023 0.05
0 0.507 0.14 0.012 0.025
0 0.517 0.141 0.014 0.034
0 0.517 0.114 0.013 0.03
0 0.538 0.125 0.011 0.023
0 0.551 0.127 0.014 0.03
0 0.54 0.152 0.013 0.034
0 0.557 0.167 0.015 0.035
0 0.548 0.191 0.018 0.037
0 0.578 0.14 0.016 0.032
0 0.593 0.11 0.013 0.025
0 0.625 0.099 0.012 0.025
0 0.621 0.119 0.014 0.028
0 0.605 0.146 0.014 0.037
0 0.593 0.172 0.019 0.032
0 0.597 0.238 0.019 0.041
0 0.579 0.291 0.026 0.053
0 0.606 0.304 0.033 0.076
0 0.645 0.198 0.019 0.044
0 0.644 0.101 0.012 0.025
0 0.645 0.131 0.015 0.035
0 0.644 0.145 0.016 0.028
0 0.664 0.106 0.012 0.032
0 0.681 0.142 0.014 0.028
0 0.69 0.124 0.01 0.028
0 0.706 0.121 0.014 0.034
0 0.715 0.17 0.015 0.032
0 0.68 0.175 0.016 0.037
0 0.674 0.215 0.016 0.037
0 0.686 0.262 0.022 0.043
0 0.721 0.229 0.023 0.046
0 0.714 0.199 0.018 0.035
0 0.706 0.319 0.029 0.064
0 0.76 0.125 0.015 0.03
0 0.77 0.129 0.013 0.032
0 0.765 0.151 0.013 0.035
0 0.752 0.176 0.016 0.041
0 0.784 0.184 0.017 0.041
0 0.743 0.387 0.031 0.067
0 0.793 0.135 0.017 0.028
0 0.804 0.165 0.014 0.028
0 0.798 0.202 0.014 0.043
0 0.816 0.192 0.014 0.034
0 0.83 0.175 0.013 0.034
0 0.847 0.149 0.016 0.032
0 0.861 0.187 0.015 0.037
0 0.847 0.209 0.017 0.046
0 0.814 0.27 0.02 0.053
0 0.78 0.296 0.024 0.064
0 0.835 0.357 0.026 0.066
0 0.856 0.31 0.021 0.057
0 0.883 0.226 0.016 0.044
0 0.874 0.188 0.013 0.028
0 0.888 0.15 0.013 0.03
0 0.886 0.167 0.016 0.032
0 0.893 0.203 0.017 0.044
0 0.895 0.187 0.015 0.034
0 0.917 0.172 0.012 0.032
0 0.924 0.176 0.015 0.043
0 0.95 0.173 0.016 0.034
0 0.94 0.199 0.014 0.035
0 0.944 0.236 0.017 0.043
0 0.924 0.238 0.018 0.041
0 0.933 0.287 0.022 0.06
0 0.88 0.285 0.02 0.055
0 0.925 0.374 0.025 0.067
0 0.902 0.421 0.031 0.076
