0 0.15 0.273 0.019 0.042
0 0.208 0.479 0.042 0.077
0 0.341 0.229 0.018 0.033
0 0.378 0.238 0.023 0.04
0 0.406 0.233 0.02 0.042
0 0.412 0.2 0.022 0.038
0 0.446 0.223 0.02 0.042
0 0.498 0.192 0.025 0.045
0 0.572 0.253 0.027 0.054
0 0.663 0.226 0.019 0.045
0 0.716 0.233 0.026 0.05
0 0.709 0.118 0.018 0.043
0 0.6 0.107 0.011 0.025
0 0.767 0.116 0.018 0.036
0 0.789 0.292 0.026 0.052
0 0.827 0.378 0.033 0.07
0 0.906 0.393 0.03 0.077
0 0.918 0.341 0.026 0.063
0 0.891 0.311 0.026 0.064
0 0.931 0.235 0.024 0.049
0 0.917 0.297 0.026 0.061
0 0.882 0.226 0.021 0.045
0 0.838 0.197 0.018 0.045
0 0.863 0.16 0.014 0.026
0 0.902 0.183 0.016 0.033
