0 0.028 0.348 0.014 0.032
0 0.178 0.479 0.035 0.07
0 0.269 0.251 0.015 0.032
0 0.29 0.245 0.016 0.034
0 0.31 0.254 0.018 0.041
0 0.383 0.265 0.018 0.034
0 0.389 0.223 0.019 0.034
0 0.383 0.178 0.014 0.032
0 0.392 0.193 0.015 0.027
0 0.414 0.131 0.015 0.034
0 0.423 0.176 0.018 0.032
0 0.444 0.225 0.016 0.036
0 0.465 0.218 0.018 0.034
0 0.448 0.149 0.012 0.027
0 0.495 0.186 0.019 0.032
0 0.515 0.208 0.019 0.036
0 0.518 0.17 0.018 0.034
0 0.541 0.163 0.018 0.029
0 0.516 0.14 0.015 0.027
0 0.491 0.091 0.016 0.027
0 0.524 0.081 0.014 0.032
0 0.56 0.073 0.016 0.024
0 0.571 0.13 0.015 0.027
0 0.592 0.135 0.016 0.027
0 0.612 0.146 0.012 0.024
0 0.631 0.058 0.014 0.024
0 0.551 0.254 0.022 0.041
0 0.495 0.312 0.024 0.051
0 0.538 0.32 0.022 0.049
0 0.619 0.296 0.023 0.049
0 0.687 0.296 0.027 0.058
0 0.732 0.314 0.031 0.066
0 0.816 0.413 0.033 0.068
0 0.774 0.277 0.026 0.058
0 0.814 0.286 0.024 0.053
0 0.726 0.249 0.022 0.051
0 0.753 0.221 0.019 0.044
0 0.771 0.217 0.016 0.032
0 0.7 0.22 0.02 0.032
0 0.662 0.218 0.015 0.029
0 0.62 0.209 0.018 0.034
0 0.643 0.165 0.018 0.034
0 0.651 0.133 0.015 0.029
0 0.665 0.1 0.015 0.024
0 0.694 0.1 0.016 0.029
0 0.733 0.184 0.022 0.044
0 0.774 0.177 0.019 0.039
0 0.736 0.143 0.018 0.034
0 0.747 0.118 0.014 0.027
0 0.762 0.119 0.011 0.024
0 0.772 0.137 0.02 0.041
0 0.795 0.096 0.019 0.036
0 0.818 0.1 0.016 0.039
0 0.834 0.117 0.012 0.019
0 0.849 0.155 0.018 0.039
0 0.828 0.189 0.019 0.044
0 0.859 0.074 0.016 0.032
0 0.89 0.108 0.014 0.032
0 0.902 0.199 0.023 0.053
0 0.879 0.209 0.018 0.044
0 0.866 0.258 0.019 0.046
0 0.887 0.375 0.034 0.075
0 0.913 0.218 0.016 0.039
0 0.94 0.104 0.014 0.029
0 0.696 0.148 0.018 0.034
