0 0.103 0.375 0.036 0.082
0 0.325 0.192 0.014 0.027
0 0.394 0.161 0.014 0.033
0 0.391 0.236 0.017 0.043
0 0.415 0.256 0.021 0.043
0 0.432 0.146 0.012 0.025
0 0.474 0.223 0.022 0.038
0 0.476 0.13 0.011 0.017
0 0.497 0.126 0.011 0.022
0 0.514 0.188 0.012 0.035
0 0.521 0.162 0.011 0.023
0 0.563 0.255 0.021 0.045
0 0.657 0.138 0.014 0.028
0 0.682 0.119 0.012 0.03
0 0.703 0.116 0.012 0.028
0 0.612 0.242 0.021 0.05
0 0.616 0.301 0.025 0.06
0 0.622 0.204 0.018 0.037
0 0.656 0.19 0.017 0.038
0 0.706 0.157 0.018 0.037
0 0.714 0.182 0.016 0.037
0 0.676 0.337 0.033 0.072
0 0.715 0.294 0.021 0.057
0 0.749 0.198 0.015 0.035
0 0.752 0.248 0.018 0.055
0 0.739 0.169 0.018 0.037
0 0.75 0.139 0.014 0.027
0 0.766 0.155 0.016 0.035
0 0.78 0.132 0.015 0.037
0 0.783 0.179 0.011 0.033
0 0.785 0.221 0.015 0.037
0 0.799 0.164 0.014 0.033
0 0.828 0.184 0.014 0.033
0 0.836 0.146 0.013 0.032
0 0.842 0.259 0.02 0.04
0 0.833 0.242 0.016 0.038
0 0.863 0.181 0.014 0.033
0 0.873 0.285 0.019 0.048
0 0.859 0.337 0.022 0.055
0 0.922 0.313 0.02 0.04
0 0.944 0.238 0.013 0.032
0 0.933 0.166 0.009 0.023
0 0.903 0.183 0.013 0.032
0 0.894 0.213 0.015 0.035
0 0.885 0.249 0.016 0.037
0 0.926 0.191 0.013 0.032
0 0.936 0.189 0.013 0.037
0 0.723 0.158 0.014 0.035
0 0.596 0.105 0.011 0.023
0 0.62 0.105 0.009 0.022
0 0.655 0.103 0.009 0.025
0 0.624 0.125 0.009 0.022
0 0.608 0.15 0.011 0.028
0 0.578 0.144 0.011 0.033
0 0.58 0.172 0.015 0.033
0 0.547 0.166 0.012 0.033
0 0.548 0.145 0.013 0.027
0 0.549 0.121 0.01 0.022
0 0.553 0.19 0.018 0.042
0 0.466 0.169 0.015 0.037
0 0.471 0.182 0.015 0.03
0 0.485 0.16 0.013 0.032
0 0.449 0.2 0.015 0.038
0 0.43 0.176 0.014 0.033
0 0.376 0.195 0.016 0.028
0 0.394 0.206 0.017 0.037
0 0.42 0.21 0.015 0.035
0 0.46 0.148 0.01 0.025
