0 0.178 0.489 0.046 0.08
0 0.264 0.244 0.016 0.033
0 0.303 0.251 0.015 0.032
0 0.317 0.262 0.02 0.04
0 0.322 0.236 0.017 0.032
0 0.328 0.212 0.016 0.03
0 0.361 0.223 0.019 0.038
0 0.357 0.206 0.014 0.028
0 0.353 0.262 0.022 0.047
0 0.397 0.258 0.021 0.048
0 0.403 0.213 0.016 0.035
0 0.388 0.186 0.016 0.032
0 0.381 0.18 0.01 0.027
0 0.432 0.25 0.023 0.047
0 0.42 0.184 0.018 0.037
0 0.459 0.18 0.019 0.037
0 0.48 0.225 0.021 0.043
0 0.495 0.196 0.023 0.038
0 0.482 0.159 0.018 0.035
0 0.469 0.141 0.015 0.025
0 0.492 0.131 0.013 0.025
0 0.504 0.148 0.019 0.038
0 0.53 0.156 0.019 0.032
0 0.535 0.192 0.022 0.04
0 0.557 0.158 0.017 0.038
0 0.57 0.144 0.017 0.03
0 0.569 0.119 0.014 0.03
0 0.587 0.162 0.017 0.033
0 0.596 0.138 0.013 0.028
0 0.591 0.117 0.01 0.02
0 0.617 0.14 0.017 0.03
0 0.613 0.12 0.014 0.027
0 0.647 0.109 0.017 0.032
0 0.635 0.129 0.016 0.033
0 0.671 0.131 0.011 0.032
0 0.524 0.299 0.031 0.067
0 0.562 0.243 0.023 0.055
0 0.573 0.285 0.031 0.067
0 0.636 0.254 0.029 0.06
0 0.635 0.301 0.027 0.06
0 0.635 0.199 0.024 0.047
0 0.662 0.175 0.02 0.043
0 0.667 0.2 0.019 0.047
0 0.681 0.244 0.029 0.063
0 0.7 0.215 0.023 0.058
0 0.702 0.183 0.023 0.042
0 0.691 0.139 0.017 0.04
0 0.705 0.138 0.016 0.038
0 0.725 0.164 0.019 0.04
0 0.745 0.188 0.016 0.045
0 0.75 0.136 0.016 0.042
0 0.739 0.119 0.017 0.035
0 0.768 0.132 0.017 0.037
0 0.772 0.156 0.02 0.038
0 0.781 0.183 0.022 0.048
0 0.784 0.225 0.023 0.05
0 0.773 0.259 0.028 0.057
0 0.708 0.276 0.031 0.062
0 0.846 0.301 0.028 0.06
0 0.795 0.14 0.017 0.037
0 0.806 0.16 0.017 0.033
0 0.828 0.195 0.02 0.047
0 0.851 0.228 0.025 0.055
0 0.846 0.169 0.019 0.037
0 0.842 0.131 0.016 0.035
0 0.858 0.151 0.016 0.042
0 0.885 0.175 0.013 0.04
0 0.896 0.2 0.018 0.047
0 0.921 0.233 0.022 0.052
0 0.933 0.257 0.023 0.053
0 0.905 0.192 0.013 0.027
0 0.896 0.16 0.012 0.037
