0 0.064 0.562 0.049 0.112
0 0.177 0.295 0.021 0.042
0 0.207 0.28 0.023 0.061
0 0.233 0.248 0.018 0.052
0 0.283 0.234 0.021 0.052
0 0.292 0.202 0.02 0.047
0 0.313 0.219 0.019 0.058
0 0.33 0.203 0.016 0.047
0 0.354 0.253 0.02 0.059
0 0.381 0.235 0.018 0.047
0 0.348 0.188 0.016 0.044
0 0.374 0.181 0.019 0.047
0 0.415 0.182 0.017 0.037
0 0.411 0.153 0.016 0.033
0 0.416 0.314 0.025 0.063
0 0.456 0.245 0.022 0.054
0 0.437 0.158 0.017 0.04
0 0.463 0.162 0.019 0.045
0 0.479 0.194 0.015 0.038
0 0.514 0.216 0.017 0.045
0 0.481 0.143 0.016 0.035
0 0.503 0.161 0.017 0.045
0 0.514 0.152 0.014 0.042
0 0.539 0.124 0.015 0.038
0 0.545 0.151 0.019 0.037
0 0.567 0.122 0.016 0.038
0 0.583 0.111 0.017 0.04
0 0.569 0.164 0.018 0.042
0 0.561 0.198 0.021 0.047
0 0.591 0.182 0.018 0.047
0 0.595 0.14 0.014 0.037
0 0.611 0.188 0.019 0.044
0 0.618 0.116 0.016 0.044
0 0.637 0.137 0.016 0.04
0 0.647 0.117 0.017 0.049
0 0.646 0.174 0.015 0.037
0 0.678 0.15 0.015 0.038
0 0.685 0.123 0.017 0.037
0 0.702 0.148 0.017 0.045
0 0.545 0.338 0.026 0.075
0 0.582 0.39 0.025 0.068
0 0.607 0.286 0.03 0.066
0 0.651 0.26 0.025 0.063
0 0.649 0.398 0.028 0.063
0 0.718 0.394 0.028 0.068
0 0.787 0.447 0.031 0.084
0 0.72 0.257 0.022 0.058
0 0.744 0.285 0.023 0.054
0 0.732 0.219 0.02 0.051
0 0.7 0.202 0.016 0.038
0 0.757 0.189 0.012 0.033
0 0.77 0.192 0.021 0.066
0 0.804 0.181 0.017 0.047
0 0.814 0.215 0.018 0.042
0 0.823 0.204 0.016 0.059
0 0.784 0.253 0.02 0.049
0 0.808 0.289 0.021 0.061
0 0.853 0.335 0.021 0.052
0 0.864 0.305 0.021 0.066
0 0.886 0.275 0.016 0.051
0 0.862 0.22 0.016 0.042
0 0.896 0.251 0.014 0.045
0 0.902 0.225 0.014 0.042
0 0.925 0.329 0.02 0.054
0 0.928 0.264 0.012 0.042
0 0.944 0.231 0.014 0.04
0 0.882 0.42 0.024 0.082
0 0.862 0.493 0.034 0.079
0 0.955 0.469 0.023 0.084
0 0.96 0.365 0.02 0.049
0 0.972 0.363 0.017 0.056
0 0.966 0.313 0.016 0.051
0 0.974 0.299 0.013 0.033
0 0.979 0.249 0.015 0.04
