0 0.078 0.565 0.052 0.113
0 0.204 0.27 0.021 0.039
0 0.213 0.295 0.021 0.042
0 0.261 0.242 0.018 0.04
0 0.277 0.25 0.018 0.049
0 0.292 0.221 0.021 0.047
0 0.321 0.237 0.02 0.056
0 0.333 0.221 0.018 0.051
0 0.35 0.205 0.018 0.04
0 0.353 0.273 0.022 0.054
0 0.383 0.258 0.018 0.044
0 0.375 0.199 0.016 0.04
0 0.417 0.199 0.016 0.039
0 0.427 0.304 0.023 0.052
0 0.459 0.256 0.021 0.044
0 0.429 0.172 0.017 0.04
0 0.442 0.168 0.015 0.024
0 0.468 0.179 0.021 0.042
0 0.479 0.159 0.016 0.039
0 0.486 0.21 0.02 0.037
0 0.508 0.178 0.017 0.039
0 0.517 0.167 0.016 0.037
0 0.538 0.234 0.02 0.047
0 0.557 0.215 0.016 0.042
0 0.555 0.165 0.019 0.044
0 0.544 0.143 0.016 0.034
0 0.572 0.141 0.015 0.035
0 0.588 0.131 0.015 0.037
0 0.576 0.179 0.019 0.042
0 0.596 0.16 0.015 0.03
0 0.604 0.183 0.014 0.035
0 0.614 0.204 0.017 0.047
0 0.605 0.301 0.025 0.057
0 0.568 0.343 0.025 0.051
0 0.597 0.385 0.028 0.066
0 0.623 0.137 0.014 0.039
0 0.645 0.151 0.016 0.035
0 0.65 0.188 0.016 0.039
0 0.66 0.136 0.014 0.034
0 0.686 0.146 0.014 0.032
0 0.68 0.164 0.015 0.042
0 0.707 0.159 0.015 0.035
0 0.692 0.221 0.018 0.044
0 0.657 0.26 0.026 0.056
0 0.721 0.267 0.023 0.042
0 0.735 0.236 0.02 0.04
0 0.739 0.201 0.017 0.039
0 0.767 0.191 0.018 0.042
0 0.775 0.21 0.017 0.045
0 0.656 0.405 0.032 0.056
0 0.72 0.415 0.035 0.066
0 0.748 0.29 0.025 0.047
0 0.806 0.198 0.019 0.035
0 0.817 0.232 0.018 0.04
0 0.791 0.264 0.021 0.054
0 0.812 0.305 0.019 0.057
0 0.795 0.441 0.03 0.077
0 0.867 0.489 0.03 0.079
0 0.857 0.379 0.024 0.061
0 0.839 0.224 0.017 0.04
0 0.867 0.24 0.017 0.035
0 0.877 0.23 0.016 0.039
0 0.899 0.262 0.015 0.042
0 0.906 0.241 0.014 0.034
0 0.867 0.318 0.02 0.051
0 0.887 0.301 0.016 0.042
0 0.926 0.337 0.016 0.051
0 0.889 0.397 0.024 0.054
0 0.946 0.391 0.021 0.057
0 0.96 0.448 0.025 0.077
0 0.974 0.374 0.019 0.047
0 0.974 0.344 0.016 0.045
0 0.975 0.316 0.016 0.04
0 0.929 0.277 0.015 0.042
0 0.954 0.257 0.013 0.042
0 0.987 0.263 0.013 0.039
