0 0.056 0.454 0.036 0.078
0 0.231 0.337 0.016 0.038
0 0.253 0.365 0.017 0.046
0 0.291 0.359 0.02 0.043
0 0.287 0.301 0.015 0.039
0 0.329 0.352 0.023 0.046
0 0.347 0.328 0.019 0.034
0 0.349 0.292 0.017 0.038
0 0.376 0.331 0.019 0.039
0 0.382 0.268 0.017 0.031
0 0.404 0.296 0.014 0.035
0 0.401 0.268 0.013 0.032
0 0.403 0.338 0.022 0.041
0 0.425 0.304 0.017 0.036
0 0.441 0.34 0.02 0.039
0 0.465 0.307 0.017 0.036
0 0.423 0.239 0.013 0.029
0 0.437 0.261 0.013 0.032
0 0.462 0.236 0.013 0.029
0 0.466 0.265 0.015 0.036
0 0.498 0.265 0.01 0.028
0 0.51 0.273 0.017 0.036
0 0.492 0.314 0.015 0.034
0 0.455 0.408 0.027 0.056
0 0.516 0.252 0.014 0.036
0 0.535 0.246 0.013 0.029
0 0.546 0.227 0.012 0.028
0 0.559 0.221 0.013 0.028
0 0.561 0.244 0.011 0.027
0 0.567 0.256 0.014 0.036
0 0.551 0.276 0.016 0.034
0 0.584 0.249 0.014 0.029
0 0.588 0.223 0.013 0.028
0 0.598 0.208 0.013 0.029
0 0.611 0.218 0.011 0.032
0 0.625 0.228 0.014 0.035
0 0.63 0.246 0.016 0.035
0 0.646 0.22 0.011 0.028
0 0.658 0.228 0.013 0.032
0 0.676 0.222 0.014 0.032
0 0.684 0.246 0.013 0.034
0 0.658 0.264 0.018 0.035
0 0.674 0.302 0.018 0.038
0 0.621 0.305 0.018 0.036
0 0.629 0.344 0.018 0.043
0 0.642 0.363 0.025 0.053
0 0.674 0.351 0.021 0.049
0 0.703 0.41 0.024 0.056
0 0.584 0.337 0.024 0.043
0 0.583 0.391 0.024 0.057
0 0.586 0.427 0.028 0.067
0 0.624 0.46 0.034 0.066
0 0.694 0.473 0.044 0.066
0 0.754 0.44 0.031 0.06
0 0.825 0.438 0.029 0.056
0 0.807 0.494 0.035 0.063
0 0.715 0.254 0.017 0.038
0 0.721 0.246 0.013 0.032
0 0.739 0.226 0.013 0.032
0 0.707 0.284 0.017 0.032
0 0.762 0.242 0.013 0.028
0 0.774 0.245 0.016 0.036
0 0.762 0.287 0.018 0.039
0 0.8 0.269 0.017 0.034
0 0.82 0.254 0.014 0.032
0 0.828 0.28 0.015 0.034
0 0.833 0.268 0.013 0.032
0 0.851 0.256 0.012 0.031
0 0.87 0.277 0.015 0.035
0 0.893 0.31 0.015 0.035
0 0.907 0.303 0.014 0.034
0 0.912 0.282 0.013 0.034
0 0.798 0.305 0.02 0.042
0 0.817 0.312 0.02 0.041
0 0.856 0.309 0.017 0.041
0 0.883 0.324 0.018 0.036
0 0.914 0.356 0.019 0.043
0 0.852 0.354 0.022 0.049
0 0.816 0.335 0.022 0.043
0 0.837 0.368 0.024 0.055
0 0.79 0.357 0.025 0.045
0 0.886 0.461 0.026 0.067
0 0.532 0.398 0.028 0.049
0 0.524 0.35 0.024 0.042
