0 0.215 0.341 0.016 0.033
0 0.24 0.377 0.02 0.043
0 0.279 0.369 0.02 0.043
0 0.272 0.307 0.016 0.032
0 0.317 0.364 0.021 0.039
0 0.302 0.336 0.019 0.038
0 0.34 0.295 0.017 0.033
0 0.341 0.335 0.016 0.035
0 0.367 0.328 0.016 0.035
0 0.394 0.344 0.021 0.042
0 0.389 0.304 0.016 0.035
0 0.373 0.265 0.015 0.03
0 0.39 0.271 0.015 0.032
0 0.42 0.308 0.019 0.036
0 0.413 0.251 0.016 0.032
0 0.433 0.263 0.015 0.033
0 0.452 0.24 0.016 0.03
0 0.457 0.272 0.015 0.03
0 0.458 0.307 0.017 0.029
0 0.483 0.325 0.018 0.038
0 0.436 0.332 0.02 0.043
0 0.517 0.356 0.024 0.053
0 0.447 0.414 0.029 0.058
0 0.487 0.265 0.016 0.033
0 0.503 0.278 0.017 0.039
0 0.534 0.286 0.017 0.036
0 0.53 0.25 0.016 0.032
0 0.542 0.227 0.011 0.026
0 0.558 0.222 0.011 0.022
0 0.557 0.243 0.014 0.027
0 0.564 0.266 0.015 0.035
0 0.581 0.248 0.016 0.029
0 0.584 0.224 0.013 0.03
0 0.594 0.21 0.015 0.03
0 0.61 0.222 0.015 0.036
0 0.619 0.246 0.015 0.027
0 0.623 0.227 0.016 0.029
0 0.642 0.212 0.016 0.029
0 0.644 0.241 0.015 0.029
0 0.66 0.269 0.018 0.036
0 0.661 0.241 0.016 0.032
0 0.682 0.226 0.014 0.03
0 0.686 0.255 0.016 0.035
0 0.58 0.335 0.021 0.043
0 0.619 0.302 0.02 0.046
0 0.595 0.365 0.025 0.052
0 0.53 0.408 0.034 0.056
0 0.575 0.455 0.035 0.075
0 0.626 0.473 0.036 0.069
0 0.64 0.372 0.028 0.049
0 0.629 0.351 0.016 0.035
0 0.671 0.356 0.021 0.045
0 0.671 0.322 0.023 0.038
0 0.708 0.289 0.016 0.035
0 0.732 0.256 0.012 0.03
0 0.726 0.245 0.014 0.023
0 0.742 0.238 0.015 0.035
0 0.755 0.286 0.017 0.04
0 0.773 0.248 0.016 0.038
0 0.761 0.248 0.012 0.029
0 0.803 0.272 0.015 0.03
0 0.82 0.257 0.013 0.035
0 0.799 0.304 0.017 0.04
0 0.822 0.315 0.017 0.038
0 0.828 0.345 0.021 0.046
0 0.846 0.376 0.02 0.056
0 0.855 0.342 0.019 0.04
0 0.868 0.319 0.017 0.038
0 0.838 0.287 0.015 0.032
0 0.856 0.251 0.013 0.035
0 0.879 0.291 0.017 0.042
0 0.726 0.417 0.027 0.049
0 0.694 0.488 0.039 0.075
0 0.767 0.43 0.027 0.058
0 0.795 0.364 0.018 0.051
0 0.812 0.53 0.038 0.074
0 0.831 0.469 0.027 0.061
0 0.897 0.49 0.028 0.071
0 0.901 0.328 0.016 0.045
0 0.923 0.356 0.018 0.045
0 0.916 0.308 0.013 0.03
0 0.92 0.281 0.015 0.023
