0 0.21 0.359 0.051 0.09
0 0.27 0.234 0.018 0.028
0 0.293 0.174 0.016 0.032
0 0.336 0.155 0.017 0.039
0 0.343 0.231 0.02 0.041
0 0.376 0.118 0.013 0.026
0 0.395 0.123 0.013 0.032
0 0.39 0.228 0.022 0.043
0 0.421 0.258 0.022 0.038
0 0.438 0.174 0.015 0.036
0 0.462 0.11 0.016 0.024
0 0.483 0.163 0.018 0.047
0 0.514 0.116 0.014 0.028
0 0.501 0.129 0.008 0.021
0 0.54 0.172 0.013 0.028
0 0.503 0.155 0.013 0.024
0 0.538 0.139 0.008 0.03
0 0.533 0.119 0.011 0.021
0 0.55 0.122 0.011 0.026
0 0.586 0.117 0.015 0.036
0 0.586 0.247 0.019 0.051
0 0.556 0.194 0.014 0.038
0 0.605 0.102 0.01 0.021
0 0.637 0.102 0.014 0.028
0 0.619 0.129 0.018 0.047
0 0.666 0.107 0.014 0.034
0 0.683 0.091 0.014 0.032
0 0.629 0.247 0.019 0.047
0 0.667 0.176 0.021 0.043
0 0.708 0.119 0.014 0.032
0 0.677 0.263 0.019 0.045
0 0.68 0.215 0.022 0.047
0 0.706 0.177 0.016 0.03
0 0.716 0.209 0.014 0.034
0 0.726 0.241 0.02 0.041
0 0.731 0.273 0.022 0.047
0 0.748 0.114 0.019 0.039
0 0.729 0.141 0.015 0.026
0 0.783 0.154 0.018 0.038
0 0.774 0.247 0.02 0.051
0 0.799 0.289 0.022 0.045
0 0.799 0.163 0.015 0.032
0 0.8 0.126 0.018 0.034
0 0.818 0.138 0.015 0.036
0 0.854 0.107 0.017 0.026
0 0.852 0.152 0.02 0.026
0 0.838 0.18 0.019 0.032
0 0.856 0.191 0.019 0.032
0 0.846 0.222 0.02 0.034
0 0.873 0.179 0.015 0.034
0 0.862 0.294 0.025 0.055
0 0.867 0.246 0.024 0.034
0 0.894 0.218 0.017 0.038
0 0.913 0.164 0.015 0.036
0 0.936 0.167 0.015 0.049
0 0.948 0.165 0.011 0.034
0 0.979 0.149 0.012 0.039
0 0.942 0.219 0.019 0.043
0 0.917 0.273 0.024 0.045
0 0.937 0.277 0.018 0.043
0 0.901 0.321 0.031 0.056
0 0.885 0.151 0.018 0.028
0 0.669 0.115 0.014 0.03
0 0.425 0.222 0.02 0.041
0 0.447 0.146 0.017 0.024
