0 0.184 0.391 0.051 0.1
0 0.266 0.228 0.02 0.037
0 0.337 0.248 0.02 0.045
0 0.408 0.239 0.021 0.043
0 0.438 0.253 0.023 0.043
0 0.429 0.216 0.019 0.039
0 0.392 0.196 0.019 0.039
0 0.371 0.193 0.014 0.033
0 0.381 0.175 0.018 0.037
0 0.409 0.162 0.013 0.029
0 0.435 0.171 0.015 0.035
0 0.44 0.141 0.012 0.024
0 0.466 0.135 0.013 0.024
0 0.482 0.151 0.012 0.027
0 0.474 0.179 0.015 0.029
0 0.467 0.208 0.018 0.043
0 0.498 0.208 0.02 0.047
0 0.523 0.183 0.018 0.041
0 0.536 0.164 0.015 0.033
0 0.558 0.178 0.019 0.035
0 0.51 0.136 0.012 0.033
0 0.498 0.128 0.011 0.022
0 0.524 0.125 0.013 0.024
0 0.537 0.134 0.014 0.025
0 0.547 0.141 0.011 0.02
0 0.568 0.135 0.012 0.024
0 0.576 0.116 0.012 0.024
0 0.601 0.164 0.015 0.033
0 0.599 0.131 0.015 0.027
0 0.601 0.109 0.012 0.029
0 0.642 0.048 0.012 0.029
0 0.618 0.135 0.012 0.035
0 0.624 0.118 0.01 0.027
0 0.631 0.115 0.008 0.022
0 0.634 0.141 0.013 0.027
0 0.66 0.101 0.01 0.025
0 0.664 0.115 0.012 0.025
0 0.679 0.108 0.013 0.027
0 0.69 0.117 0.011 0.029
0 0.735 0.055 0.015 0.035
0 0.566 0.244 0.021 0.045
0 0.627 0.25 0.024 0.057
0 0.638 0.196 0.02 0.043
0 0.662 0.19 0.016 0.035
0 0.671 0.255 0.024 0.051
0 0.717 0.234 0.021 0.049
0 0.742 0.263 0.026 0.059
0 0.763 0.265 0.02 0.047
0 0.699 0.158 0.015 0.033
0 0.713 0.18 0.02 0.039
0 0.731 0.138 0.016 0.029
0 0.736 0.19 0.015 0.031
0 0.749 0.208 0.022 0.043
0 0.787 0.214 0.02 0.043
0 0.789 0.279 0.031 0.061
0 0.844 0.319 0.024 0.069
0 0.865 0.283 0.024 0.057
0 0.909 0.353 0.023 0.067
0 0.932 0.273 0.021 0.059
0 0.919 0.248 0.02 0.053
0 0.93 0.225 0.014 0.037
0 0.942 0.209 0.013 0.033
0 0.929 0.188 0.016 0.039
0 0.951 0.165 0.014 0.035
0 0.902 0.178 0.015 0.035
0 0.911 0.154 0.015 0.033
0 0.874 0.161 0.013 0.031
0 0.865 0.185 0.016 0.037
0 0.886 0.226 0.019 0.037
0 0.839 0.232 0.019 0.045
0 0.846 0.195 0.016 0.037
0 0.842 0.169 0.014 0.035
0 0.836 0.161 0.012 0.031
0 0.846 0.145 0.015 0.035
0 0.819 0.133 0.016 0.035
0 0.788 0.155 0.013 0.035
0 0.791 0.126 0.013 0.029
0 0.78 0.144 0.012 0.025
0 0.759 0.132 0.013 0.029
0 0.745 0.133 0.015 0.031
