0 0.132 0.279 0.016 0.033
0 0.215 0.46 0.043 0.093
0 0.255 0.425 0.041 0.1
0 0.345 0.252 0.02 0.036
0 0.367 0.259 0.017 0.039
0 0.424 0.285 0.02 0.036
0 0.439 0.234 0.019 0.034
0 0.417 0.228 0.02 0.03
0 0.447 0.19 0.015 0.033
0 0.472 0.198 0.018 0.036
0 0.456 0.153 0.011 0.021
0 0.468 0.148 0.013 0.025
0 0.476 0.164 0.011 0.023
0 0.481 0.126 0.01 0.023
0 0.513 0.158 0.016 0.031
0 0.526 0.14 0.015 0.031
0 0.555 0.149 0.013 0.026
0 0.572 0.154 0.014 0.026
0 0.535 0.196 0.018 0.034
0 0.553 0.061 0.012 0.023
0 0.611 0.053 0.011 0.018
0 0.504 0.29 0.027 0.056
0 0.649 0.252 0.023 0.048
0 0.712 0.289 0.028 0.051
0 0.757 0.297 0.028 0.052
0 0.87 0.231 0.018 0.039
0 0.796 0.192 0.014 0.03
0 0.754 0.18 0.017 0.034
0 0.743 0.152 0.016 0.026
0 0.73 0.16 0.015 0.038
0 0.678 0.163 0.016 0.031
0 0.706 0.145 0.014 0.031
0 0.81 0.133 0.014 0.03
