0 0.185 0.478 0.045 0.085
0 0.347 0.262 0.018 0.035
0 0.366 0.262 0.019 0.045
0 0.423 0.218 0.018 0.038
0 0.451 0.236 0.022 0.033
0 0.526 0.184 0.016 0.035
0 0.488 0.193 0.02 0.04
0 0.452 0.187 0.018 0.032
0 0.458 0.15 0.01 0.017
0 0.466 0.16 0.018 0.032
0 0.495 0.096 0.01 0.022
0 0.534 0.074 0.019 0.025
0 0.634 0.086 0.021 0.033
0 0.654 0.106 0.019 0.03
0 0.661 0.084 0.013 0.025
0 0.702 0.081 0.014 0.028
0 0.767 0.104 0.016 0.035
0 0.883 0.208 0.017 0.035
0 0.561 0.282 0.024 0.048
0 0.556 0.232 0.023 0.038
0 0.491 0.306 0.03 0.045
0 0.431 0.272 0.027 0.045
