0 0.081 0.278 0.026 0.052
0 0.293 0.24 0.018 0.033
0 0.286 0.225 0.018 0.04
0 0.336 0.192 0.018 0.04
0 0.358 0.196 0.019 0.038
0 0.36 0.224 0.018 0.038
0 0.384 0.238 0.023 0.045
0 0.34 0.228 0.019 0.036
0 0.384 0.201 0.015 0.038
0 0.399 0.208 0.016 0.035
0 0.39 0.174 0.017 0.035
0 0.409 0.172 0.012 0.035
0 0.428 0.204 0.016 0.036
0 0.412 0.242 0.026 0.043
0 0.451 0.247 0.023 0.05
0 0.451 0.202 0.02 0.04
0 0.471 0.204 0.021 0.043
0 0.432 0.161 0.016 0.03
0 0.455 0.161 0.019 0.038
0 0.491 0.138 0.012 0.026
0 0.494 0.15 0.013 0.026
0 0.502 0.155 0.015 0.026
0 0.507 0.187 0.02 0.036
0 0.531 0.18 0.021 0.036
0 0.518 0.152 0.015 0.03
0 0.51 0.135 0.013 0.026
0 0.529 0.137 0.013 0.021
0 0.557 0.128 0.016 0.024
0 0.562 0.141 0.014 0.026
0 0.576 0.161 0.014 0.031
0 0.566 0.185 0.017 0.043
0 0.544 0.161 0.017 0.036
0 0.585 0.143 0.015 0.033
0 0.601 0.14 0.013 0.03
0 0.614 0.168 0.015 0.036
0 0.616 0.127 0.01 0.024
0 0.622 0.128 0.013 0.026
0 0.634 0.138 0.014 0.033
0 0.649 0.125 0.016 0.035
0 0.672 0.123 0.013 0.024
0 0.666 0.11 0.011 0.019
0 0.692 0.135 0.013 0.033
0 0.695 0.112 0.01 0.026
0 0.704 0.128 0.013 0.026
0 0.717 0.118 0.014 0.031
0 0.677 0.187 0.019 0.036
0 0.664 0.146 0.013 0.024
0 0.651 0.158 0.015 0.031
0 0.602 0.229 0.026 0.049
0 0.632 0.21 0.025 0.049
0 0.649 0.251 0.026 0.054
0 0.702 0.26 0.026 0.052
0 0.692 0.225 0.022 0.05
0 0.713 0.184 0.017 0.042
0 0.727 0.186 0.016 0.038
0 0.748 0.179 0.019 0.038
0 0.709 0.326 0.034 0.078
0 0.76 0.381 0.032 0.068
0 0.806 0.299 0.028 0.062
0 0.78 0.252 0.027 0.062
0 0.744 0.243 0.022 0.052
0 0.766 0.198 0.022 0.042
0 0.745 0.153 0.017 0.031
0 0.772 0.137 0.014 0.031
0 0.793 0.137 0.014 0.028
0 0.8 0.148 0.012 0.026
0 0.805 0.17 0.012 0.028
0 0.81 0.207 0.018 0.04
0 0.829 0.203 0.017 0.038
0 0.854 0.223 0.021 0.043
0 0.84 0.266 0.023 0.059
0 0.87 0.231 0.016 0.038
0 0.844 0.178 0.015 0.036
0 0.813 0.142 0.015 0.031
0 0.837 0.148 0.012 0.031
0 0.85 0.158 0.015 0.035
0 0.869 0.156 0.015 0.035
0 0.888 0.166 0.016 0.04
0 0.881 0.191 0.015 0.038
0 0.902 0.232 0.019 0.04
0 0.91 0.212 0.016 0.042
0 0.916 0.191 0.017 0.031
0 0.926 0.157 0.012 0.04
0 0.963 0.187 0.014 0.043
0 0.951 0.208 0.016 0.042
0 0.957 0.234 0.018 0.042
0 0.937 0.263 0.023 0.05
0 0.927 0.323 0.031 0.062
