0 0.115 0.547 0.044 0.068
0 0.208 0.353 0.015 0.026
0 0.244 0.376 0.02 0.037
0 0.281 0.378 0.018 0.038
0 0.272 0.324 0.018 0.031
0 0.323 0.37 0.021 0.04
0 0.34 0.353 0.016 0.032
0 0.373 0.348 0.015 0.031
0 0.341 0.308 0.014 0.028
0 0.398 0.354 0.019 0.035
0 0.444 0.352 0.019 0.037
0 0.397 0.312 0.015 0.024
0 0.378 0.285 0.013 0.022
0 0.397 0.287 0.012 0.021
0 0.421 0.292 0.011 0.028
0 0.42 0.261 0.014 0.025
0 0.436 0.269 0.013 0.026
0 0.464 0.285 0.015 0.029
0 0.453 0.251 0.013 0.024
0 0.462 0.241 0.012 0.021
0 0.514 0.286 0.017 0.031
0 0.503 0.335 0.017 0.031
0 0.46 0.325 0.015 0.029
0 0.429 0.321 0.016 0.028
0 0.512 0.249 0.015 0.029
0 0.528 0.259 0.012 0.026
0 0.544 0.255 0.014 0.031
0 0.574 0.289 0.013 0.034
0 0.558 0.234 0.014 0.029
0 0.576 0.221 0.013 0.024
0 0.581 0.266 0.012 0.029
0 0.588 0.253 0.01 0.021
0 0.602 0.257 0.012 0.029
0 0.606 0.235 0.012 0.025
0 0.611 0.21 0.013 0.024
0 0.627 0.221 0.014 0.022
0 0.642 0.229 0.011 0.026
0 0.642 0.258 0.015 0.028
0 0.668 0.246 0.014 0.028
0 0.665 0.221 0.009 0.021
0 0.68 0.234 0.012 0.032
0 0.703 0.224 0.01 0.028
0 0.46 0.432 0.029 0.056
0 0.539 0.365 0.026 0.049
0 0.521 0.459 0.028 0.047
0 0.588 0.471 0.033 0.056
0 0.587 0.408 0.027 0.04
0 0.6 0.349 0.019 0.04
0 0.646 0.357 0.018 0.038
0 0.662 0.388 0.024 0.047
0 0.692 0.379 0.021 0.038
0 0.641 0.499 0.03 0.06
0 0.707 0.565 0.03 0.062
0 0.823 0.5 0.027 0.053
0 0.783 0.452 0.026 0.049
0 0.723 0.429 0.032 0.051
0 0.688 0.329 0.021 0.034
0 0.638 0.322 0.02 0.026
0 0.671 0.287 0.018 0.034
0 0.707 0.263 0.015 0.029
0 0.747 0.271 0.015 0.029
0 0.741 0.251 0.014 0.024
0 0.717 0.309 0.021 0.035
0 0.771 0.268 0.013 0.025
0 0.768 0.236 0.015 0.031
0 0.791 0.251 0.013 0.028
0 0.783 0.29 0.015 0.031
0 0.811 0.252 0.014 0.028
0 0.833 0.282 0.015 0.032
0 0.825 0.304 0.014 0.029
0 0.822 0.374 0.02 0.05
0 0.829 0.347 0.019 0.041
0 0.849 0.322 0.016 0.035
0 0.868 0.29 0.015 0.029
0 0.856 0.263 0.012 0.029
0 0.878 0.283 0.011 0.037
0 0.888 0.267 0.011 0.031
0 0.909 0.287 0.014 0.032
0 0.905 0.334 0.014 0.035
0 0.872 0.387 0.021 0.044
0 0.872 0.355 0.02 0.034
0 0.924 0.337 0.018 0.038
0 0.954 0.38 0.017 0.037
0 0.924 0.483 0.019 0.051
0 0.859 0.481 0.031 0.059
0 0.954 0.315 0.014 0.021
0 0.952 0.287 0.011 0.026
