0 0.107 0.296 0.023 0.048
0 0.134 0.302 0.026 0.052
0 0.328 0.224 0.016 0.028
0 0.351 0.223 0.02 0.03
0 0.354 0.258 0.021 0.04
0 0.378 0.237 0.02 0.037
0 0.391 0.286 0.025 0.052
0 0.362 0.307 0.024 0.045
0 0.384 0.186 0.013 0.032
0 0.397 0.185 0.016 0.033
0 0.422 0.188 0.015 0.033
0 0.449 0.184 0.017 0.038
0 0.461 0.201 0.017 0.032
0 0.468 0.233 0.022 0.05
0 0.475 0.197 0.018 0.037
0 0.49 0.153 0.019 0.033
0 0.521 0.173 0.019 0.037
0 0.551 0.159 0.018 0.032
0 0.493 0.299 0.029 0.052
0 0.576 0.132 0.018 0.033
0 0.59 0.161 0.022 0.042
0 0.627 0.199 0.02 0.038
0 0.619 0.251 0.024 0.052
0 0.656 0.273 0.03 0.057
0 0.661 0.207 0.022 0.042
0 0.686 0.223 0.026 0.05
0 0.696 0.163 0.02 0.038
0 0.734 0.203 0.023 0.042
0 0.769 0.168 0.02 0.042
0 0.754 0.243 0.022 0.047
0 0.71 0.279 0.025 0.055
0 0.759 0.312 0.029 0.055
0 0.837 0.326 0.031 0.062
0 0.921 0.233 0.024 0.048
