0 0.136 0.498 0.051 0.092
0 0.224 0.337 0.018 0.033
0 0.258 0.356 0.022 0.045
0 0.287 0.357 0.02 0.04
0 0.283 0.302 0.017 0.036
0 0.326 0.354 0.024 0.051
0 0.347 0.325 0.016 0.032
0 0.352 0.29 0.015 0.038
0 0.378 0.322 0.017 0.035
0 0.403 0.327 0.019 0.033
0 0.398 0.296 0.017 0.033
0 0.435 0.34 0.021 0.04
0 0.39 0.255 0.013 0.028
0 0.402 0.261 0.013 0.032
0 0.425 0.264 0.017 0.031
0 0.43 0.303 0.017 0.028
0 0.457 0.31 0.021 0.042
0 0.497 0.312 0.021 0.035
0 0.483 0.26 0.014 0.031
0 0.445 0.25 0.013 0.033
0 0.46 0.235 0.015 0.028
0 0.498 0.246 0.013 0.028
0 0.514 0.267 0.02 0.033
0 0.523 0.248 0.015 0.036
0 0.511 0.241 0.014 0.025
0 0.547 0.268 0.016 0.033
0 0.539 0.227 0.013 0.028
0 0.563 0.255 0.018 0.033
0 0.561 0.225 0.017 0.024
0 0.582 0.245 0.014 0.032
0 0.589 0.22 0.012 0.025
0 0.596 0.202 0.013 0.026
0 0.61 0.212 0.012 0.026
0 0.624 0.238 0.014 0.028
0 0.634 0.216 0.012 0.024
0 0.641 0.229 0.014 0.031
0 0.657 0.228 0.014 0.031
0 0.49 0.378 0.031 0.053
0 0.532 0.396 0.024 0.054
0 0.562 0.428 0.033 0.067
0 0.574 0.41 0.027 0.047
0 0.545 0.344 0.022 0.045
0 0.583 0.321 0.021 0.049
0 0.617 0.297 0.019 0.038
0 0.632 0.331 0.021 0.042
0 0.65 0.364 0.027 0.049
0 0.671 0.342 0.021 0.045
0 0.662 0.263 0.014 0.033
0 0.688 0.257 0.017 0.032
0 0.701 0.283 0.018 0.032
0 0.714 0.259 0.02 0.029
0 0.721 0.24 0.012 0.026
0 0.728 0.232 0.014 0.024
0 0.734 0.297 0.018 0.04
0 0.755 0.267 0.021 0.036
0 0.758 0.24 0.014 0.032
0 0.79 0.273 0.017 0.032
0 0.778 0.303 0.017 0.043
0 0.793 0.327 0.022 0.047
0 0.778 0.354 0.023 0.049
0 0.769 0.414 0.026 0.054
0 0.719 0.394 0.028 0.05
0 0.693 0.462 0.035 0.079
0 0.618 0.457 0.034 0.063
0 0.768 0.567 0.042 0.074
0 0.818 0.429 0.029 0.06
0 0.88 0.481 0.036 0.068
0 0.835 0.364 0.023 0.056
0 0.822 0.303 0.017 0.036
0 0.826 0.28 0.018 0.031
0 0.811 0.256 0.015 0.031
0 0.826 0.251 0.015 0.035
0 0.841 0.252 0.016 0.032
0 0.861 0.33 0.018 0.04
0 0.849 0.345 0.02 0.045
0 0.891 0.388 0.021 0.047
0 0.904 0.355 0.018 0.046
0 0.899 0.331 0.016 0.036
0 0.902 0.307 0.014 0.031
0 0.908 0.263 0.015 0.031
0 0.871 0.298 0.014 0.035
