0 0.25 0.268 0.024 0.052
0 0.326 0.208 0.021 0.04
0 0.369 0.196 0.016 0.032
0 0.399 0.176 0.016 0.03
0 0.415 0.178 0.017 0.034
0 0.43 0.174 0.016 0.034
0 0.44 0.159 0.013 0.028
0 0.444 0.145 0.011 0.024
0 0.462 0.17 0.014 0.034
0 0.476 0.166 0.012 0.034
0 0.473 0.212 0.02 0.044
0 0.5 0.195 0.017 0.034
0 0.501 0.165 0.017 0.032
0 0.483 0.146 0.01 0.022
0 0.465 0.144 0.013 0.026
0 0.498 0.134 0.012 0.026
0 0.521 0.174 0.014 0.034
0 0.537 0.15 0.013 0.03
0 0.527 0.133 0.011 0.028
0 0.547 0.19 0.017 0.032
0 0.535 0.221 0.02 0.042
0 0.578 0.188 0.02 0.036
0 0.56 0.161 0.017 0.032
0 0.571 0.137 0.013 0.032
0 0.581 0.127 0.013 0.032
0 0.601 0.147 0.016 0.028
0 0.62 0.18 0.016 0.03
0 0.622 0.158 0.011 0.022
0 0.621 0.113 0.012 0.024
0 0.656 0.139 0.014 0.028
0 0.662 0.118 0.01 0.022
0 0.678 0.121 0.012 0.024
0 0.705 0.126 0.009 0.022
0 0.587 0.244 0.023 0.048
0 0.633 0.204 0.018 0.052
0 0.659 0.196 0.02 0.036
0 0.666 0.228 0.024 0.052
0 0.71 0.235 0.022 0.054
0 0.697 0.178 0.017 0.038
0 0.717 0.184 0.018 0.038
0 0.723 0.151 0.016 0.032
0 0.74 0.155 0.013 0.024
0 0.742 0.181 0.017 0.036
0 0.761 0.144 0.011 0.03
0 0.77 0.18 0.016 0.034
0 0.778 0.159 0.012 0.028
0 0.788 0.182 0.014 0.034
0 0.8 0.209 0.016 0.038
0 0.799 0.146 0.011 0.03
0 0.809 0.165 0.016 0.028
0 0.824 0.14 0.013 0.03
0 0.83 0.176 0.012 0.03
0 0.825 0.202 0.014 0.036
0 0.856 0.212 0.017 0.036
0 0.855 0.156 0.013 0.034
0 0.887 0.159 0.016 0.032
0 0.909 0.18 0.011 0.03
0 0.898 0.245 0.019 0.05
0 0.881 0.278 0.022 0.04
0 0.927 0.266 0.018 0.052
0 0.938 0.235 0.017 0.038
0 0.938 0.206 0.012 0.024
0 0.94 0.175 0.014 0.028
