0 0.217 0.358 0.045 0.099
0 0.293 0.255 0.018 0.033
0 0.353 0.224 0.016 0.031
0 0.436 0.279 0.022 0.039
0 0.352 0.271 0.024 0.043
0 0.391 0.221 0.017 0.028
0 0.393 0.196 0.02 0.028
0 0.429 0.22 0.016 0.036
0 0.449 0.23 0.017 0.036
0 0.432 0.174 0.013 0.036
0 0.456 0.152 0.013 0.028
0 0.473 0.2 0.017 0.03
0 0.451 0.196 0.015 0.028
0 0.489 0.166 0.013 0.023
0 0.508 0.171 0.012 0.026
0 0.523 0.147 0.013 0.028
0 0.492 0.136 0.009 0.023
0 0.505 0.204 0.014 0.028
0 0.54 0.204 0.017 0.028
0 0.555 0.167 0.014 0.036
0 0.573 0.165 0.013 0.031
0 0.544 0.132 0.01 0.021
0 0.565 0.125 0.01 0.026
0 0.586 0.155 0.018 0.038
0 0.594 0.062 0.011 0.021
0 0.644 0.061 0.009 0.02
0 0.692 0.058 0.013 0.028
0 0.622 0.119 0.01 0.021
0 0.616 0.136 0.01 0.023
0 0.488 0.324 0.024 0.038
0 0.559 0.293 0.022 0.051
0 0.574 0.26 0.017 0.034
0 0.617 0.256 0.018 0.046
0 0.622 0.213 0.019 0.039
0 0.621 0.324 0.03 0.061
0 0.684 0.328 0.024 0.054
0 0.672 0.268 0.021 0.049
0 0.721 0.288 0.024 0.048
0 0.785 0.316 0.026 0.048
0 0.68 0.217 0.021 0.033
0 0.722 0.218 0.02 0.036
0 0.707 0.188 0.014 0.031
0 0.689 0.164 0.014 0.033
0 0.698 0.112 0.01 0.031
0 0.716 0.146 0.015 0.033
0 0.741 0.171 0.017 0.03
0 0.744 0.132 0.013 0.028
0 0.762 0.152 0.012 0.031
0 0.764 0.118 0.011 0.023
0 0.771 0.067 0.012 0.026
0 0.84 0.073 0.015 0.031
0 0.808 0.134 0.011 0.031
0 0.785 0.127 0.011 0.025
0 0.757 0.19 0.024 0.041
0 0.81 0.188 0.015 0.038
0 0.828 0.172 0.013 0.034
0 0.858 0.192 0.016 0.039
0 0.883 0.227 0.021 0.049
0 0.894 0.199 0.014 0.036
0 0.93 0.186 0.015 0.038
0 0.918 0.135 0.011 0.033
0 0.879 0.129 0.014 0.028
0 0.466 0.164 0.015 0.033
