0 0.198 0.41 0.057 0.104
0 0.277 0.256 0.015 0.028
0 0.294 0.245 0.015 0.039
0 0.306 0.252 0.017 0.038
0 0.376 0.276 0.018 0.033
0 0.357 0.261 0.009 0.035
0 0.385 0.181 0.018 0.036
0 0.405 0.187 0.014 0.025
0 0.417 0.176 0.019 0.036
0 0.425 0.161 0.014 0.026
0 0.444 0.223 0.022 0.038
0 0.451 0.185 0.021 0.038
0 0.471 0.141 0.013 0.031
0 0.473 0.187 0.022 0.041
0 0.473 0.221 0.016 0.038
0 0.487 0.145 0.02 0.036
0 0.492 0.172 0.014 0.031
0 0.502 0.187 0.02 0.041
0 0.524 0.195 0.026 0.044
0 0.517 0.16 0.019 0.038
0 0.517 0.135 0.014 0.03
0 0.528 0.132 0.022 0.033
0 0.542 0.173 0.017 0.036
0 0.566 0.169 0.017 0.028
0 0.546 0.127 0.014 0.03
0 0.56 0.126 0.016 0.028
0 0.579 0.138 0.02 0.039
0 0.509 0.299 0.033 0.048
0 0.597 0.105 0.014 0.026
0 0.616 0.1 0.013 0.021
0 0.638 0.107 0.02 0.036
0 0.614 0.146 0.013 0.023
0 0.658 0.113 0.011 0.039
0 0.66 0.14 0.023 0.039
0 0.629 0.204 0.022 0.036
0 0.571 0.239 0.02 0.035
0 0.564 0.295 0.031 0.041
0 0.631 0.294 0.027 0.053
0 0.627 0.246 0.025 0.041
0 0.657 0.215 0.021 0.039
0 0.705 0.096 0.011 0.028
0 0.701 0.174 0.027 0.044
0 0.698 0.234 0.025 0.044
0 0.721 0.164 0.022 0.044
0 0.727 0.206 0.022 0.033
0 0.726 0.251 0.025 0.051
0 0.704 0.308 0.034 0.053
0 0.744 0.119 0.014 0.031
0 0.764 0.136 0.019 0.041
0 0.752 0.216 0.021 0.058
0 0.742 0.37 0.042 0.076
0 0.79 0.266 0.03 0.059
0 0.782 0.197 0.025 0.051
0 0.783 0.141 0.02 0.044
0 0.805 0.145 0.02 0.039
0 0.813 0.33 0.033 0.064
0 0.85 0.285 0.024 0.046
0 0.814 0.249 0.027 0.041
0 0.833 0.196 0.024 0.046
0 0.834 0.148 0.016 0.036
0 0.838 0.126 0.012 0.031
0 0.865 0.125 0.012 0.026
0 0.858 0.147 0.015 0.028
0 0.895 0.142 0.01 0.025
0 0.878 0.197 0.02 0.033
0 0.864 0.257 0.022 0.054
0 0.888 0.365 0.034 0.069
0 0.91 0.289 0.021 0.049
0 0.915 0.245 0.016 0.03
0 0.926 0.199 0.013 0.043
0 0.928 0.16 0.011 0.02
0 0.656 0.168 0.028 0.046
0 0.374 0.248 0.017 0.031
