0 0.037 0.391 0.03 0.064
0 0.89 0.13 0.016 0.036
0 0.863 0.126 0.016 0.031
0 0.741 0.101 0.01 0.035
0 0.683 0.101 0.014 0.031
0 0.634 0.103 0.011 0.031
0 0.613 0.104 0.017 0.03
0 0.773 0.118 0.015 0.031
0 0.565 0.112 0.014 0.02
0 0.667 0.122 0.016 0.023
0 0.704 0.134 0.016 0.031
0 0.789 0.13 0.013 0.026
0 0.805 0.139 0.014 0.025
0 0.821 0.134 0.018 0.035
0 0.845 0.154 0.02 0.038
0 0.858 0.15 0.014 0.026
0 0.884 0.169 0.014 0.028
0 0.925 0.163 0.018 0.033
0 0.726 0.156 0.016 0.031
0 0.747 0.152 0.018 0.038
0 0.789 0.174 0.017 0.035
0 0.842 0.196 0.016 0.03
0 0.481 0.129 0.011 0.028
0 0.526 0.138 0.024 0.035
0 0.549 0.147 0.019 0.036
0 0.615 0.143 0.02 0.031
0 0.579 0.149 0.019 0.035
0 0.569 0.161 0.021 0.038
0 0.45 0.144 0.014 0.025
0 0.407 0.171 0.019 0.033
0 0.344 0.217 0.021 0.04
0 0.321 0.222 0.015 0.036
0 0.301 0.254 0.024 0.043
0 0.279 0.275 0.022 0.036
0 0.255 0.281 0.022 0.038
0 0.37 0.224 0.022 0.03
0 0.329 0.269 0.033 0.051
0 0.393 0.304 0.026 0.048
0 0.416 0.221 0.023 0.036
0 0.448 0.17 0.016 0.02
0 0.457 0.199 0.022 0.025
0 0.492 0.227 0.019 0.046
0 0.478 0.161 0.013 0.03
0 0.535 0.2 0.023 0.041
0 0.484 0.298 0.028 0.059
0 0.556 0.296 0.029 0.051
0 0.561 0.238 0.024 0.048
0 0.618 0.189 0.025 0.046
0 0.599 0.249 0.025 0.043
0 0.601 0.324 0.03 0.051
0 0.669 0.335 0.033 0.071
0 0.644 0.176 0.016 0.04
0 0.661 0.208 0.019 0.036
0 0.672 0.245 0.02 0.043
0 0.691 0.217 0.025 0.053
0 0.686 0.171 0.022 0.035
0 0.736 0.203 0.021 0.058
0 0.754 0.231 0.026 0.048
0 0.705 0.285 0.03 0.059
0 0.762 0.28 0.028 0.053
0 0.865 0.217 0.024 0.046
0 0.924 0.271 0.022 0.058
0 0.447 0.224 0.023 0.043
0 0.425 0.183 0.021 0.03
0 0.514 0.174 0.025 0.041
0 0.591 0.105 0.017 0.031
0 0.488 0.207 0.019 0.038
0 0.386 0.211 0.021 0.033
0 0.815 0.17 0.015 0.033
