0 0.179 0.416 0.045 0.075
0 0.278 0.255 0.013 0.028
0 0.297 0.253 0.014 0.028
0 0.315 0.258 0.017 0.031
0 0.373 0.294 0.02 0.034
0 0.36 0.236 0.017 0.033
0 0.383 0.189 0.015 0.028
0 0.406 0.197 0.016 0.028
0 0.396 0.231 0.015 0.033
0 0.431 0.243 0.019 0.038
0 0.42 0.186 0.012 0.025
0 0.445 0.196 0.015 0.026
0 0.451 0.161 0.009 0.018
0 0.468 0.202 0.018 0.028
0 0.466 0.245 0.024 0.044
0 0.523 0.213 0.019 0.036
0 0.506 0.194 0.015 0.028
0 0.52 0.17 0.012 0.026
0 0.509 0.133 0.012 0.025
0 0.538 0.139 0.014 0.026
0 0.555 0.135 0.01 0.025
0 0.567 0.141 0.01 0.026
0 0.585 0.146 0.015 0.023
0 0.467 0.173 0.014 0.025
0 0.48 0.174 0.014 0.025
0 0.433 0.169 0.012 0.025
0 0.414 0.173 0.013 0.026
0 0.495 0.3 0.021 0.047
0 0.537 0.343 0.03 0.054
0 0.602 0.349 0.029 0.049
0 0.695 0.337 0.034 0.062
0 0.584 0.248 0.023 0.044
0 0.606 0.273 0.019 0.047
0 0.584 0.177 0.014 0.029
0 0.538 0.191 0.015 0.028
0 0.587 0.123 0.011 0.023
0 0.593 0.105 0.011 0.023
0 0.611 0.154 0.013 0.026
0 0.63 0.119 0.012 0.021
0 0.622 0.107 0.013 0.021
0 0.643 0.145 0.01 0.025
0 0.664 0.117 0.013 0.031
0 0.694 0.115 0.014 0.028
0 0.649 0.181 0.019 0.038
0 0.632 0.217 0.016 0.038
0 0.677 0.217 0.014 0.038
0 0.696 0.182 0.015 0.036
0 0.683 0.172 0.015 0.029
0 0.734 0.125 0.013 0.028
0 0.743 0.15 0.015 0.031
0 0.732 0.179 0.012 0.028
0 0.727 0.202 0.017 0.041
0 0.728 0.254 0.026 0.046
0 0.769 0.219 0.018 0.046
0 0.747 0.327 0.029 0.059
0 0.77 0.308 0.019 0.052
0 0.764 0.133 0.013 0.026
0 0.783 0.144 0.017 0.036
0 0.81 0.156 0.013 0.031
0 0.833 0.154 0.01 0.026
0 0.834 0.132 0.008 0.021
0 0.871 0.134 0.011 0.029
0 0.855 0.171 0.013 0.034
0 0.823 0.217 0.018 0.038
0 0.777 0.19 0.016 0.029
0 0.807 0.251 0.022 0.044
0 0.836 0.315 0.023 0.044
0 0.796 0.399 0.027 0.07
0 0.885 0.385 0.029 0.057
0 0.895 0.318 0.023 0.057
0 0.912 0.273 0.019 0.047
0 0.921 0.227 0.016 0.038
0 0.856 0.259 0.018 0.041
0 0.876 0.215 0.014 0.038
0 0.885 0.175 0.013 0.029
0 0.895 0.166 0.016 0.031
0 0.927 0.166 0.012 0.021
