0 0.11 0.459 0.065 0.115
0 0.136 0.242 0.022 0.043
0 0.161 0.261 0.023 0.053
0 0.211 0.22 0.022 0.05
0 0.231 0.226 0.025 0.05
0 0.285 0.252 0.021 0.032
0 0.32 0.265 0.022 0.041
0 0.348 0.253 0.028 0.044
0 0.341 0.216 0.02 0.036
0 0.383 0.245 0.023 0.05
0 0.384 0.201 0.022 0.039
0 0.412 0.207 0.022 0.038
0 0.418 0.163 0.016 0.032
0 0.442 0.163 0.02 0.032
0 0.452 0.208 0.022 0.043
0 0.476 0.188 0.021 0.044
0 0.49 0.163 0.019 0.036
0 0.482 0.147 0.019 0.034
0 0.532 0.159 0.018 0.034
0 0.557 0.185 0.022 0.041
0 0.583 0.117 0.016 0.029
0 0.619 0.115 0.014 0.029
0 0.653 0.117 0.017 0.029
0 0.597 0.232 0.022 0.043
0 0.627 0.232 0.022 0.039
0 0.665 0.236 0.027 0.048
0 0.718 0.234 0.023 0.055
0 0.73 0.15 0.02 0.038
0 0.802 0.284 0.028 0.058
0 0.898 0.309 0.028 0.067
0 0.916 0.284 0.024 0.055
0 0.928 0.245 0.02 0.039
0 0.89 0.241 0.02 0.051
0 0.9 0.203 0.016 0.041
0 0.934 0.206 0.017 0.039
0 0.952 0.176 0.014 0.034
