0 0.184 0.481 0.046 0.082
0 0.338 0.227 0.021 0.043
0 0.382 0.231 0.028 0.04
0 0.403 0.202 0.021 0.039
0 0.441 0.221 0.018 0.036
0 0.463 0.227 0.023 0.047
0 0.511 0.187 0.022 0.043
0 0.568 0.165 0.02 0.044
0 0.596 0.107 0.01 0.022
0 0.561 0.246 0.026 0.046
0 0.622 0.235 0.026 0.049
0 0.651 0.215 0.024 0.047
0 0.668 0.252 0.029 0.057
0 0.705 0.229 0.026 0.055
0 0.758 0.273 0.027 0.061
0 0.722 0.156 0.023 0.04
0 0.758 0.169 0.017 0.043
0 0.794 0.171 0.02 0.047
0 0.807 0.354 0.037 0.075
0 0.829 0.319 0.032 0.072
0 0.887 0.369 0.031 0.072
0 0.889 0.298 0.026 0.065
0 0.82 0.219 0.022 0.039
0 0.834 0.175 0.015 0.039
0 0.887 0.179 0.016 0.033
0 0.866 0.231 0.019 0.046
0 0.847 0.163 0.018 0.037
0 0.916 0.235 0.019 0.049
