0 0.101 0.547 0.046 0.114
0 0.209 0.268 0.018 0.054
0 0.22 0.28 0.02 0.054
0 0.267 0.24 0.019 0.047
0 0.284 0.244 0.021 0.052
0 0.299 0.215 0.02 0.054
0 0.327 0.237 0.019 0.064
0 0.342 0.208 0.017 0.047
0 0.357 0.195 0.016 0.037
0 0.365 0.259 0.024 0.052
0 0.387 0.24 0.019 0.044
0 0.382 0.187 0.016 0.042
0 0.422 0.196 0.017 0.044
0 0.429 0.17 0.016 0.042
0 0.433 0.295 0.024 0.054
0 0.464 0.243 0.021 0.054
0 0.447 0.167 0.013 0.032
0 0.473 0.171 0.019 0.04
0 0.487 0.155 0.019 0.035
0 0.49 0.206 0.019 0.04
0 0.514 0.173 0.02 0.044
0 0.521 0.159 0.012 0.035
0 0.549 0.226 0.016 0.045
0 0.564 0.216 0.017 0.04
0 0.55 0.135 0.015 0.032
0 0.554 0.159 0.016 0.037
0 0.577 0.135 0.017 0.035
0 0.578 0.172 0.016 0.039
0 0.595 0.119 0.015 0.034
0 0.602 0.156 0.015 0.034
0 0.608 0.179 0.016 0.042
0 0.618 0.2 0.017 0.044
0 0.627 0.133 0.014 0.037
0 0.653 0.15 0.014 0.039
0 0.657 0.182 0.013 0.035
0 0.656 0.246 0.022 0.059
0 0.609 0.295 0.021 0.057
0 0.571 0.333 0.025 0.062
0 0.603 0.369 0.027 0.064
0 0.657 0.398 0.029 0.064
0 0.716 0.421 0.03 0.067
0 0.794 0.445 0.032 0.094
0 0.871 0.496 0.032 0.082
0 0.882 0.414 0.023 0.067
0 0.663 0.13 0.015 0.035
0 0.688 0.14 0.014 0.039
0 0.711 0.156 0.014 0.04
0 0.694 0.214 0.017 0.049
0 0.722 0.257 0.024 0.05
0 0.74 0.228 0.02 0.044
0 0.747 0.195 0.016 0.037
0 0.769 0.185 0.016 0.04
0 0.778 0.205 0.016 0.047
0 0.752 0.29 0.022 0.054
0 0.797 0.244 0.019 0.052
0 0.807 0.193 0.016 0.04
0 0.821 0.227 0.017 0.037
0 0.814 0.295 0.019 0.06
0 0.842 0.214 0.018 0.039
0 0.871 0.232 0.015 0.037
0 0.893 0.231 0.014 0.045
0 0.902 0.259 0.015 0.042
0 0.931 0.269 0.015 0.042
0 0.951 0.244 0.015 0.042
0 0.984 0.263 0.015 0.039
0 0.976 0.315 0.016 0.052
0 0.975 0.362 0.017 0.054
0 0.942 0.38 0.022 0.065
0 0.927 0.326 0.016 0.057
0 0.886 0.294 0.017 0.049
0 0.861 0.338 0.021 0.049
0 0.869 0.319 0.022 0.05
0 0.96 0.438 0.024 0.064
