0 0.175 0.481 0.034 0.063
0 0.253 0.267 0.013 0.033
0 0.271 0.277 0.015 0.03
0 0.296 0.262 0.018 0.033
0 0.347 0.299 0.017 0.031
0 0.351 0.264 0.016 0.036
0 0.306 0.233 0.016 0.028
0 0.331 0.222 0.014 0.033
0 0.352 0.227 0.014 0.023
0 0.381 0.224 0.013 0.023
0 0.394 0.264 0.018 0.04
0 0.378 0.194 0.01 0.023
0 0.39 0.187 0.01 0.031
0 0.415 0.183 0.012 0.03
0 0.443 0.183 0.011 0.023
0 0.454 0.218 0.017 0.038
0 0.479 0.23 0.016 0.035
0 0.506 0.189 0.015 0.033
0 0.479 0.198 0.016 0.03
0 0.473 0.166 0.012 0.025
0 0.447 0.147 0.011 0.021
0 0.479 0.142 0.011 0.023
0 0.512 0.163 0.013 0.02
0 0.541 0.19 0.014 0.035
0 0.551 0.166 0.01 0.03
0 0.581 0.169 0.013 0.028
0 0.563 0.123 0.013 0.028
0 0.606 0.16 0.012 0.026
0 0.628 0.139 0.015 0.025
0 0.641 0.118 0.011 0.028
0 0.678 0.125 0.01 0.026
0 0.61 0.118 0.009 0.018
0 0.572 0.146 0.012 0.018
0 0.522 0.297 0.021 0.041
0 0.562 0.296 0.022 0.051
0 0.615 0.312 0.022 0.058
0 0.605 0.26 0.021 0.046
0 0.576 0.227 0.021 0.046
0 0.622 0.216 0.017 0.036
0 0.666 0.219 0.015 0.036
0 0.676 0.262 0.02 0.049
0 0.704 0.269 0.02 0.048
0 0.671 0.19 0.013 0.028
0 0.698 0.189 0.017 0.036
0 0.688 0.158 0.012 0.03
0 0.701 0.146 0.012 0.028
0 0.718 0.166 0.015 0.031
0 0.726 0.138 0.011 0.025
0 0.739 0.133 0.014 0.031
0 0.761 0.129 0.012 0.03
0 0.759 0.169 0.014 0.028
0 0.773 0.162 0.014 0.031
0 0.727 0.203 0.015 0.03
0 0.711 0.22 0.017 0.038
0 0.769 0.227 0.019 0.049
0 0.762 0.286 0.025 0.048
0 0.838 0.283 0.021 0.056
0 0.917 0.25 0.019 0.053
0 0.886 0.217 0.016 0.035
0 0.884 0.175 0.01 0.025
0 0.888 0.161 0.012 0.031
0 0.833 0.227 0.014 0.036
0 0.842 0.193 0.016 0.033
0 0.85 0.17 0.014 0.033
0 0.827 0.153 0.013 0.023
0 0.802 0.166 0.015 0.038
