0 0.07 0.307 0.025 0.051
0 0.339 0.223 0.018 0.04
0 0.351 0.197 0.016 0.037
0 0.343 0.181 0.018 0.037
0 0.408 0.205 0.018 0.038
0 0.418 0.175 0.016 0.031
0 0.425 0.153 0.014 0.03
0 0.45 0.176 0.019 0.03
0 0.438 0.23 0.021 0.04
0 0.475 0.226 0.02 0.047
0 0.472 0.188 0.02 0.044
0 0.453 0.15 0.014 0.031
0 0.462 0.144 0.015 0.033
0 0.472 0.157 0.016 0.035
0 0.498 0.141 0.013 0.026
0 0.512 0.127 0.014 0.023
0 0.523 0.133 0.011 0.024
0 0.535 0.136 0.014 0.031
0 0.526 0.156 0.017 0.035
0 0.503 0.162 0.015 0.03
0 0.55 0.119 0.012 0.028
0 0.56 0.153 0.014 0.033
0 0.554 0.186 0.015 0.033
0 0.555 0.156 0.017 0.026
0 0.584 0.17 0.019 0.033
0 0.59 0.144 0.015 0.026
0 0.517 0.287 0.026 0.042
0 0.554 0.295 0.028 0.059
0 0.575 0.247 0.023 0.051
0 0.613 0.265 0.029 0.047
0 0.621 0.297 0.029 0.063
0 0.621 0.207 0.021 0.044
0 0.599 0.124 0.013 0.028
0 0.611 0.113 0.012 0.026
0 0.617 0.142 0.017 0.04
0 0.632 0.157 0.015 0.035
0 0.633 0.102 0.012 0.03
0 0.649 0.136 0.012 0.028
0 0.656 0.106 0.013 0.026
0 0.659 0.121 0.013 0.024
0 0.679 0.112 0.011 0.024
0 0.678 0.128 0.011 0.026
0 0.699 0.124 0.013 0.024
0 0.726 0.147 0.016 0.035
0 0.704 0.16 0.015 0.03
0 0.668 0.176 0.019 0.04
0 0.663 0.214 0.019 0.044
0 0.669 0.271 0.023 0.049
0 0.676 0.335 0.032 0.068
0 0.709 0.222 0.021 0.056
0 0.703 0.192 0.019 0.042
0 0.738 0.17 0.012 0.031
0 0.744 0.129 0.016 0.031
0 0.768 0.176 0.015 0.03
0 0.741 0.159 0.014 0.028
0 0.779 0.131 0.012 0.028
0 0.798 0.174 0.013 0.033
0 0.778 0.2 0.017 0.04
0 0.794 0.287 0.02 0.063
0 0.815 0.257 0.016 0.049
0 0.84 0.216 0.017 0.037
0 0.809 0.198 0.016 0.035
0 0.755 0.34 0.027 0.058
0 0.829 0.352 0.028 0.065
0 0.846 0.305 0.02 0.058
0 0.866 0.285 0.02 0.056
0 0.876 0.228 0.017 0.047
0 0.824 0.182 0.015 0.038
0 0.834 0.155 0.016 0.033
0 0.846 0.191 0.014 0.04
0 0.861 0.188 0.012 0.033
0 0.871 0.165 0.014 0.04
0 0.882 0.202 0.015 0.033
0 0.894 0.194 0.012 0.045
0 0.901 0.189 0.01 0.028
0 0.935 0.177 0.013 0.04
0 0.932 0.208 0.013 0.038
0 0.935 0.253 0.014 0.042
0 0.913 0.281 0.019 0.052
0 0.911 0.319 0.022 0.061
