0 0.082 0.533 0.065 0.128
0 0.261 0.286 0.021 0.037
0 0.289 0.27 0.017 0.045
0 0.302 0.264 0.019 0.042
0 0.323 0.277 0.018 0.038
0 0.345 0.281 0.02 0.037
0 0.401 0.291 0.025 0.053
0 0.316 0.225 0.017 0.038
0 0.327 0.251 0.016 0.03
0 0.348 0.228 0.019 0.033
0 0.374 0.235 0.02 0.037
0 0.375 0.216 0.015 0.03
0 0.378 0.2 0.012 0.023
0 0.409 0.229 0.018 0.032
0 0.45 0.222 0.018 0.045
0 0.41 0.176 0.016 0.035
0 0.423 0.192 0.019 0.025
0 0.463 0.194 0.016 0.032
0 0.486 0.193 0.023 0.04
0 0.468 0.16 0.015 0.03
0 0.449 0.152 0.016 0.028
0 0.481 0.138 0.012 0.027
0 0.531 0.136 0.02 0.04
0 0.547 0.157 0.018 0.035
0 0.566 0.167 0.019 0.038
0 0.581 0.151 0.016 0.028
0 0.565 0.11 0.017 0.027
0 0.585 0.1 0.015 0.03
0 0.591 0.118 0.013 0.027
0 0.587 0.134 0.014 0.032
0 0.617 0.116 0.017 0.028
0 0.621 0.097 0.015 0.03
0 0.636 0.126 0.016 0.032
0 0.649 0.101 0.018 0.032
0 0.685 0.104 0.014 0.035
0 0.666 0.124 0.012 0.025
0 0.625 0.151 0.018 0.035
0 0.533 0.205 0.022 0.045
0 0.491 0.23 0.025 0.045
0 0.49 0.311 0.031 0.07
0 0.553 0.319 0.032 0.062
0 0.604 0.331 0.033 0.067
0 0.673 0.343 0.037 0.07
0 0.563 0.245 0.023 0.048
0 0.603 0.261 0.027 0.057
0 0.6 0.2 0.02 0.043
0 0.641 0.182 0.024 0.048
0 0.659 0.261 0.024 0.057
0 0.659 0.208 0.023 0.047
0 0.696 0.226 0.024 0.053
0 0.708 0.29 0.028 0.052
0 0.776 0.29 0.03 0.065
0 0.749 0.228 0.026 0.07
0 0.74 0.183 0.026 0.047
0 0.711 0.186 0.019 0.052
0 0.684 0.16 0.026 0.05
0 0.72 0.144 0.021 0.042
0 0.735 0.126 0.017 0.035
0 0.744 0.126 0.015 0.033
0 0.766 0.128 0.015 0.033
0 0.774 0.121 0.015 0.033
0 0.791 0.137 0.014 0.035
0 0.797 0.176 0.027 0.05
0 0.757 0.161 0.018 0.033
0 0.811 0.245 0.028 0.05
0 0.82 0.169 0.018 0.038
0 0.81 0.131 0.016 0.033
0 0.83 0.15 0.017 0.037
0 0.845 0.186 0.018 0.04
0 0.865 0.226 0.023 0.053
0 0.922 0.29 0.03 0.063
0 0.882 0.196 0.02 0.043
0 0.86 0.161 0.017 0.03
0 0.866 0.129 0.016 0.035
0 0.892 0.132 0.012 0.035
0 0.891 0.171 0.017 0.043
0 0.919 0.209 0.018 0.042
0 0.921 0.182 0.015 0.028
0 0.919 0.157 0.014 0.025
