0 0.195 0.395 0.043 0.083
0 0.3 0.256 0.021 0.043
0 0.313 0.26 0.023 0.046
0 0.338 0.215 0.017 0.034
0 0.354 0.253 0.026 0.043
0 0.371 0.234 0.021 0.045
0 0.391 0.256 0.025 0.049
0 0.4 0.227 0.019 0.034
0 0.415 0.188 0.019 0.036
0 0.423 0.245 0.025 0.052
0 0.445 0.227 0.021 0.046
0 0.466 0.231 0.025 0.048
0 0.438 0.164 0.014 0.034
0 0.452 0.168 0.013 0.031
0 0.452 0.14 0.014 0.029
0 0.469 0.154 0.014 0.035
0 0.506 0.13 0.019 0.027
0 0.517 0.153 0.015 0.031
0 0.504 0.181 0.02 0.039
0 0.55 0.16 0.017 0.039
0 0.549 0.133 0.016 0.027
0 0.561 0.182 0.022 0.039
0 0.531 0.132 0.013 0.028
0 0.547 0.248 0.029 0.048
0 0.542 0.301 0.035 0.058
0 0.606 0.314 0.033 0.062
0 0.603 0.254 0.028 0.056
0 0.603 0.209 0.027 0.05
0 0.565 0.123 0.017 0.031
0 0.586 0.144 0.019 0.041
0 0.607 0.145 0.017 0.035
0 0.604 0.118 0.011 0.028
0 0.612 0.11 0.014 0.035
0 0.593 0.103 0.011 0.024
0 0.639 0.131 0.017 0.035
0 0.65 0.112 0.015 0.032
0 0.644 0.097 0.012 0.022
0 0.668 0.117 0.017 0.035
0 0.697 0.104 0.012 0.029
0 0.689 0.173 0.017 0.039
0 0.658 0.223 0.024 0.048
0 0.658 0.26 0.029 0.049
0 0.795 0.38 0.042 0.084
0 0.837 0.317 0.028 0.07
0 0.778 0.291 0.024 0.052
0 0.748 0.222 0.029 0.055
0 0.707 0.22 0.025 0.053
0 0.729 0.181 0.017 0.045
0 0.716 0.163 0.019 0.042
0 0.741 0.116 0.02 0.036
0 0.751 0.137 0.014 0.031
0 0.78 0.158 0.017 0.035
0 0.773 0.204 0.022 0.049
0 0.749 0.165 0.017 0.035
0 0.797 0.18 0.018 0.036
0 0.813 0.151 0.018 0.035
0 0.778 0.121 0.017 0.028
0 0.806 0.115 0.018 0.034
0 0.84 0.125 0.018 0.031
0 0.838 0.182 0.018 0.043
0 0.82 0.211 0.019 0.041
0 0.802 0.241 0.024 0.053
0 0.859 0.247 0.024 0.05
0 0.88 0.231 0.021 0.05
0 0.903 0.287 0.033 0.072
0 0.908 0.252 0.023 0.048
0 0.92 0.234 0.025 0.041
0 0.891 0.184 0.019 0.042
0 0.895 0.147 0.017 0.036
0 0.856 0.164 0.017 0.034
0 0.864 0.148 0.017 0.032
0 0.881 0.417 0.037 0.086
