0 0.186 0.469 0.047 0.082
0 0.364 0.281 0.026 0.057
0 0.391 0.328 0.034 0.078
0 0.269 0.221 0.017 0.029
0 0.344 0.189 0.014 0.032
0 0.366 0.189 0.015 0.029
0 0.366 0.22 0.017 0.025
0 0.342 0.24 0.021 0.034
0 0.409 0.206 0.016 0.029
0 0.394 0.189 0.013 0.025
0 0.381 0.185 0.013 0.025
0 0.444 0.22 0.016 0.036
0 0.415 0.26 0.02 0.04
0 0.472 0.21 0.023 0.04
0 0.441 0.174 0.014 0.032
0 0.439 0.142 0.014 0.029
0 0.473 0.17 0.016 0.021
0 0.51 0.183 0.018 0.038
0 0.543 0.194 0.018 0.042
0 0.519 0.166 0.018 0.036
0 0.507 0.135 0.014 0.03
0 0.521 0.127 0.014 0.027
0 0.478 0.149 0.018 0.021
0 0.536 0.136 0.014 0.029
0 0.579 0.169 0.016 0.034
0 0.61 0.117 0.019 0.036
0 0.588 0.123 0.012 0.029
0 0.651 0.12 0.016 0.03
0 0.664 0.103 0.017 0.03
0 0.672 0.13 0.013 0.032
0 0.69 0.109 0.015 0.036
0 0.715 0.121 0.014 0.025
0 0.597 0.247 0.019 0.042
0 0.628 0.253 0.022 0.049
0 0.722 0.242 0.02 0.036
0 0.667 0.304 0.021 0.038
0 0.671 0.18 0.019 0.032
0 0.764 0.351 0.025 0.063
0 0.788 0.325 0.021 0.061
0 0.76 0.286 0.023 0.063
0 0.773 0.276 0.02 0.053
0 0.771 0.202 0.017 0.036
0 0.741 0.196 0.014 0.027
0 0.762 0.181 0.013 0.023
0 0.745 0.153 0.017 0.021
0 0.72 0.165 0.018 0.023
0 0.756 0.137 0.014 0.023
0 0.779 0.155 0.012 0.025
0 0.798 0.158 0.014 0.03
0 0.812 0.148 0.013 0.03
0 0.805 0.125 0.013 0.025
0 0.826 0.133 0.012 0.027
0 0.84 0.152 0.012 0.03
0 0.854 0.15 0.012 0.03
0 0.83 0.185 0.014 0.029
0 0.853 0.227 0.017 0.04
0 0.846 0.205 0.013 0.03
0 0.858 0.187 0.012 0.029
0 0.874 0.164 0.015 0.036
0 0.885 0.144 0.015 0.034
0 0.91 0.15 0.015 0.034
0 0.837 0.359 0.027 0.046
0 0.908 0.392 0.023 0.049
0 0.909 0.321 0.021 0.046
0 0.884 0.257 0.023 0.049
0 0.936 0.287 0.022 0.049
0 0.931 0.244 0.016 0.029
0 0.9 0.202 0.014 0.025
0 0.892 0.228 0.019 0.038
0 0.953 0.204 0.014 0.032
0 0.942 0.193 0.011 0.029
0 0.953 0.171 0.013 0.027
