0 0.334 0.198 0.022 0.035
0 0.381 0.194 0.019 0.03
0 0.396 0.172 0.015 0.031
0 0.426 0.175 0.015 0.034
0 0.443 0.179 0.018 0.034
0 0.453 0.146 0.012 0.031
0 0.465 0.149 0.016 0.031
0 0.472 0.177 0.019 0.035
0 0.492 0.166 0.017 0.039
0 0.49 0.133 0.017 0.024
0 0.485 0.158 0.012 0.027
0 0.509 0.132 0.014 0.024
0 0.527 0.132 0.013 0.031
0 0.519 0.183 0.016 0.039
0 0.532 0.166 0.017 0.031
0 0.555 0.149 0.017 0.038
0 0.565 0.188 0.017 0.03
0 0.571 0.118 0.012 0.032
0 0.584 0.152 0.015 0.034
0 0.593 0.123 0.012 0.025
0 0.61 0.13 0.015 0.03
0 0.613 0.154 0.015 0.03
0 0.647 0.158 0.019 0.031
0 0.648 0.132 0.013 0.025
0 0.646 0.114 0.011 0.02
0 0.632 0.106 0.012 0.024
0 0.674 0.116 0.011 0.021
0 0.68 0.132 0.012 0.024
0 0.692 0.113 0.013 0.023
0 0.699 0.13 0.013 0.028
0 0.722 0.122 0.011 0.027
0 0.607 0.239 0.024 0.051
0 0.634 0.213 0.023 0.049
0 0.675 0.191 0.02 0.044
0 0.684 0.225 0.021 0.051
0 0.72 0.237 0.02 0.054
0 0.69 0.301 0.043 0.087
0 0.712 0.178 0.014 0.035
0 0.727 0.194 0.02 0.042
0 0.752 0.174 0.016 0.038
0 0.749 0.149 0.015 0.028
0 0.735 0.168 0.014 0.027
0 0.773 0.142 0.011 0.024
0 0.782 0.137 0.011 0.028
0 0.795 0.173 0.015 0.037
0 0.799 0.152 0.013 0.025
0 0.812 0.173 0.016 0.037
0 0.807 0.216 0.021 0.044
0 0.838 0.187 0.016 0.038
0 0.828 0.158 0.015 0.03
0 0.843 0.139 0.013 0.032
0 0.852 0.173 0.012 0.035
0 0.878 0.139 0.013 0.031
0 0.878 0.201 0.018 0.044
0 0.898 0.273 0.02 0.054
0 0.904 0.227 0.019 0.046
0 0.912 0.206 0.015 0.034
0 0.905 0.15 0.015 0.032
0 0.936 0.185 0.015 0.041
0 0.957 0.227 0.018 0.041
0 0.952 0.199 0.015 0.038
0 0.961 0.176 0.011 0.031
