0 0.077 0.275 0.023 0.051
0 0.277 0.22 0.016 0.036
0 0.31 0.219 0.017 0.034
0 0.327 0.181 0.016 0.038
0 0.329 0.222 0.017 0.034
0 0.35 0.191 0.017 0.029
0 0.348 0.222 0.018 0.038
0 0.372 0.192 0.015 0.03
0 0.37 0.235 0.019 0.04
0 0.378 0.164 0.014 0.025
0 0.392 0.195 0.017 0.036
0 0.399 0.164 0.015 0.04
0 0.42 0.15 0.014 0.027
0 0.439 0.159 0.013 0.029
0 0.417 0.193 0.017 0.032
0 0.402 0.232 0.019 0.042
0 0.438 0.245 0.02 0.042
0 0.444 0.189 0.016 0.032
0 0.456 0.202 0.018 0.044
0 0.479 0.145 0.012 0.032
0 0.485 0.132 0.013 0.025
0 0.49 0.152 0.012 0.03
0 0.498 0.125 0.012 0.03
0 0.506 0.144 0.015 0.034
0 0.497 0.176 0.015 0.036
0 0.522 0.171 0.015 0.03
0 0.517 0.127 0.014 0.023
0 0.533 0.152 0.015 0.03
0 0.547 0.115 0.014 0.029
0 0.547 0.131 0.014 0.03
0 0.56 0.152 0.017 0.03
0 0.555 0.183 0.017 0.038
0 0.571 0.133 0.015 0.03
0 0.592 0.147 0.014 0.029
0 0.601 0.155 0.013 0.032
0 0.588 0.132 0.016 0.025
0 0.601 0.118 0.009 0.023
0 0.609 0.122 0.014 0.034
0 0.62 0.125 0.013 0.03
0 0.636 0.112 0.012 0.027
0 0.652 0.105 0.009 0.023
0 0.661 0.116 0.013 0.03
0 0.68 0.106 0.013 0.029
0 0.702 0.107 0.014 0.029
0 0.676 0.129 0.014 0.03
0 0.638 0.15 0.015 0.03
0 0.756 0.129 0.014 0.034
0 0.777 0.125 0.012 0.017
0 0.783 0.137 0.013 0.023
0 0.8 0.133 0.014 0.023
0 0.82 0.142 0.012 0.029
0 0.835 0.153 0.015 0.029
0 0.85 0.149 0.011 0.025
0 0.87 0.163 0.014 0.036
0 0.906 0.144 0.013 0.034
0 0.942 0.185 0.014 0.025
0 0.943 0.237 0.016 0.036
0 0.919 0.256 0.018 0.04
0 0.91 0.315 0.026 0.063
0 0.884 0.226 0.018 0.046
0 0.894 0.202 0.016 0.042
0 0.826 0.17 0.014 0.036
0 0.791 0.163 0.013 0.027
0 0.73 0.143 0.015 0.03
0 0.733 0.168 0.016 0.036
0 0.714 0.184 0.016 0.042
0 0.661 0.18 0.015 0.036
0 0.618 0.202 0.019 0.044
0 0.588 0.225 0.018 0.04
0 0.637 0.249 0.028 0.049
0 0.678 0.22 0.017 0.04
0 0.687 0.256 0.021 0.048
0 0.692 0.31 0.032 0.065
0 0.745 0.381 0.032 0.063
0 0.79 0.289 0.022 0.057
0 0.767 0.241 0.02 0.049
0 0.73 0.232 0.02 0.046
0 0.751 0.193 0.016 0.036
0 0.795 0.201 0.019 0.036
0 0.817 0.199 0.017 0.029
0 0.837 0.214 0.018 0.04
0 0.851 0.212 0.014 0.032
0 0.863 0.179 0.015 0.038
0 0.824 0.26 0.022 0.051
