0 0.05 0.373 0.019 0.041
0 0.249 0.258 0.012 0.023
0 0.27 0.267 0.015 0.021
0 0.292 0.26 0.016 0.035
0 0.316 0.262 0.014 0.038
0 0.33 0.27 0.016 0.035
0 0.32 0.218 0.015 0.026
0 0.349 0.231 0.017 0.028
0 0.351 0.206 0.014 0.021
0 0.365 0.195 0.013 0.023
0 0.382 0.189 0.012 0.031
0 0.397 0.198 0.016 0.028
0 0.382 0.234 0.015 0.031
0 0.362 0.274 0.018 0.036
0 0.393 0.288 0.022 0.04
0 0.432 0.235 0.019 0.036
0 0.442 0.191 0.013 0.028
0 0.459 0.201 0.015 0.025
0 0.468 0.233 0.019 0.033
0 0.481 0.194 0.019 0.035
0 0.459 0.145 0.013 0.02
0 0.491 0.169 0.013 0.031
0 0.481 0.137 0.01 0.02
0 0.52 0.207 0.016 0.038
0 0.529 0.168 0.014 0.028
0 0.56 0.174 0.017 0.031
0 0.56 0.126 0.011 0.025
0 0.577 0.144 0.011 0.026
0 0.588 0.121 0.01 0.023
0 0.608 0.119 0.01 0.023
0 0.607 0.145 0.011 0.023
0 0.633 0.142 0.011 0.026
0 0.632 0.118 0.009 0.018
0 0.672 0.119 0.013 0.026
0 0.483 0.301 0.025 0.05
0 0.562 0.291 0.024 0.053
0 0.569 0.223 0.023 0.056
0 0.617 0.243 0.018 0.043
0 0.63 0.202 0.013 0.03
0 0.647 0.216 0.02 0.045
0 0.656 0.265 0.02 0.045
0 0.619 0.322 0.034 0.05
0 0.681 0.193 0.015 0.028
0 0.676 0.155 0.013 0.026
0 0.703 0.153 0.013 0.025
0 0.723 0.186 0.017 0.035
0 0.696 0.235 0.017 0.033
0 0.713 0.292 0.02 0.045
0 0.753 0.225 0.016 0.046
0 0.753 0.171 0.016 0.028
0 0.74 0.145 0.014 0.031
0 0.757 0.136 0.014 0.026
0 0.779 0.145 0.013 0.03
0 0.798 0.131 0.01 0.025
0 0.826 0.146 0.012 0.031
0 0.806 0.183 0.015 0.035
0 0.773 0.205 0.017 0.04
0 0.821 0.219 0.016 0.035
0 0.764 0.297 0.023 0.048
0 0.836 0.311 0.025 0.053
0 0.849 0.26 0.021 0.045
0 0.929 0.268 0.02 0.053
0 0.914 0.245 0.018 0.053
0 0.895 0.196 0.018 0.035
0 0.883 0.173 0.012 0.021
0 0.883 0.154 0.011 0.023
0 0.841 0.187 0.016 0.033
0 0.847 0.164 0.014 0.025
