0 0.119 0.256 0.014 0.029
0 0.264 0.407 0.05 0.114
0 0.287 0.235 0.014 0.029
0 0.299 0.242 0.016 0.029
0 0.366 0.162 0.017 0.039
0 0.38 0.192 0.014 0.029
0 0.414 0.21 0.013 0.037
0 0.404 0.209 0.014 0.039
0 0.477 0.144 0.02 0.041
0 0.634 0.14 0.015 0.021
0 0.646 0.114 0.012 0.028
0 0.648 0.144 0.014 0.028
0 0.727 0.062 0.014 0.034
0 0.75 0.131 0.012 0.028
0 0.764 0.14 0.014 0.029
0 0.819 0.26 0.02 0.052
0 0.862 0.188 0.014 0.034
0 0.884 0.256 0.021 0.045
0 0.913 0.257 0.021 0.044
0 0.932 0.183 0.013 0.034
