0 0.261 0.376 0.044 0.1
0 0.283 0.227 0.018 0.041
0 0.309 0.234 0.02 0.041
0 0.313 0.219 0.019 0.032
0 0.36 0.266 0.025 0.043
0 0.367 0.225 0.021 0.041
0 0.37 0.186 0.019 0.037
0 0.403 0.227 0.02 0.041
0 0.414 0.212 0.016 0.032
0 0.412 0.255 0.025 0.046
0 0.467 0.21 0.02 0.046
0 0.475 0.19 0.019 0.037
0 0.461 0.157 0.015 0.036
0 0.46 0.144 0.017 0.025
0 0.423 0.155 0.018 0.029
0 0.479 0.132 0.011 0.029
0 0.49 0.135 0.015 0.025
0 0.494 0.162 0.016 0.032
0 0.522 0.167 0.018 0.041
0 0.502 0.126 0.014 0.03
0 0.518 0.134 0.013 0.029
0 0.53 0.136 0.014 0.027
0 0.554 0.135 0.011 0.027
0 0.564 0.18 0.024 0.05
0 0.579 0.14 0.019 0.034
0 0.588 0.121 0.015 0.021
0 0.601 0.15 0.02 0.036
0 0.637 0.157 0.017 0.029
0 0.632 0.133 0.018 0.03
0 0.618 0.112 0.011 0.032
0 0.604 0.07 0.014 0.029
0 0.639 0.061 0.014 0.027
0 0.667 0.064 0.012 0.029
0 0.681 0.061 0.011 0.032
0 0.648 0.12 0.014 0.03
0 0.595 0.216 0.025 0.046
0 0.621 0.265 0.028 0.048
0 0.626 0.208 0.025 0.048
0 0.668 0.229 0.022 0.052
0 0.701 0.175 0.018 0.039
0 0.719 0.18 0.023 0.05
0 0.739 0.174 0.017 0.048
0 0.733 0.142 0.014 0.027
0 0.743 0.234 0.024 0.05
0 0.769 0.239 0.026 0.05
0 0.778 0.309 0.029 0.066
0 0.915 0.332 0.025 0.059
0 0.799 0.201 0.021 0.046
0 0.765 0.191 0.017 0.046
0 0.752 0.123 0.016 0.032
0 0.768 0.119 0.016 0.032
0 0.784 0.135 0.017 0.041
0 0.794 0.16 0.014 0.032
0 0.807 0.128 0.015 0.036
0 0.824 0.134 0.014 0.032
0 0.829 0.176 0.021 0.039
0 0.842 0.145 0.014 0.034
0 0.854 0.14 0.012 0.034
0 0.867 0.17 0.016 0.041
0 0.857 0.209 0.018 0.046
0 0.844 0.232 0.017 0.057
0 0.888 0.234 0.02 0.043
0 0.896 0.207 0.014 0.039
0 0.881 0.161 0.013 0.037
0 0.901 0.175 0.014 0.036
0 0.911 0.18 0.014 0.036
0 0.919 0.152 0.015 0.037
0 0.933 0.202 0.018 0.037
0 0.94 0.174 0.012 0.03
0 0.924 0.257 0.023 0.05
0 0.92 0.207 0.018 0.043
