0 0.127 0.486 0.054 0.094
0 0.218 0.352 0.021 0.038
0 0.264 0.331 0.024 0.042
0 0.294 0.343 0.024 0.039
0 0.331 0.349 0.026 0.037
0 0.285 0.296 0.022 0.035
0 0.352 0.318 0.018 0.031
0 0.356 0.283 0.016 0.031
0 0.38 0.321 0.018 0.03
0 0.398 0.232 0.015 0.031
0 0.406 0.255 0.018 0.031
0 0.404 0.288 0.018 0.028
0 0.404 0.321 0.022 0.034
0 0.436 0.291 0.019 0.031
0 0.444 0.252 0.013 0.024
0 0.441 0.238 0.01 0.024
0 0.462 0.232 0.015 0.031
0 0.458 0.265 0.015 0.027
0 0.469 0.298 0.018 0.031
0 0.449 0.324 0.023 0.038
0 0.491 0.375 0.022 0.052
0 0.48 0.286 0.018 0.037
0 0.512 0.241 0.014 0.027
0 0.525 0.262 0.016 0.037
0 0.54 0.241 0.018 0.034
0 0.55 0.219 0.014 0.03
0 0.565 0.203 0.017 0.024
0 0.593 0.217 0.01 0.024
0 0.602 0.193 0.014 0.028
0 0.617 0.199 0.012 0.027
0 0.576 0.243 0.015 0.03
0 0.571 0.231 0.014 0.027
0 0.591 0.243 0.014 0.032
0 0.552 0.267 0.018 0.032
0 0.529 0.34 0.022 0.042
0 0.503 0.326 0.023 0.046
0 0.594 0.315 0.025 0.048
0 0.622 0.29 0.023 0.038
0 0.634 0.24 0.018 0.032
0 0.655 0.206 0.012 0.024
0 0.662 0.219 0.011 0.03
0 0.674 0.216 0.014 0.03
0 0.667 0.253 0.015 0.034
0 0.645 0.323 0.021 0.038
0 0.539 0.392 0.027 0.051
0 0.579 0.396 0.022 0.035
0 0.58 0.435 0.03 0.073
0 0.636 0.449 0.034 0.069
0 0.651 0.376 0.027 0.06
0 0.694 0.237 0.018 0.035
0 0.724 0.211 0.014 0.028
0 0.725 0.248 0.016 0.041
0 0.715 0.276 0.017 0.035
0 0.687 0.338 0.022 0.045
0 0.669 0.314 0.022 0.038
0 0.73 0.393 0.024 0.049
0 0.706 0.455 0.037 0.066
0 0.759 0.411 0.028 0.052
0 0.753 0.244 0.014 0.027
0 0.766 0.226 0.015 0.031
0 0.767 0.259 0.014 0.035
0 0.753 0.283 0.02 0.039
0 0.793 0.25 0.018 0.024
0 0.825 0.254 0.018 0.027
0 0.854 0.243 0.014 0.035
0 0.845 0.264 0.013 0.038
0 0.861 0.273 0.016 0.034
0 0.849 0.307 0.016 0.037
0 0.801 0.291 0.014 0.034
0 0.826 0.307 0.018 0.039
0 0.87 0.312 0.019 0.041
0 0.922 0.26 0.015 0.037
0 0.917 0.293 0.015 0.028
0 0.905 0.317 0.019 0.041
0 0.922 0.316 0.014 0.039
0 0.911 0.361 0.019 0.045
0 0.893 0.385 0.017 0.041
0 0.861 0.364 0.018 0.044
0 0.848 0.344 0.022 0.044
0 0.829 0.418 0.027 0.058
0 0.893 0.449 0.024 0.055
0 0.796 0.345 0.019 0.051
0 0.795 0.502 0.03 0.07
