0 0.023 0.46 0.033 0.059
0 0.23 0.33 0.014 0.033
0 0.257 0.356 0.019 0.046
0 0.283 0.305 0.017 0.033
0 0.294 0.354 0.017 0.04
0 0.334 0.347 0.021 0.046
0 0.352 0.319 0.016 0.03
0 0.355 0.281 0.015 0.026
0 0.383 0.324 0.015 0.037
0 0.41 0.331 0.02 0.035
0 0.466 0.395 0.028 0.054
0 0.45 0.331 0.022 0.038
0 0.543 0.393 0.026 0.042
0 0.594 0.428 0.026 0.056
0 0.656 0.435 0.024 0.061
0 0.705 0.464 0.033 0.075
0 0.82 0.484 0.029 0.061
0 0.908 0.453 0.025 0.061
0 0.846 0.462 0.026 0.054
0 0.783 0.417 0.029 0.06
0 0.719 0.404 0.024 0.045
0 0.654 0.366 0.019 0.046
0 0.532 0.343 0.022 0.041
0 0.503 0.308 0.016 0.035
0 0.389 0.261 0.015 0.026
0 0.409 0.261 0.013 0.026
0 0.427 0.238 0.012 0.022
0 0.445 0.257 0.016 0.03
0 0.476 0.26 0.014 0.031
0 0.503 0.259 0.012 0.027
0 0.516 0.269 0.013 0.031
0 0.526 0.246 0.012 0.029
0 0.544 0.247 0.02 0.023
0 0.562 0.27 0.015 0.034
0 0.58 0.255 0.016 0.033
0 0.686 0.36 0.018 0.035
0 0.812 0.349 0.021 0.045
0 0.858 0.36 0.024 0.044
0 0.835 0.33 0.015 0.035
0 0.876 0.347 0.018 0.04
0 0.938 0.349 0.018 0.038
0 0.688 0.299 0.019 0.037
0 0.597 0.331 0.023 0.035
0 0.635 0.298 0.022 0.04
0 0.661 0.262 0.018 0.031
0 0.601 0.247 0.011 0.023
0 0.726 0.279 0.016 0.03
0 0.702 0.247 0.015 0.03
0 0.734 0.244 0.017 0.033
0 0.778 0.28 0.014 0.034
0 0.816 0.298 0.016 0.035
0 0.851 0.275 0.015 0.029
0 0.877 0.301 0.015 0.033
0 0.906 0.321 0.018 0.034
0 0.893 0.272 0.016 0.027
0 0.874 0.256 0.013 0.038
0 0.932 0.302 0.013 0.033
0 0.822 0.263 0.013 0.033
0 0.795 0.24 0.015 0.033
0 0.781 0.241 0.011 0.025
0 0.761 0.228 0.014 0.026
0 0.7 0.219 0.012 0.029
0 0.609 0.203 0.009 0.027
0 0.556 0.227 0.011 0.031
0 0.572 0.217 0.013 0.023
0 0.636 0.219 0.011 0.025
0 0.661 0.215 0.012 0.023
0 0.676 0.225 0.011 0.025
0 0.936 0.278 0.013 0.03
0 0.592 0.389 0.032 0.048
0 0.839 0.302 0.017 0.029
0 0.842 0.249 0.013 0.027
0 0.917 0.303 0.014 0.04
0 0.764 0.257 0.013 0.025
0 0.599 0.217 0.011 0.027
0 0.624 0.213 0.011 0.026
0 0.643 0.237 0.012 0.027
0 0.405 0.296 0.013 0.027
0 0.432 0.307 0.019 0.033
0 0.466 0.311 0.021 0.038
0 0.464 0.238 0.012 0.025
0 0.645 0.343 0.02 0.044
