0 0.306 0.227 0.019 0.038
0 0.357 0.192 0.019 0.025
0 0.405 0.203 0.02 0.032
0 0.437 0.181 0.017 0.031
0 0.443 0.221 0.021 0.038
0 0.434 0.259 0.02 0.04
0 0.497 0.218 0.022 0.042
0 0.483 0.171 0.017 0.032
0 0.54 0.168 0.012 0.023
0 0.554 0.182 0.015 0.032
0 0.628 0.126 0.014 0.034
0 0.661 0.187 0.016 0.023
0 0.624 0.217 0.023 0.036
0 0.666 0.222 0.024 0.04
0 0.726 0.235 0.023 0.038
0 0.671 0.293 0.024 0.044
0 0.626 0.306 0.023 0.055
0 0.666 0.363 0.027 0.069
0 0.796 0.288 0.019 0.053
0 0.813 0.258 0.016 0.05
0 0.871 0.268 0.021 0.044
0 0.929 0.237 0.021 0.042
0 0.904 0.339 0.025 0.063
0 0.849 0.319 0.025 0.061
0 0.904 0.445 0.032 0.065
0 0.459 0.142 0.013 0.029
