0 0.034 0.399 0.027 0.073
0 0.266 0.264 0.015 0.033
0 0.29 0.271 0.021 0.036
0 0.314 0.287 0.02 0.04
0 0.326 0.252 0.018 0.041
0 0.315 0.235 0.014 0.031
0 0.352 0.276 0.021 0.045
0 0.354 0.231 0.016 0.033
0 0.41 0.292 0.022 0.05
0 0.421 0.228 0.019 0.04
0 0.38 0.229 0.018 0.031
0 0.381 0.215 0.014 0.026
0 0.39 0.2 0.014 0.03
0 0.47 0.234 0.02 0.04
0 0.455 0.223 0.017 0.036
0 0.434 0.184 0.016 0.028
0 0.441 0.205 0.018 0.033
0 0.459 0.177 0.015 0.03
0 0.467 0.203 0.016 0.033
0 0.506 0.202 0.017 0.035
0 0.484 0.172 0.014 0.03
0 0.477 0.155 0.013 0.023
0 0.492 0.136 0.011 0.025
0 0.512 0.167 0.014 0.028
0 0.542 0.169 0.014 0.028
0 0.55 0.201 0.019 0.036
0 0.569 0.172 0.018 0.036
0 0.534 0.141 0.014 0.028
0 0.558 0.154 0.014 0.031
0 0.566 0.139 0.013 0.023
0 0.572 0.117 0.01 0.023
0 0.592 0.157 0.013 0.026
0 0.615 0.159 0.016 0.031
0 0.589 0.138 0.011 0.025
0 0.594 0.111 0.01 0.023
0 0.615 0.142 0.012 0.023
0 0.614 0.122 0.013 0.023
0 0.629 0.104 0.008 0.02
0 0.644 0.109 0.011 0.026
0 0.655 0.118 0.012 0.028
0 0.673 0.126 0.013 0.028
0 0.705 0.105 0.012 0.031
0 0.604 0.21 0.021 0.041
0 0.574 0.248 0.021 0.041
0 0.497 0.296 0.024 0.045
0 0.55 0.304 0.024 0.054
0 0.614 0.257 0.025 0.05
0 0.611 0.331 0.034 0.058
0 0.666 0.257 0.025 0.046
0 0.682 0.343 0.03 0.066
0 0.713 0.291 0.027 0.054
0 0.666 0.217 0.02 0.048
0 0.712 0.222 0.021 0.051
0 0.659 0.182 0.018 0.038
0 0.69 0.159 0.015 0.041
0 0.71 0.145 0.014 0.033
0 0.706 0.186 0.019 0.038
0 0.743 0.124 0.014 0.033
0 0.75 0.116 0.011 0.023
0 0.75 0.145 0.012 0.033
0 0.737 0.163 0.014 0.031
0 0.753 0.189 0.017 0.038
0 0.761 0.229 0.02 0.048
0 0.782 0.29 0.023 0.053
0 0.773 0.174 0.016 0.035
0 0.771 0.139 0.013 0.026
0 0.787 0.121 0.011 0.025
0 0.807 0.148 0.01 0.028
0 0.823 0.129 0.011 0.026
0 0.831 0.144 0.013 0.033
0 0.818 0.174 0.013 0.035
0 0.802 0.196 0.015 0.03
0 0.85 0.19 0.015 0.04
0 0.855 0.158 0.013 0.035
0 0.869 0.159 0.012 0.028
0 0.873 0.139 0.012 0.028
0 0.901 0.134 0.012 0.026
0 0.895 0.178 0.012 0.033
0 0.883 0.2 0.016 0.036
0 0.869 0.222 0.017 0.038
0 0.926 0.185 0.016 0.036
0 0.922 0.28 0.021 0.048
0 0.937 0.163 0.013 0.033
