0 0.88 0.158 0.011 0.031
0 0.842 0.156 0.011 0.031
0 0.91 0.174 0.011 0.031
0 0.939 0.172 0.011 0.031
0 0.892 0.198 0.016 0.037
0 0.864 0.192 0.011 0.033
0 0.851 0.194 0.016 0.037
0 0.885 0.247 0.016 0.045
0 0.875 0.287 0.016 0.055
0 0.907 0.321 0.02 0.055
0 0.921 0.249 0.014 0.041
0 0.93 0.239 0.015 0.041
0 0.937 0.218 0.012 0.033
0 0.933 0.287 0.02 0.047
0 0.905 0.419 0.031 0.076
0 0.82 0.356 0.03 0.067
0 0.85 0.307 0.022 0.055
0 0.789 0.291 0.022 0.055
0 0.792 0.208 0.016 0.041
0 0.809 0.249 0.016 0.041
0 0.835 0.241 0.015 0.041
0 0.813 0.171 0.011 0.033
0 0.815 0.194 0.016 0.041
0 0.829 0.177 0.014 0.035
0 0.712 0.163 0.014 0.033
0 0.739 0.177 0.014 0.035
0 0.757 0.129 0.014 0.029
0 0.754 0.153 0.012 0.037
0 0.781 0.145 0.011 0.024
0 0.774 0.184 0.014 0.037
0 0.709 0.196 0.017 0.041
0 0.71 0.242 0.019 0.051
0 0.732 0.342 0.027 0.067
0 0.688 0.333 0.026 0.065
0 0.632 0.224 0.018 0.045
0 0.638 0.249 0.019 0.045
0 0.67 0.279 0.019 0.047
0 0.663 0.193 0.016 0.039
0 0.673 0.222 0.017 0.041
0 0.703 0.127 0.009 0.024
0 0.682 0.115 0.01 0.022
0 0.646 0.106 0.009 0.02
0 0.641 0.121 0.01 0.022
0 0.661 0.113 0.01 0.018
0 0.666 0.126 0.009 0.022
0 0.648 0.145 0.014 0.033
0 0.629 0.144 0.01 0.031
0 0.632 0.155 0.012 0.033
0 0.611 0.108 0.011 0.024
0 0.586 0.116 0.011 0.029
0 0.604 0.126 0.011 0.035
0 0.579 0.143 0.011 0.029
0 0.555 0.12 0.009 0.02
0 0.6 0.146 0.014 0.031
0 0.581 0.179 0.012 0.035
0 0.553 0.166 0.014 0.035
0 0.561 0.188 0.017 0.037
0 0.544 0.139 0.014 0.029
0 0.53 0.156 0.014 0.031
0 0.507 0.137 0.012 0.024
0 0.501 0.16 0.012 0.031
0 0.428 0.153 0.011 0.029
0 0.46 0.153 0.012 0.029
0 0.478 0.183 0.014 0.039
0 0.476 0.162 0.012 0.031
0 0.42 0.189 0.016 0.039
0 0.421 0.204 0.011 0.037
0 0.44 0.196 0.016 0.033
0 0.444 0.228 0.019 0.039
0 0.478 0.234 0.02 0.043
0 0.47 0.138 0.01 0.022
0 0.497 0.13 0.01 0.022
0 0.191 0.398 0.043 0.09
0 0.32 0.234 0.016 0.035
0 0.328 0.209 0.014 0.031
0 0.353 0.198 0.014 0.029
0 0.533 0.286 0.019 0.049
0 0.581 0.236 0.019 0.043
0 0.596 0.274 0.024 0.059
0 0.596 0.315 0.028 0.067
