0 0.277 0.219 0.016 0.03
0 0.33 0.205 0.013 0.032
0 0.328 0.245 0.019 0.032
0 0.37 0.199 0.018 0.025
0 0.395 0.201 0.013 0.022
0 0.419 0.238 0.025 0.042
0 0.447 0.26 0.02 0.035
0 0.489 0.229 0.019 0.037
0 0.464 0.208 0.016 0.035
0 0.475 0.192 0.014 0.03
0 0.44 0.175 0.013 0.027
0 0.43 0.149 0.01 0.02
0 0.382 0.181 0.013 0.018
0 0.398 0.18 0.016 0.027
0 0.401 0.243 0.02 0.045
0 0.52 0.176 0.016 0.035
0 0.536 0.163 0.011 0.028
0 0.552 0.189 0.017 0.037
0 0.506 0.152 0.012 0.023
0 0.474 0.162 0.014 0.027
0 0.467 0.14 0.012 0.023
0 0.5 0.138 0.011 0.022
0 0.503 0.122 0.012 0.02
0 0.524 0.126 0.009 0.018
0 0.535 0.137 0.011 0.02
0 0.565 0.139 0.013 0.027
0 0.585 0.123 0.009 0.022
0 0.603 0.114 0.009 0.02
0 0.622 0.14 0.011 0.023
0 0.61 0.134 0.013 0.028
0 0.627 0.117 0.008 0.023
0 0.657 0.135 0.011 0.023
0 0.683 0.125 0.009 0.027
0 0.653 0.111 0.007 0.022
0 0.667 0.119 0.008 0.018
0 0.621 0.165 0.015 0.027
0 0.6 0.166 0.019 0.035
0 0.575 0.229 0.019 0.033
0 0.579 0.275 0.023 0.048
0 0.625 0.255 0.023 0.05
0 0.635 0.201 0.017 0.035
0 0.656 0.185 0.018 0.033
0 0.696 0.174 0.014 0.032
0 0.703 0.193 0.013 0.028
0 0.666 0.225 0.021 0.043
0 0.68 0.279 0.024 0.04
0 0.726 0.29 0.023 0.05
0 0.723 0.245 0.019 0.045
0 0.731 0.142 0.014 0.027
0 0.745 0.134 0.011 0.027
0 0.757 0.161 0.013 0.035
0 0.775 0.144 0.012 0.032
0 0.748 0.207 0.017 0.033
0 0.734 0.189 0.014 0.032
0 0.779 0.23 0.017 0.037
0 0.765 0.255 0.018 0.038
0 0.794 0.291 0.022 0.048
0 0.841 0.314 0.024 0.05
0 0.838 0.239 0.016 0.04
0 0.843 0.198 0.014 0.035
0 0.839 0.171 0.014 0.022
0 0.85 0.154 0.011 0.023
0 0.84 0.147 0.01 0.023
0 0.828 0.14 0.012 0.027
0 0.807 0.15 0.012 0.027
0 0.795 0.162 0.011 0.023
0 0.792 0.137 0.011 0.02
0 0.872 0.184 0.014 0.03
0 0.879 0.165 0.012 0.027
0 0.911 0.158 0.013 0.028
0 0.902 0.178 0.011 0.025
0 0.898 0.205 0.013 0.028
0 0.878 0.26 0.018 0.048
0 0.884 0.23 0.014 0.032
0 0.918 0.234 0.017 0.04
0 0.928 0.278 0.017 0.048
0 0.912 0.374 0.023 0.063
0 0.942 0.214 0.009 0.03
0 0.932 0.193 0.012 0.028
0 0.939 0.17 0.011 0.03
0 0.928 0.225 0.015 0.033
