0 0.116 0.555 0.039 0.08
0 0.22 0.346 0.02 0.035
0 0.258 0.352 0.019 0.039
0 0.277 0.381 0.021 0.045
0 0.28 0.313 0.019 0.035
0 0.331 0.364 0.023 0.052
0 0.352 0.334 0.02 0.036
0 0.35 0.3 0.017 0.032
0 0.381 0.35 0.023 0.045
0 0.414 0.336 0.024 0.042
0 0.446 0.338 0.023 0.039
0 0.405 0.298 0.019 0.032
0 0.39 0.264 0.017 0.031
0 0.427 0.26 0.015 0.031
0 0.448 0.263 0.017 0.035
0 0.471 0.27 0.016 0.031
0 0.48 0.315 0.022 0.036
0 0.51 0.328 0.022 0.041
0 0.463 0.248 0.013 0.031
0 0.471 0.239 0.015 0.023
0 0.513 0.266 0.018 0.029
0 0.528 0.277 0.018 0.033
0 0.561 0.289 0.023 0.045
0 0.539 0.25 0.021 0.033
0 0.564 0.232 0.016 0.033
0 0.58 0.226 0.013 0.026
0 0.585 0.229 0.012 0.028
0 0.595 0.239 0.015 0.026
0 0.591 0.269 0.018 0.033
0 0.614 0.258 0.017 0.033
0 0.611 0.224 0.016 0.029
0 0.617 0.21 0.013 0.031
0 0.64 0.217 0.014 0.029
0 0.652 0.226 0.016 0.032
0 0.658 0.248 0.016 0.028
0 0.688 0.231 0.016 0.031
0 0.687 0.212 0.014 0.025
0 0.7 0.229 0.014 0.031
0 0.686 0.282 0.019 0.036
0 0.649 0.303 0.019 0.042
0 0.613 0.33 0.027 0.052
0 0.545 0.362 0.027 0.054
0 0.484 0.413 0.033 0.068
0 0.555 0.409 0.036 0.055
0 0.616 0.386 0.026 0.055
0 0.607 0.459 0.033 0.068
0 0.649 0.478 0.039 0.074
0 0.669 0.37 0.027 0.061
0 0.705 0.368 0.023 0.052
0 0.699 0.321 0.019 0.039
0 0.719 0.302 0.017 0.039
0 0.722 0.256 0.015 0.029
0 0.751 0.255 0.019 0.033
0 0.762 0.242 0.015 0.029
0 0.794 0.265 0.015 0.026
0 0.802 0.239 0.016 0.033
0 0.803 0.289 0.017 0.033
0 0.833 0.249 0.016 0.038
0 0.831 0.299 0.018 0.039
0 0.837 0.366 0.026 0.048
0 0.806 0.435 0.027 0.061
0 0.737 0.41 0.032 0.058
0 0.719 0.541 0.04 0.077
0 0.841 0.519 0.033 0.074
0 0.865 0.48 0.03 0.066
0 0.884 0.402 0.025 0.058
0 0.897 0.341 0.02 0.044
0 0.869 0.33 0.022 0.039
0 0.871 0.275 0.015 0.032
0 0.865 0.258 0.015 0.028
0 0.885 0.279 0.014 0.032
0 0.906 0.26 0.014 0.031
0 0.924 0.294 0.015 0.035
0 0.913 0.325 0.016 0.039
0 0.942 0.332 0.016 0.035
0 0.941 0.309 0.013 0.032
0 0.964 0.311 0.014 0.033
0 0.968 0.281 0.016 0.032
0 0.959 0.359 0.019 0.045
0 0.95 0.472 0.032 0.074
