0 0.186 0.342 0.045 0.081
0 0.301 0.244 0.029 0.055
0 0.376 0.215 0.019 0.034
0 0.378 0.185 0.018 0.035
0 0.422 0.193 0.022 0.04
0 0.412 0.225 0.018 0.037
0 0.387 0.276 0.027 0.039
0 0.441 0.247 0.022 0.034
0 0.478 0.231 0.02 0.042
0 0.445 0.184 0.016 0.025
0 0.474 0.168 0.017 0.034
0 0.513 0.201 0.022 0.045
0 0.533 0.205 0.021 0.04
0 0.564 0.078 0.012 0.025
0 0.572 0.138 0.012 0.025
0 0.6 0.252 0.021 0.05
0 0.628 0.26 0.027 0.054
0 0.609 0.312 0.035 0.064
0 0.667 0.167 0.02 0.049
0 0.701 0.206 0.018 0.039
0 0.702 0.173 0.015 0.034
0 0.731 0.183 0.016 0.037
0 0.741 0.155 0.012 0.029
0 0.758 0.174 0.014 0.034
0 0.776 0.157 0.014 0.035
0 0.793 0.172 0.015 0.032
0 0.772 0.197 0.014 0.035
0 0.745 0.211 0.017 0.042
0 0.79 0.227 0.019 0.042
0 0.723 0.292 0.027 0.06
0 0.82 0.282 0.022 0.054
0 0.866 0.294 0.021 0.057
0 0.904 0.294 0.02 0.045
0 0.904 0.223 0.017 0.044
0 0.929 0.244 0.012 0.042
0 0.933 0.225 0.014 0.037
