0 0.318 0.234 0.016 0.033
0 0.351 0.219 0.022 0.04
0 0.356 0.262 0.026 0.045
0 0.416 0.272 0.025 0.05
0 0.408 0.207 0.019 0.035
0 0.448 0.255 0.025 0.038
0 0.479 0.163 0.017 0.03
0 0.494 0.21 0.02 0.038
0 0.535 0.207 0.018 0.038
0 0.529 0.155 0.022 0.035
0 0.568 0.149 0.019 0.035
0 0.573 0.184 0.018 0.038
0 0.598 0.165 0.025 0.045
0 0.575 0.295 0.03 0.055
0 0.617 0.259 0.025 0.063
0 0.668 0.317 0.032 0.07
0 0.663 0.263 0.026 0.048
0 0.662 0.226 0.022 0.04
0 0.674 0.177 0.019 0.035
0 0.715 0.232 0.024 0.048
0 0.737 0.259 0.026 0.053
0 0.772 0.236 0.026 0.053
0 0.741 0.172 0.02 0.038
0 0.768 0.176 0.022 0.04
0 0.776 0.134 0.021 0.028
0 0.79 0.203 0.022 0.043
0 0.816 0.285 0.03 0.055
0 0.829 0.245 0.025 0.048
0 0.84 0.228 0.026 0.04
0 0.823 0.184 0.019 0.035
0 0.819 0.15 0.013 0.025
0 0.866 0.191 0.021 0.04
0 0.888 0.249 0.023 0.05
0 0.896 0.228 0.022 0.038
0 0.892 0.2 0.015 0.032
0 0.895 0.134 0.017 0.038
0 0.957 0.111 0.016 0.033
