0 0.167 0.466 0.06 0.115
0 0.341 0.215 0.019 0.045
0 0.349 0.19 0.017 0.032
0 0.343 0.178 0.017 0.035
0 0.415 0.197 0.02 0.043
0 0.448 0.211 0.022 0.043
0 0.485 0.213 0.019 0.045
0 0.481 0.166 0.02 0.04
0 0.452 0.171 0.017 0.035
0 0.452 0.14 0.017 0.037
0 0.428 0.142 0.016 0.03
0 0.423 0.171 0.018 0.038
0 0.48 0.137 0.016 0.027
0 0.507 0.139 0.015 0.03
0 0.541 0.18 0.02 0.038
0 0.534 0.151 0.017 0.038
0 0.517 0.125 0.014 0.025
0 0.5 0.111 0.016 0.022
0 0.53 0.112 0.014 0.033
0 0.544 0.12 0.013 0.023
0 0.564 0.149 0.017 0.037
0 0.588 0.159 0.018 0.037
0 0.602 0.136 0.015 0.035
0 0.59 0.101 0.011 0.025
0 0.606 0.108 0.013 0.028
0 0.606 0.09 0.013 0.023
0 0.617 0.105 0.015 0.028
0 0.624 0.14 0.018 0.037
0 0.637 0.09 0.014 0.03
0 0.66 0.096 0.016 0.035
0 0.656 0.128 0.016 0.035
0 0.679 0.114 0.01 0.023
0 0.689 0.114 0.016 0.037
0 0.709 0.115 0.012 0.03
0 0.622 0.189 0.021 0.05
0 0.577 0.241 0.022 0.05
0 0.555 0.283 0.03 0.069
0 0.523 0.266 0.032 0.06
0 0.607 0.298 0.036 0.079
0 0.629 0.239 0.025 0.054
0 0.672 0.244 0.027 0.047
0 0.67 0.205 0.02 0.045
0 0.669 0.175 0.018 0.042
0 0.682 0.324 0.041 0.085
0 0.761 0.334 0.037 0.079
0 0.701 0.196 0.022 0.043
0 0.721 0.222 0.027 0.05
0 0.71 0.154 0.018 0.033
0 0.725 0.125 0.017 0.035
0 0.747 0.163 0.016 0.038
0 0.757 0.135 0.019 0.037
0 0.757 0.11 0.016 0.028
0 0.771 0.11 0.011 0.032
0 0.779 0.129 0.015 0.033
0 0.776 0.175 0.017 0.042
0 0.791 0.202 0.022 0.043
0 0.774 0.276 0.028 0.067
0 0.837 0.35 0.035 0.079
0 0.811 0.265 0.026 0.059
0 0.813 0.158 0.016 0.032
0 0.816 0.192 0.017 0.043
0 0.841 0.232 0.025 0.052
0 0.856 0.293 0.023 0.059
0 0.864 0.275 0.018 0.052
0 0.852 0.177 0.017 0.043
0 0.834 0.166 0.017 0.045
0 0.842 0.145 0.016 0.033
0 0.871 0.171 0.015 0.037
0 0.877 0.145 0.015 0.035
0 0.89 0.146 0.013 0.035
0 0.892 0.191 0.017 0.043
0 0.885 0.222 0.017 0.055
0 0.903 0.177 0.014 0.037
0 0.911 0.163 0.015 0.038
0 0.917 0.331 0.025 0.074
0 0.93 0.299 0.026 0.054
0 0.931 0.242 0.019 0.052
0 0.95 0.202 0.015 0.038
0 0.944 0.162 0.019 0.04
