0 0.204 0.111 0.012 0.032
0 0.358 0.085 0.015 0.037
0 0.224 0.131 0.016 0.033
0 0.158 0.15 0.013 0.037
0 0.051 0.21 0.017 0.044
0 0.123 0.211 0.017 0.042
0 0.258 0.125 0.018 0.042
0 0.387 0.089 0.011 0.028
0 0.404 0.084 0.01 0.028
0 0.49 0.078 0.008 0.026
0 0.535 0.077 0.01 0.025
0 0.188 0.194 0.022 0.044
0 0.177 0.266 0.02 0.047
0 0.061 0.401 0.02 0.065
0 0.074 0.481 0.025 0.063
0 0.128 0.585 0.033 0.079
0 0.207 0.439 0.025 0.056
0 0.209 0.339 0.022 0.068
0 0.245 0.275 0.016 0.046
0 0.29 0.204 0.019 0.053
0 0.292 0.165 0.018 0.035
0 0.308 0.231 0.018 0.033
0 0.354 0.223 0.014 0.046
0 0.374 0.165 0.01 0.035
0 0.414 0.162 0.017 0.04
0 0.46 0.128 0.013 0.035
0 0.544 0.467 0.029 0.07
0 0.473 0.215 0.015 0.051
0 0.481 0.264 0.021 0.047
0 0.538 0.3 0.018 0.049
0 0.505 0.175 0.01 0.032
0 0.477 0.117 0.013 0.026
0 0.506 0.1 0.012 0.021
0 0.594 0.125 0.013 0.033
0 0.566 0.198 0.018 0.039
0 0.608 0.232 0.015 0.044
0 0.672 0.326 0.018 0.049
0 0.705 0.268 0.019 0.04
0 0.646 0.149 0.009 0.028
0 0.615 0.109 0.014 0.028
0 0.763 0.205 0.016 0.039
0 0.804 0.225 0.014 0.04
0 0.847 0.268 0.015 0.04
0 0.862 0.301 0.014 0.044
0 0.916 0.364 0.019 0.044
0 0.695 0.208 0.018 0.044
0 0.718 0.212 0.014 0.032
0 0.778 0.368 0.024 0.051
0 0.041 0.236 0.016 0.054
0 0.465 0.158 0.016 0.032
