0 0.196 0.448 0.045 0.082
0 0.057 0.244 0.018 0.034
0 0.048 0.264 0.017 0.032
0 0.092 0.23 0.016 0.032
0 0.101 0.244 0.016 0.042
0 0.295 0.226 0.022 0.032
0 0.613 0.106 0.014 0.032
0 0.582 0.111 0.016 0.031
0 0.573 0.125 0.021 0.032
0 0.652 0.105 0.014 0.023
0 0.681 0.11 0.014 0.025
0 0.435 0.175 0.019 0.029
0 0.472 0.156 0.017 0.04
0 0.329 0.189 0.018 0.034
0 0.355 0.198 0.019 0.032
0 0.379 0.199 0.021 0.044
0 0.407 0.191 0.022 0.038
0 0.491 0.139 0.02 0.042
0 0.522 0.073 0.018 0.025
0 0.332 0.241 0.029 0.036
0 0.362 0.24 0.02 0.031
0 0.512 0.152 0.017 0.044
0 0.526 0.133 0.019 0.04
0 0.384 0.249 0.019 0.032
0 0.425 0.252 0.027 0.038
0 0.486 0.202 0.02 0.042
0 0.549 0.147 0.018 0.038
0 0.492 0.25 0.025 0.05
0 0.536 0.202 0.024 0.042
0 0.582 0.171 0.015 0.036
0 0.633 0.149 0.016 0.038
0 0.572 0.267 0.022 0.046
0 0.704 0.11 0.015 0.04
0 0.67 0.18 0.019 0.036
0 0.62 0.211 0.024 0.04
0 0.616 0.288 0.027 0.057
0 0.649 0.337 0.034 0.063
0 0.675 0.281 0.022 0.048
0 0.599 0.234 0.024 0.048
0 0.701 0.196 0.025 0.044
0 0.709 0.159 0.016 0.036
0 0.757 0.135 0.02 0.036
0 0.79 0.138 0.014 0.04
0 0.807 0.152 0.015 0.036
0 0.752 0.202 0.02 0.034
0 0.713 0.247 0.027 0.048
0 0.765 0.25 0.024 0.042
0 0.801 0.219 0.021 0.038
0 0.813 0.265 0.019 0.038
0 0.756 0.31 0.03 0.055
0 0.748 0.388 0.029 0.059
0 0.823 0.397 0.027 0.069
0 0.911 0.108 0.018 0.044
0 0.936 0.228 0.015 0.048
0 0.884 0.24 0.017 0.042
0 0.864 0.281 0.024 0.05
0 0.927 0.306 0.019 0.052
0 0.836 0.311 0.025 0.053
0 0.911 0.349 0.024 0.053
0 0.897 0.413 0.032 0.078
0 0.31 0.235 0.017 0.031
0 0.449 0.151 0.016 0.034
0 0.744 0.174 0.018 0.031
0 0.657 0.138 0.013 0.025
0 0.692 0.117 0.014 0.029
0 0.429 0.148 0.016 0.025
0 0.596 0.142 0.021 0.044
0 0.453 0.225 0.024 0.046
