0 0.097 0.502 0.054 0.105
0 0.282 0.219 0.017 0.037
0 0.304 0.226 0.018 0.036
0 0.329 0.236 0.016 0.036
0 0.347 0.192 0.017 0.034
0 0.353 0.177 0.018 0.032
0 0.377 0.191 0.015 0.036
0 0.392 0.192 0.021 0.044
0 0.38 0.238 0.021 0.042
0 0.426 0.229 0.023 0.051
0 0.414 0.186 0.019 0.042
0 0.452 0.219 0.021 0.044
0 0.48 0.215 0.025 0.051
0 0.486 0.185 0.02 0.031
0 0.507 0.184 0.016 0.039
0 0.444 0.169 0.02 0.042
0 0.423 0.141 0.013 0.034
0 0.461 0.149 0.016 0.034
0 0.471 0.157 0.014 0.032
0 0.472 0.129 0.016 0.024
0 0.492 0.131 0.012 0.027
0 0.504 0.121 0.014 0.025
0 0.512 0.136 0.014 0.036
0 0.527 0.119 0.012 0.029
0 0.528 0.158 0.015 0.032
0 0.554 0.154 0.016 0.031
0 0.548 0.14 0.015 0.025
0 0.555 0.118 0.013 0.025
0 0.561 0.136 0.016 0.022
0 0.586 0.167 0.019 0.039
0 0.56 0.181 0.018 0.036
0 0.58 0.111 0.013 0.029
0 0.59 0.109 0.014 0.029
0 0.601 0.126 0.014 0.029
0 0.618 0.108 0.014 0.027
0 0.625 0.142 0.014 0.034
0 0.63 0.121 0.015 0.025
0 0.643 0.108 0.014 0.029
0 0.666 0.131 0.016 0.032
0 0.661 0.113 0.013 0.022
0 0.67 0.098 0.012 0.027
0 0.695 0.102 0.01 0.024
0 0.693 0.124 0.014 0.024
0 0.705 0.152 0.016 0.032
0 0.721 0.108 0.012 0.031
0 0.571 0.236 0.022 0.047
0 0.553 0.281 0.035 0.071
0 0.496 0.276 0.027 0.054
0 0.615 0.31 0.03 0.068
0 0.625 0.246 0.025 0.051
0 0.635 0.2 0.015 0.037
0 0.671 0.179 0.019 0.036
0 0.724 0.182 0.018 0.049
0 0.736 0.145 0.015 0.039
0 0.753 0.131 0.016 0.036
0 0.764 0.152 0.015 0.032
0 0.746 0.166 0.015 0.037
0 0.737 0.215 0.021 0.044
0 0.672 0.271 0.026 0.054
0 0.701 0.306 0.029 0.063
0 0.736 0.292 0.023 0.054
0 0.749 0.366 0.037 0.071
0 0.827 0.393 0.038 0.071
0 0.908 0.422 0.04 0.088
0 0.847 0.305 0.033 0.068
0 0.784 0.31 0.027 0.058
0 0.774 0.234 0.022 0.051
0 0.762 0.197 0.018 0.047
0 0.798 0.154 0.016 0.037
0 0.803 0.133 0.014 0.025
0 0.818 0.154 0.017 0.041
0 0.807 0.196 0.024 0.039
0 0.82 0.231 0.021 0.049
0 0.876 0.265 0.025 0.053
0 0.891 0.227 0.02 0.047
0 0.929 0.209 0.02 0.042
0 0.926 0.277 0.024 0.053
0 0.919 0.34 0.027 0.063
