0 0.174 0.495 0.045 0.081
0 0.259 0.266 0.02 0.034
0 0.281 0.262 0.019 0.034
0 0.375 0.278 0.019 0.041
0 0.49 0.309 0.03 0.058
0 0.544 0.325 0.028 0.039
0 0.688 0.326 0.024 0.055
0 0.719 0.341 0.022 0.069
0 0.79 0.377 0.035 0.069
0 0.892 0.378 0.034 0.07
0 0.905 0.301 0.018 0.05
0 0.828 0.315 0.024 0.05
0 0.771 0.279 0.026 0.05
0 0.707 0.273 0.027 0.041
0 0.744 0.238 0.025 0.034
0 0.737 0.182 0.019 0.041
0 0.78 0.199 0.019 0.045
0 0.83 0.203 0.021 0.043
0 0.693 0.188 0.025 0.033
0 0.66 0.22 0.03 0.043
0 0.611 0.259 0.033 0.045
0 0.559 0.263 0.028 0.046
0 0.54 0.194 0.025 0.038
0 0.431 0.232 0.025 0.033
0 0.404 0.223 0.026 0.027
0 0.368 0.22 0.022 0.026
0 0.701 0.057 0.012 0.026
0 0.803 0.14 0.022 0.036
0 0.828 0.141 0.017 0.038
0 0.843 0.119 0.015 0.033
0 0.868 0.13 0.018 0.031
0 0.886 0.134 0.012 0.055
0 0.905 0.142 0.01 0.034
0 0.928 0.147 0.022 0.05
0 0.876 0.197 0.028 0.048
0 0.926 0.225 0.025 0.038
0 0.865 0.254 0.026 0.048
0 0.441 0.194 0.019 0.024
0 0.474 0.189 0.011 0.034
0 0.489 0.198 0.016 0.039
0 0.512 0.126 0.015 0.029
0 0.533 0.123 0.016 0.027
0 0.617 0.149 0.013 0.031
0 0.65 0.142 0.016 0.031
0 0.65 0.112 0.019 0.022
0 0.585 0.144 0.019 0.031
0 0.566 0.133 0.016 0.026
0 0.449 0.154 0.016 0.019
0 0.468 0.153 0.019 0.024
0 0.589 0.113 0.017 0.021
0 0.547 0.07 0.018 0.027
0 0.624 0.098 0.025 0.038
0 0.364 0.191 0.017 0.022
