0 0.254 0.241 0.015 0.03
0 0.27 0.184 0.017 0.03
0 0.32 0.25 0.018 0.032
0 0.321 0.223 0.016 0.025
0 0.352 0.208 0.019 0.032
0 0.354 0.234 0.019 0.033
0 0.366 0.265 0.021 0.038
0 0.335 0.273 0.017 0.03
0 0.395 0.29 0.028 0.052
0 0.404 0.218 0.018 0.042
0 0.387 0.195 0.016 0.032
0 0.371 0.186 0.012 0.03
0 0.421 0.21 0.018 0.028
0 0.435 0.185 0.016 0.035
0 0.45 0.189 0.017 0.033
0 0.469 0.232 0.024 0.06
0 0.488 0.135 0.013 0.023
0 0.5 0.153 0.012 0.028
0 0.485 0.194 0.021 0.033
0 0.516 0.191 0.018 0.037
0 0.535 0.205 0.02 0.042
0 0.538 0.154 0.015 0.037
0 0.56 0.161 0.016 0.033
0 0.591 0.164 0.016 0.033
0 0.573 0.125 0.012 0.028
0 0.582 0.064 0.012 0.02
0 0.603 0.143 0.013 0.028
0 0.619 0.147 0.014 0.027
0 0.65 0.135 0.013 0.025
0 0.623 0.13 0.014 0.025
0 0.659 0.12 0.011 0.03
0 0.69 0.121 0.013 0.028
0 0.716 0.071 0.016 0.038
0 0.722 0.155 0.015 0.032
0 0.744 0.126 0.015 0.032
0 0.714 0.185 0.018 0.035
0 0.704 0.154 0.015 0.03
0 0.677 0.207 0.021 0.043
0 0.644 0.211 0.022 0.05
0 0.585 0.284 0.03 0.06
0 0.488 0.336 0.03 0.047
0 0.624 0.331 0.033 0.057
0 0.616 0.286 0.022 0.043
0 0.676 0.272 0.031 0.065
0 0.732 0.295 0.028 0.055
0 0.726 0.263 0.026 0.043
0 0.758 0.195 0.021 0.042
0 0.781 0.22 0.024 0.045
0 0.756 0.167 0.014 0.03
0 0.776 0.139 0.017 0.033
0 0.794 0.156 0.013 0.027
0 0.811 0.173 0.019 0.038
0 0.846 0.15 0.015 0.028
0 0.852 0.174 0.013 0.03
0 0.847 0.217 0.02 0.042
0 0.826 0.248 0.021 0.055
0 0.772 0.329 0.028 0.048
0 0.858 0.307 0.025 0.065
0 0.858 0.269 0.024 0.043
0 0.93 0.291 0.022 0.05
0 0.922 0.232 0.023 0.045
0 0.901 0.196 0.015 0.038
0 0.896 0.163 0.015 0.035
