0 0.142 0.526 0.045 0.084
0 0.23 0.343 0.016 0.038
0 0.264 0.344 0.02 0.044
0 0.282 0.377 0.023 0.044
0 0.285 0.312 0.019 0.037
0 0.337 0.36 0.023 0.053
0 0.356 0.325 0.015 0.033
0 0.354 0.296 0.015 0.033
0 0.382 0.35 0.022 0.041
0 0.41 0.334 0.02 0.038
0 0.407 0.296 0.019 0.03
0 0.392 0.261 0.015 0.028
0 0.44 0.335 0.026 0.047
0 0.426 0.259 0.015 0.024
0 0.444 0.264 0.015 0.031
0 0.472 0.308 0.02 0.043
0 0.5 0.328 0.019 0.038
0 0.468 0.266 0.012 0.036
0 0.46 0.241 0.012 0.03
0 0.505 0.267 0.015 0.036
0 0.524 0.272 0.017 0.037
0 0.516 0.25 0.016 0.03
0 0.541 0.251 0.017 0.037
0 0.547 0.291 0.015 0.034
0 0.575 0.261 0.015 0.033
0 0.569 0.249 0.01 0.026
0 0.553 0.228 0.013 0.031
0 0.568 0.221 0.012 0.028
0 0.596 0.222 0.016 0.033
0 0.603 0.208 0.012 0.028
0 0.596 0.253 0.015 0.033
0 0.631 0.252 0.017 0.034
0 0.621 0.218 0.011 0.028
0 0.634 0.224 0.015 0.023
0 0.668 0.229 0.014 0.021
0 0.667 0.207 0.013 0.034
0 0.679 0.224 0.017 0.03
0 0.536 0.358 0.024 0.056
0 0.479 0.404 0.032 0.058
0 0.549 0.408 0.027 0.05
0 0.592 0.454 0.031 0.074
0 0.63 0.467 0.04 0.075
0 0.692 0.543 0.043 0.073
0 0.807 0.516 0.036 0.07
0 0.61 0.361 0.025 0.053
0 0.597 0.329 0.017 0.04
0 0.629 0.301 0.017 0.038
0 0.645 0.368 0.027 0.057
0 0.687 0.358 0.022 0.056
0 0.713 0.403 0.031 0.068
0 0.778 0.429 0.03 0.061
0 0.833 0.456 0.03 0.068
0 0.913 0.469 0.035 0.06
0 0.899 0.442 0.02 0.044
0 0.849 0.39 0.023 0.048
0 0.807 0.361 0.022 0.053
0 0.786 0.298 0.019 0.038
0 0.772 0.288 0.015 0.04
0 0.764 0.266 0.015 0.027
0 0.772 0.239 0.013 0.03
0 0.726 0.253 0.017 0.041
0 0.741 0.239 0.011 0.023
0 0.729 0.235 0.013 0.026
0 0.701 0.251 0.018 0.038
0 0.667 0.282 0.017 0.04
0 0.697 0.3 0.02 0.033
0 0.676 0.318 0.022 0.043
0 0.802 0.244 0.016 0.028
0 0.812 0.266 0.017 0.031
0 0.835 0.254 0.014 0.028
0 0.843 0.272 0.019 0.037
0 0.837 0.311 0.019 0.038
0 0.861 0.336 0.019 0.031
0 0.876 0.323 0.018 0.04
0 0.871 0.261 0.015 0.034
0 0.893 0.286 0.018 0.043
0 0.912 0.353 0.022 0.043
0 0.907 0.318 0.017 0.033
0 0.919 0.303 0.013 0.03
0 0.929 0.275 0.015 0.028
