0 0.096 0.56 0.051 0.126
0 0.203 0.288 0.022 0.053
0 0.227 0.279 0.023 0.054
0 0.275 0.225 0.018 0.049
0 0.281 0.252 0.02 0.048
0 0.307 0.203 0.022 0.049
0 0.326 0.21 0.02 0.049
0 0.344 0.219 0.019 0.048
0 0.367 0.249 0.023 0.053
0 0.363 0.189 0.018 0.041
0 0.386 0.181 0.018 0.039
0 0.392 0.224 0.02 0.051
0 0.432 0.296 0.026 0.061
0 0.429 0.191 0.018 0.043
0 0.44 0.148 0.016 0.034
0 0.455 0.153 0.014 0.031
0 0.475 0.162 0.017 0.049
0 0.474 0.235 0.022 0.054
0 0.491 0.211 0.017 0.048
0 0.524 0.223 0.019 0.041
0 0.518 0.162 0.02 0.044
0 0.494 0.143 0.018 0.044
0 0.526 0.149 0.018 0.039
0 0.554 0.144 0.016 0.036
0 0.551 0.123 0.014 0.032
0 0.574 0.125 0.017 0.039
0 0.579 0.155 0.016 0.037
0 0.576 0.19 0.02 0.046
0 0.605 0.185 0.017 0.043
0 0.614 0.166 0.019 0.036
0 0.606 0.145 0.014 0.032
0 0.598 0.114 0.015 0.031
0 0.632 0.111 0.013 0.036
0 0.655 0.14 0.015 0.029
0 0.655 0.118 0.013 0.043
0 0.66 0.174 0.018 0.039
0 0.685 0.145 0.017 0.043
0 0.691 0.131 0.017 0.037
0 0.717 0.143 0.018 0.044
0 0.69 0.207 0.019 0.048
0 0.666 0.227 0.022 0.053
0 0.622 0.291 0.026 0.068
0 0.574 0.319 0.027 0.066
0 0.609 0.353 0.031 0.077
0 0.654 0.402 0.031 0.077
0 0.724 0.388 0.027 0.071
0 0.714 0.244 0.019 0.056
0 0.746 0.219 0.019 0.053
0 0.752 0.281 0.026 0.063
0 0.803 0.3 0.022 0.063
0 0.793 0.249 0.02 0.049
0 0.778 0.209 0.023 0.051
0 0.764 0.175 0.018 0.041
0 0.808 0.179 0.02 0.046
0 0.816 0.217 0.016 0.046
0 0.831 0.204 0.014 0.041
0 0.861 0.218 0.014 0.034
0 0.874 0.221 0.014 0.044
0 0.89 0.266 0.02 0.049
0 0.906 0.225 0.014 0.049
0 0.858 0.327 0.02 0.06
0 0.866 0.304 0.015 0.051
0 0.881 0.389 0.026 0.068
0 0.795 0.448 0.033 0.097
0 0.859 0.524 0.032 0.082
0 0.925 0.321 0.018 0.053
0 0.933 0.261 0.017 0.049
0 0.956 0.25 0.018 0.041
0 0.985 0.25 0.014 0.037
0 0.975 0.355 0.016 0.056
0 0.974 0.316 0.013 0.037
0 0.947 0.369 0.024 0.068
0 0.945 0.438 0.024 0.073
