0 0.078 0.33 0.039 0.081
0 0.189 0.465 0.047 0.086
0 0.296 0.212 0.023 0.046
0 0.304 0.241 0.018 0.036
0 0.329 0.184 0.029 0.039
0 0.343 0.258 0.018 0.046
0 0.334 0.207 0.023 0.039
0 0.37 0.203 0.019 0.043
0 0.389 0.201 0.02 0.051
0 0.427 0.175 0.024 0.041
0 0.449 0.153 0.021 0.038
0 0.443 0.208 0.019 0.048
0 0.428 0.256 0.032 0.048
0 0.473 0.22 0.024 0.048
0 0.47 0.147 0.022 0.043
0 0.482 0.125 0.013 0.038
0 0.491 0.142 0.015 0.036
0 0.501 0.121 0.017 0.033
0 0.524 0.119 0.016 0.036
0 0.511 0.229 0.021 0.046
0 0.512 0.182 0.023 0.051
0 0.533 0.162 0.023 0.039
0 0.542 0.133 0.021 0.033
0 0.582 0.125 0.019 0.038
0 0.552 0.202 0.027 0.048
0 0.558 0.158 0.023 0.041
0 0.601 0.114 0.019 0.036
0 0.62 0.123 0.023 0.036
0 0.616 0.16 0.02 0.033
0 0.65 0.136 0.019 0.039
0 0.664 0.098 0.016 0.031
0 0.673 0.127 0.025 0.038
0 0.691 0.1 0.017 0.033
0 0.706 0.105 0.018 0.041
0 0.512 0.296 0.038 0.063
0 0.562 0.247 0.028 0.058
0 0.635 0.212 0.029 0.05
0 0.62 0.262 0.04 0.06
0 0.599 0.34 0.033 0.079
0 0.678 0.273 0.031 0.055
0 0.669 0.184 0.03 0.05
0 0.705 0.19 0.019 0.057
0 0.723 0.151 0.033 0.045
0 0.761 0.131 0.018 0.046
0 0.79 0.137 0.019 0.045
0 0.757 0.188 0.021 0.039
0 0.742 0.204 0.03 0.045
0 0.729 0.24 0.036 0.062
0 0.691 0.313 0.03 0.063
0 0.714 0.283 0.028 0.048
0 0.811 0.154 0.019 0.038
0 0.802 0.22 0.023 0.05
0 0.764 0.258 0.027 0.046
0 0.812 0.262 0.023 0.06
0 0.787 0.316 0.031 0.058
0 0.785 0.401 0.033 0.075
0 0.825 0.408 0.035 0.072
0 0.84 0.334 0.033 0.058
0 0.863 0.284 0.031 0.063
0 0.883 0.241 0.028 0.053
0 0.927 0.237 0.024 0.055
0 0.929 0.311 0.032 0.063
0 0.903 0.373 0.03 0.06
0 0.904 0.425 0.039 0.075
0 0.771 0.15 0.02 0.033
0 0.786 0.159 0.017 0.033
0 0.58 0.182 0.027 0.038
0 0.579 0.159 0.017 0.043
0 0.509 0.146 0.018 0.038
0 0.47 0.186 0.027 0.033
0 0.373 0.288 0.029 0.041
