0 0.872 0.253 0.011 0.027
0 0.834 0.253 0.011 0.029
0 0.846 0.267 0.011 0.032
0 0.888 0.276 0.013 0.03
0 0.879 0.309 0.011 0.033
0 0.865 0.332 0.016 0.032
0 0.84 0.304 0.014 0.034
0 0.85 0.377 0.02 0.056
0 0.903 0.298 0.013 0.025
0 0.904 0.326 0.019 0.032
0 0.925 0.348 0.016 0.043
0 0.924 0.304 0.014 0.032
0 0.931 0.272 0.012 0.027
0 0.803 0.243 0.015 0.03
0 0.807 0.277 0.013 0.027
0 0.804 0.295 0.013 0.037
0 0.906 0.403 0.019 0.051
0 0.913 0.451 0.028 0.062
0 0.803 0.333 0.014 0.032
0 0.806 0.35 0.019 0.047
0 0.839 0.443 0.025 0.059
0 0.813 0.499 0.032 0.07
0 0.78 0.416 0.028 0.054
0 0.776 0.239 0.012 0.03
0 0.782 0.264 0.014 0.036
0 0.769 0.272 0.014 0.03
0 0.741 0.236 0.011 0.027
0 0.727 0.249 0.013 0.034
0 0.701 0.247 0.014 0.03
0 0.69 0.298 0.015 0.036
0 0.683 0.353 0.019 0.044
0 0.718 0.392 0.027 0.056
0 0.656 0.356 0.024 0.055
0 0.63 0.3 0.018 0.037
0 0.638 0.244 0.012 0.026
0 0.667 0.273 0.015 0.034
0 0.669 0.208 0.009 0.023
0 0.669 0.227 0.011 0.026
0 0.68 0.225 0.011 0.021
0 0.634 0.221 0.011 0.022
0 0.598 0.21 0.009 0.025
0 0.6 0.222 0.011 0.026
0 0.602 0.247 0.011 0.025
0 0.6 0.321 0.02 0.047
0 0.63 0.455 0.027 0.071
0 0.691 0.53 0.028 0.065
0 0.59 0.436 0.027 0.065
0 0.579 0.405 0.024 0.041
0 0.544 0.398 0.023 0.058
0 0.554 0.276 0.015 0.033
0 0.579 0.263 0.012 0.029
0 0.582 0.236 0.011 0.026
0 0.568 0.212 0.011 0.019
0 0.553 0.225 0.011 0.027
0 0.539 0.251 0.012 0.033
0 0.536 0.35 0.019 0.048
0 0.502 0.319 0.015 0.034
0 0.52 0.273 0.014 0.03
0 0.506 0.258 0.015 0.033
0 0.518 0.245 0.011 0.023
0 0.478 0.391 0.025 0.055
0 0.473 0.302 0.015 0.032
0 0.472 0.261 0.013 0.025
0 0.464 0.239 0.011 0.027
0 0.426 0.256 0.012 0.023
0 0.409 0.296 0.014 0.032
0 0.422 0.286 0.012 0.026
0 0.411 0.326 0.024 0.037
0 0.434 0.305 0.015 0.033
0 0.443 0.326 0.019 0.041
0 0.391 0.26 0.011 0.027
0 0.353 0.292 0.015 0.029
0 0.334 0.354 0.02 0.045
0 0.353 0.326 0.015 0.033
0 0.382 0.334 0.017 0.038
0 0.287 0.302 0.014 0.03
0 0.265 0.337 0.015 0.04
0 0.279 0.37 0.014 0.037
0 0.231 0.334 0.015 0.034
0 0.095 0.549 0.038 0.074
0 0.701 0.291 0.014 0.034
0 0.647 0.339 0.021 0.051
