0 0.228 0.502 0.044 0.087
0 0.312 0.262 0.018 0.035
0 0.333 0.278 0.02 0.042
0 0.387 0.202 0.02 0.035
0 0.429 0.28 0.022 0.048
0 0.423 0.224 0.016 0.037
0 0.442 0.234 0.022 0.037
0 0.444 0.196 0.017 0.037
0 0.436 0.17 0.016 0.035
0 0.452 0.158 0.013 0.028
0 0.473 0.151 0.013 0.032
0 0.487 0.139 0.011 0.027
0 0.472 0.21 0.016 0.032
0 0.475 0.191 0.014 0.033
0 0.482 0.171 0.014 0.03
0 0.497 0.175 0.013 0.032
0 0.524 0.216 0.018 0.04
0 0.526 0.156 0.015 0.033
0 0.54 0.084 0.011 0.028
0 0.568 0.11 0.012 0.025
0 0.6 0.099 0.013 0.03
0 0.616 0.117 0.012 0.023
0 0.615 0.136 0.013 0.028
0 0.558 0.15 0.016 0.035
0 0.58 0.161 0.015 0.028
0 0.609 0.181 0.021 0.043
0 0.576 0.135 0.012 0.033
0 0.685 0.063 0.01 0.032
0 0.785 0.056 0.014 0.025
0 0.69 0.102 0.014 0.03
0 0.754 0.109 0.014 0.03
0 0.811 0.13 0.014 0.033
0 0.702 0.135 0.019 0.033
0 0.684 0.157 0.018 0.04
0 0.7 0.188 0.018 0.038
0 0.663 0.205 0.022 0.052
0 0.75 0.15 0.017 0.038
0 0.723 0.177 0.02 0.04
0 0.755 0.179 0.02 0.037
0 0.799 0.197 0.018 0.047
0 0.853 0.184 0.017 0.043
0 0.871 0.229 0.017 0.05
0 0.608 0.254 0.024 0.05
0 0.55 0.297 0.027 0.062
0 0.483 0.326 0.033 0.054
0 0.661 0.264 0.024 0.057
0 0.72 0.282 0.027 0.059
0 0.775 0.314 0.026 0.055
0 0.973 0.378 0.044 0.097
