0 0.203 0.357 0.046 0.097
0 0.303 0.229 0.023 0.046
0 0.323 0.178 0.018 0.042
0 0.348 0.195 0.021 0.034
0 0.403 0.189 0.022 0.035
0 0.414 0.162 0.014 0.028
0 0.413 0.143 0.015 0.025
0 0.442 0.168 0.02 0.041
0 0.438 0.2 0.019 0.041
0 0.47 0.205 0.028 0.055
0 0.439 0.143 0.014 0.025
0 0.449 0.129 0.011 0.021
0 0.46 0.143 0.014 0.032
0 0.475 0.165 0.02 0.037
0 0.494 0.145 0.014 0.032
0 0.497 0.126 0.014 0.026
0 0.512 0.117 0.013 0.026
0 0.516 0.148 0.016 0.032
0 0.526 0.17 0.02 0.034
0 0.548 0.168 0.016 0.037
0 0.55 0.14 0.016 0.03
0 0.563 0.138 0.016 0.035
0 0.534 0.137 0.015 0.026
0 0.525 0.121 0.011 0.023
0 0.538 0.123 0.013 0.023
0 0.58 0.099 0.014 0.032
0 0.593 0.136 0.017 0.035
0 0.593 0.118 0.013 0.028
0 0.579 0.168 0.017 0.042
0 0.629 0.144 0.015 0.034
0 0.64 0.138 0.012 0.032
0 0.611 0.093 0.013 0.025
0 0.628 0.093 0.013 0.026
0 0.639 0.108 0.01 0.028
0 0.654 0.116 0.014 0.03
0 0.669 0.101 0.01 0.028
0 0.681 0.113 0.013 0.028
0 0.697 0.11 0.014 0.034
0 0.501 0.271 0.028 0.055
0 0.565 0.228 0.023 0.051
0 0.579 0.273 0.029 0.056
0 0.625 0.29 0.029 0.065
0 0.627 0.254 0.022 0.046
0 0.625 0.185 0.021 0.039
0 0.662 0.175 0.017 0.044
0 0.674 0.201 0.022 0.046
0 0.664 0.255 0.025 0.048
0 0.682 0.305 0.03 0.067
0 0.715 0.34 0.036 0.074
0 0.702 0.198 0.02 0.044
0 0.719 0.22 0.023 0.055
0 0.707 0.155 0.016 0.039
0 0.739 0.163 0.016 0.037
0 0.765 0.136 0.018 0.035
0 0.758 0.115 0.018 0.042
0 0.788 0.127 0.018 0.035
0 0.778 0.166 0.019 0.046
0 0.803 0.19 0.019 0.041
0 0.813 0.181 0.016 0.037
0 0.83 0.169 0.016 0.039
0 0.835 0.206 0.017 0.039
0 0.854 0.178 0.017 0.042
0 0.849 0.145 0.015 0.028
0 0.87 0.168 0.016 0.032
0 0.882 0.141 0.014 0.035
0 0.895 0.19 0.02 0.037
0 0.89 0.233 0.023 0.053
0 0.854 0.302 0.022 0.055
0 0.866 0.285 0.02 0.051
0 0.802 0.255 0.022 0.044
0 0.804 0.29 0.028 0.058
0 0.809 0.355 0.036 0.076
0 0.898 0.42 0.028 0.085
0 0.921 0.319 0.026 0.063
0 0.937 0.271 0.024 0.055
0 0.925 0.234 0.017 0.044
0 0.942 0.236 0.015 0.035
0 0.94 0.194 0.012 0.032
0 0.942 0.164 0.012 0.028
0 0.92 0.15 0.012 0.025
0 0.919 0.174 0.014 0.03
