0 0.412 0.249 0.032 0.065
0 0.273 0.224 0.014 0.031
0 0.36 0.229 0.018 0.041
0 0.371 0.193 0.014 0.038
0 0.393 0.193 0.014 0.034
0 0.393 0.17 0.012 0.029
0 0.422 0.164 0.011 0.027
0 0.427 0.154 0.011 0.027
0 0.443 0.172 0.014 0.032
0 0.413 0.213 0.016 0.041
0 0.428 0.222 0.016 0.041
0 0.447 0.258 0.022 0.044
0 0.457 0.212 0.019 0.043
0 0.5 0.218 0.023 0.049
0 0.486 0.184 0.019 0.038
0 0.488 0.155 0.013 0.034
0 0.477 0.139 0.012 0.029
0 0.495 0.144 0.013 0.026
0 0.512 0.149 0.017 0.029
0 0.52 0.134 0.012 0.026
0 0.534 0.143 0.012 0.027
0 0.54 0.14 0.011 0.024
0 0.537 0.169 0.015 0.034
0 0.526 0.181 0.017 0.041
0 0.541 0.206 0.024 0.049
0 0.569 0.14 0.015 0.024
0 0.582 0.126 0.013 0.024
0 0.599 0.137 0.015 0.034
0 0.607 0.119 0.011 0.029
0 0.618 0.115 0.011 0.029
0 0.628 0.115 0.011 0.029
0 0.636 0.127 0.013 0.029
0 0.622 0.146 0.019 0.032
0 0.58 0.177 0.018 0.038
0 0.576 0.25 0.024 0.053
0 0.569 0.288 0.03 0.058
0 0.632 0.25 0.024 0.049
0 0.642 0.2 0.02 0.041
0 0.657 0.144 0.014 0.029
0 0.66 0.128 0.015 0.024
0 0.657 0.116 0.012 0.024
0 0.688 0.107 0.014 0.029
0 0.688 0.125 0.011 0.029
0 0.711 0.12 0.015 0.032
0 0.7 0.183 0.016 0.039
0 0.659 0.187 0.016 0.043
0 0.674 0.222 0.023 0.041
0 0.691 0.26 0.021 0.046
0 0.729 0.3 0.029 0.055
0 0.725 0.236 0.022 0.046
0 0.748 0.211 0.018 0.046
0 0.742 0.147 0.016 0.034
0 0.752 0.177 0.017 0.031
0 0.752 0.148 0.014 0.029
0 0.762 0.137 0.013 0.034
0 0.785 0.148 0.014 0.034
0 0.801 0.131 0.014 0.034
0 0.823 0.141 0.012 0.029
0 0.857 0.154 0.013 0.029
0 0.878 0.155 0.011 0.031
0 0.914 0.16 0.013 0.029
0 0.933 0.177 0.011 0.036
0 0.948 0.176 0.013 0.031
0 0.948 0.217 0.012 0.038
0 0.935 0.233 0.018 0.043
0 0.926 0.247 0.017 0.046
0 0.928 0.287 0.021 0.058
0 0.92 0.338 0.029 0.065
0 0.846 0.323 0.026 0.056
0 0.86 0.281 0.024 0.049
0 0.84 0.231 0.017 0.043
0 0.843 0.206 0.017 0.034
0 0.854 0.188 0.016 0.034
0 0.875 0.185 0.016 0.029
0 0.892 0.23 0.022 0.038
0 0.836 0.16 0.015 0.034
0 0.813 0.156 0.015 0.032
0 0.799 0.166 0.015 0.032
0 0.833 0.19 0.017 0.032
0 0.785 0.217 0.021 0.041
0 0.769 0.25 0.022 0.046
0 0.796 0.302 0.029 0.061
