0 0.076 0.514 0.044 0.097
0 0.23 0.249 0.019 0.046
0 0.246 0.25 0.021 0.045
0 0.265 0.237 0.013 0.042
0 0.323 0.227 0.016 0.04
0 0.319 0.201 0.019 0.031
0 0.345 0.22 0.021 0.048
0 0.358 0.2 0.017 0.045
0 0.373 0.187 0.02 0.034
0 0.383 0.242 0.021 0.045
0 0.416 0.175 0.017 0.032
0 0.442 0.18 0.013 0.036
0 0.437 0.298 0.02 0.053
0 0.481 0.224 0.023 0.046
0 0.463 0.16 0.016 0.039
0 0.473 0.141 0.016 0.031
0 0.485 0.168 0.022 0.042
0 0.499 0.141 0.011 0.032
0 0.523 0.153 0.017 0.028
0 0.503 0.196 0.016 0.032
0 0.561 0.206 0.02 0.042
0 0.538 0.15 0.012 0.034
0 0.558 0.149 0.011 0.026
0 0.56 0.13 0.015 0.028
0 0.582 0.13 0.017 0.031
0 0.604 0.119 0.013 0.028
0 0.636 0.121 0.012 0.036
0 0.586 0.192 0.013 0.032
0 0.659 0.145 0.016 0.036
0 0.663 0.133 0.019 0.031
0 0.696 0.131 0.015 0.036
0 0.715 0.144 0.012 0.031
0 0.615 0.169 0.015 0.039
0 0.624 0.188 0.018 0.042
0 0.668 0.219 0.023 0.051
0 0.705 0.197 0.017 0.036
0 0.613 0.283 0.024 0.046
0 0.579 0.314 0.023 0.049
0 0.608 0.344 0.024 0.057
0 0.662 0.372 0.027 0.051
0 0.732 0.365 0.027 0.059
0 0.728 0.243 0.021 0.043
0 0.746 0.214 0.017 0.042
0 0.764 0.185 0.016 0.036
0 0.78 0.189 0.014 0.043
0 0.798 0.18 0.021 0.036
0 0.813 0.182 0.013 0.043
0 0.799 0.242 0.017 0.039
0 0.768 0.267 0.016 0.043
0 0.815 0.288 0.019 0.054
0 0.793 0.422 0.029 0.083
0 0.856 0.464 0.028 0.088
0 0.874 0.396 0.021 0.059
0 0.866 0.316 0.022 0.045
0 0.873 0.221 0.015 0.034
0 0.901 0.224 0.014 0.04
0 0.942 0.226 0.017 0.037
0 0.951 0.417 0.022 0.063
0 0.985 0.249 0.013 0.037
0 0.966 0.291 0.018 0.04
0 0.975 0.336 0.018 0.048
0 0.924 0.325 0.019 0.053
0 0.893 0.265 0.018 0.051
0 0.931 0.252 0.011 0.037
0 0.824 0.209 0.018 0.036
0 0.406 0.236 0.017 0.039
0 0.426 0.162 0.014 0.025
0 0.689 0.149 0.02 0.032
0 0.944 0.355 0.02 0.059
