0 0.209 0.481 0.042 0.091
0 0.299 0.248 0.021 0.037
0 0.33 0.279 0.019 0.043
0 0.351 0.259 0.019 0.04
0 0.382 0.208 0.02 0.032
0 0.424 0.22 0.017 0.032
0 0.447 0.22 0.017 0.038
0 0.431 0.282 0.023 0.043
0 0.436 0.171 0.017 0.03
0 0.448 0.189 0.018 0.03
0 0.476 0.203 0.015 0.032
0 0.472 0.156 0.012 0.027
0 0.482 0.163 0.013 0.03
0 0.499 0.172 0.017 0.042
0 0.456 0.154 0.014 0.027
0 0.496 0.133 0.012 0.03
0 0.538 0.145 0.014 0.033
0 0.541 0.126 0.014 0.027
0 0.564 0.118 0.009 0.02
0 0.572 0.132 0.013 0.022
0 0.561 0.154 0.016 0.027
0 0.587 0.159 0.019 0.027
0 0.593 0.129 0.016 0.028
0 0.616 0.142 0.013 0.022
0 0.607 0.097 0.016 0.022
0 0.626 0.117 0.012 0.025
0 0.488 0.326 0.032 0.047
0 0.531 0.229 0.02 0.033
0 0.56 0.238 0.021 0.04
0 0.558 0.3 0.03 0.065
0 0.615 0.256 0.022 0.04
0 0.624 0.301 0.035 0.061
0 0.631 0.213 0.023 0.042
0 0.7 0.101 0.016 0.037
0 0.696 0.154 0.018 0.038
0 0.686 0.198 0.018 0.043
0 0.668 0.254 0.022 0.053
0 0.742 0.116 0.016 0.033
0 0.759 0.116 0.013 0.03
0 0.719 0.141 0.017 0.033
0 0.711 0.182 0.017 0.038
0 0.733 0.175 0.016 0.035
0 0.764 0.149 0.016 0.032
0 0.769 0.185 0.014 0.032
0 0.757 0.189 0.018 0.04
0 0.727 0.284 0.028 0.06
0 0.785 0.289 0.027 0.05
0 0.824 0.13 0.012 0.028
0 0.813 0.184 0.016 0.038
0 0.863 0.187 0.019 0.038
0 0.885 0.232 0.016 0.048
0 0.902 0.194 0.016 0.04
0 0.912 0.136 0.015 0.04
0 0.942 0.189 0.017 0.042
0 0.978 0.13 0.014 0.037
