0 0.119 0.514 0.04 0.074
0 0.21 0.327 0.018 0.032
0 0.237 0.35 0.018 0.04
0 0.264 0.372 0.02 0.037
0 0.268 0.299 0.016 0.03
0 0.302 0.317 0.018 0.027
0 0.317 0.35 0.018 0.033
0 0.335 0.321 0.018 0.032
0 0.337 0.284 0.018 0.03
0 0.363 0.335 0.019 0.034
0 0.393 0.319 0.02 0.034
0 0.39 0.287 0.018 0.033
0 0.375 0.251 0.014 0.026
0 0.411 0.249 0.013 0.024
0 0.429 0.25 0.014 0.024
0 0.436 0.33 0.022 0.036
0 0.416 0.304 0.017 0.03
0 0.457 0.295 0.015 0.023
0 0.464 0.251 0.015 0.023
0 0.453 0.231 0.012 0.021
0 0.456 0.223 0.013 0.019
0 0.495 0.252 0.015 0.026
0 0.5 0.238 0.013 0.02
0 0.544 0.213 0.013 0.023
0 0.559 0.207 0.015 0.021
0 0.53 0.259 0.016 0.03
0 0.545 0.271 0.017 0.03
0 0.565 0.255 0.015 0.029
0 0.589 0.238 0.013 0.026
0 0.591 0.208 0.013 0.024
0 0.596 0.196 0.013 0.023
0 0.616 0.201 0.013 0.024
0 0.627 0.213 0.012 0.024
0 0.626 0.23 0.012 0.024
0 0.661 0.198 0.013 0.023
0 0.663 0.218 0.012 0.023
0 0.673 0.212 0.012 0.023
0 0.488 0.317 0.017 0.032
0 0.465 0.39 0.025 0.049
0 0.533 0.401 0.026 0.046
0 0.526 0.345 0.023 0.039
0 0.572 0.446 0.032 0.066
0 0.624 0.456 0.033 0.066
0 0.606 0.349 0.02 0.039
0 0.589 0.315 0.018 0.034
0 0.622 0.291 0.017 0.029
0 0.645 0.349 0.023 0.042
0 0.662 0.262 0.015 0.029
0 0.666 0.299 0.022 0.04
0 0.695 0.236 0.014 0.033
0 0.694 0.284 0.018 0.033
0 0.683 0.345 0.023 0.05
0 0.714 0.386 0.028 0.047
0 0.691 0.528 0.033 0.064
0 0.794 0.553 0.032 0.072
0 0.833 0.458 0.028 0.056
0 0.778 0.408 0.027 0.044
0 0.919 0.457 0.028 0.054
0 0.844 0.4 0.023 0.044
0 0.926 0.39 0.02 0.039
0 0.912 0.31 0.016 0.03
0 0.929 0.297 0.017 0.03
0 0.929 0.26 0.013 0.027
0 0.89 0.266 0.015 0.032
0 0.883 0.305 0.013 0.034
0 0.865 0.324 0.017 0.036
0 0.84 0.299 0.015 0.032
0 0.848 0.26 0.018 0.033
0 0.873 0.244 0.012 0.024
0 0.838 0.245 0.014 0.023
0 0.809 0.26 0.013 0.024
0 0.802 0.229 0.013 0.027
0 0.787 0.284 0.021 0.036
0 0.769 0.277 0.018 0.037
0 0.777 0.252 0.013 0.029
0 0.773 0.226 0.015 0.029
0 0.728 0.244 0.013 0.033
0 0.728 0.228 0.013 0.023
0 0.737 0.226 0.011 0.024
0 0.802 0.349 0.019 0.036
0 0.803 0.326 0.018 0.027
