0 0.17 0.249 0.022 0.041
0 0.24 0.247 0.024 0.048
0 0.195 0.515 0.056 0.09
0 0.288 0.229 0.02 0.046
0 0.33 0.196 0.021 0.037
0 0.333 0.233 0.018 0.048
0 0.358 0.258 0.021 0.048
0 0.43 0.251 0.023 0.041
0 0.348 0.215 0.019 0.032
0 0.381 0.199 0.021 0.043
0 0.433 0.21 0.024 0.037
0 0.466 0.216 0.021 0.039
0 0.415 0.157 0.012 0.03
0 0.438 0.153 0.018 0.02
0 0.442 0.177 0.021 0.028
0 0.482 0.155 0.013 0.03
0 0.496 0.181 0.017 0.035
0 0.502 0.228 0.023 0.041
0 0.56 0.184 0.02 0.041
0 0.498 0.271 0.026 0.053
0 0.529 0.125 0.016 0.027
0 0.504 0.152 0.013 0.028
0 0.545 0.135 0.015 0.028
0 0.55 0.153 0.018 0.023
0 0.581 0.17 0.015 0.032
0 0.574 0.136 0.015 0.027
0 0.581 0.112 0.013 0.025
0 0.622 0.149 0.012 0.025
0 0.606 0.123 0.014 0.027
0 0.627 0.118 0.011 0.023
0 0.644 0.13 0.016 0.027
0 0.646 0.109 0.014 0.027
0 0.666 0.121 0.014 0.032
0 0.692 0.106 0.012 0.025
0 0.689 0.129 0.013 0.028
0 0.656 0.18 0.018 0.034
0 0.616 0.234 0.016 0.046
0 0.541 0.313 0.029 0.055
0 0.569 0.257 0.026 0.046
0 0.612 0.324 0.031 0.067
0 0.679 0.351 0.034 0.057
0 0.733 0.407 0.031 0.062
0 0.663 0.285 0.025 0.055
0 0.725 0.31 0.025 0.053
0 0.773 0.316 0.024 0.06
0 0.847 0.326 0.026 0.064
0 0.901 0.348 0.028 0.057
0 0.909 0.297 0.02 0.037
0 0.867 0.299 0.021 0.041
0 0.805 0.248 0.025 0.053
0 0.802 0.205 0.017 0.034
0 0.763 0.245 0.024 0.043
0 0.734 0.231 0.023 0.044
0 0.697 0.21 0.022 0.041
0 0.7 0.176 0.014 0.028
0 0.721 0.149 0.015 0.028
0 0.704 0.122 0.01 0.028
0 0.75 0.135 0.017 0.035
0 0.779 0.141 0.015 0.034
0 0.878 0.23 0.017 0.037
0 0.93 0.224 0.02 0.044
0 0.965 0.157 0.016 0.041
