0 0.049 0.39 0.024 0.057
0 0.287 0.272 0.018 0.042
0 0.317 0.276 0.021 0.039
0 0.308 0.233 0.016 0.031
0 0.344 0.26 0.019 0.04
0 0.346 0.31 0.018 0.04
0 0.385 0.292 0.021 0.043
0 0.35 0.228 0.017 0.032
0 0.353 0.209 0.015 0.028
0 0.38 0.229 0.018 0.036
0 0.408 0.195 0.016 0.031
0 0.426 0.227 0.019 0.042
0 0.444 0.193 0.013 0.032
0 0.463 0.234 0.018 0.042
0 0.439 0.178 0.017 0.038
0 0.449 0.153 0.015 0.028
0 0.469 0.146 0.014 0.029
0 0.469 0.169 0.014 0.026
0 0.505 0.134 0.013 0.028
0 0.511 0.167 0.015 0.036
0 0.505 0.188 0.018 0.036
0 0.525 0.158 0.012 0.031
0 0.527 0.141 0.015 0.028
0 0.545 0.166 0.015 0.033
0 0.558 0.142 0.014 0.033
0 0.552 0.132 0.013 0.026
0 0.566 0.124 0.013 0.028
0 0.58 0.164 0.013 0.032
0 0.591 0.169 0.015 0.038
0 0.588 0.139 0.016 0.035
0 0.591 0.106 0.014 0.025
0 0.615 0.107 0.012 0.025
0 0.65 0.1 0.012 0.025
0 0.613 0.132 0.014 0.028
0 0.641 0.142 0.015 0.032
0 0.662 0.135 0.013 0.029
0 0.659 0.109 0.011 0.026
0 0.687 0.112 0.013 0.028
0 0.615 0.211 0.018 0.043
0 0.545 0.291 0.028 0.056
0 0.567 0.255 0.021 0.046
0 0.609 0.25 0.023 0.053
0 0.595 0.33 0.033 0.063
0 0.667 0.257 0.027 0.06
0 0.675 0.217 0.02 0.049
0 0.683 0.189 0.018 0.04
0 0.704 0.218 0.021 0.049
0 0.778 0.118 0.014 0.029
0 0.804 0.124 0.013 0.031
0 0.837 0.127 0.012 0.033
0 0.833 0.136 0.014 0.032
0 0.875 0.134 0.012 0.033
0 0.864 0.146 0.014 0.033
0 0.905 0.14 0.013 0.038
0 0.893 0.161 0.014 0.032
0 0.935 0.164 0.014 0.038
0 0.889 0.185 0.016 0.032
0 0.929 0.211 0.018 0.042
0 0.928 0.227 0.018 0.042
0 0.85 0.162 0.014 0.035
0 0.817 0.154 0.015 0.035
0 0.783 0.155 0.014 0.031
0 0.772 0.145 0.013 0.036
0 0.738 0.142 0.015 0.031
0 0.728 0.136 0.013 0.032
0 0.726 0.183 0.018 0.039
0 0.761 0.178 0.019 0.038
0 0.802 0.181 0.018 0.039
0 0.738 0.231 0.024 0.054
0 0.773 0.266 0.025 0.056
0 0.811 0.25 0.02 0.047
0 0.774 0.215 0.019 0.046
0 0.824 0.214 0.017 0.043
0 0.854 0.242 0.021 0.046
0 0.826 0.342 0.028 0.074
0 0.833 0.301 0.026 0.063
0 0.873 0.224 0.02 0.049
0 0.907 0.307 0.023 0.059
0 0.884 0.432 0.03 0.077
0 0.718 0.158 0.014 0.035
