0 0.905 0.237 0.013 0.031
0 0.987 0.267 0.011 0.04
0 0.947 0.252 0.013 0.044
0 0.931 0.278 0.012 0.044
0 0.976 0.342 0.013 0.037
0 0.976 0.376 0.014 0.052
0 0.946 0.395 0.02 0.057
0 0.961 0.469 0.019 0.066
0 0.93 0.349 0.015 0.054
0 0.891 0.288 0.014 0.051
0 0.881 0.235 0.011 0.035
0 0.873 0.24 0.011 0.04
0 0.845 0.22 0.014 0.037
0 0.868 0.327 0.017 0.051
0 0.885 0.423 0.02 0.066
0 0.85 0.394 0.019 0.049
0 0.869 0.502 0.025 0.077
0 0.793 0.465 0.026 0.087
0 0.817 0.307 0.018 0.052
0 0.798 0.255 0.014 0.051
0 0.823 0.234 0.014 0.033
0 0.811 0.198 0.011 0.037
0 0.774 0.193 0.012 0.04
0 0.782 0.209 0.014 0.042
0 0.752 0.199 0.011 0.033
0 0.72 0.163 0.013 0.04
0 0.746 0.241 0.015 0.044
0 0.694 0.146 0.011 0.035
0 0.669 0.145 0.014 0.035
0 0.693 0.171 0.014 0.038
0 0.634 0.135 0.013 0.04
0 0.658 0.152 0.012 0.04
0 0.661 0.186 0.014 0.037
0 0.699 0.217 0.015 0.047
0 0.671 0.249 0.021 0.056
0 0.732 0.272 0.02 0.059
0 0.755 0.301 0.017 0.051
0 0.602 0.121 0.012 0.033
0 0.611 0.164 0.014 0.031
0 0.627 0.206 0.013 0.047
0 0.606 0.197 0.012 0.042
0 0.628 0.306 0.019 0.057
0 0.614 0.371 0.024 0.066
0 0.667 0.411 0.023 0.066
0 0.582 0.344 0.023 0.057
0 0.582 0.139 0.012 0.037
0 0.586 0.172 0.013 0.038
0 0.558 0.143 0.013 0.035
0 0.566 0.166 0.013 0.042
0 0.556 0.226 0.011 0.04
0 0.574 0.217 0.014 0.044
0 0.5 0.157 0.011 0.035
0 0.523 0.179 0.014 0.04
0 0.533 0.172 0.014 0.04
0 0.448 0.165 0.011 0.03
0 0.462 0.172 0.01 0.026
0 0.499 0.214 0.015 0.038
0 0.477 0.258 0.019 0.052
0 0.441 0.199 0.014 0.037
0 0.445 0.317 0.018 0.052
0 0.405 0.243 0.014 0.04
0 0.397 0.196 0.014 0.037
0 0.357 0.218 0.013 0.038
0 0.379 0.269 0.016 0.047
0 0.371 0.202 0.017 0.031
0 0.275 0.25 0.016 0.033
0 0.315 0.218 0.017 0.035
0 0.316 0.251 0.013 0.042
0 0.339 0.233 0.017 0.045
0 0.204 0.301 0.018 0.047
0 0.234 0.295 0.017 0.054
0 0.106 0.569 0.045 0.117
0 0.725 0.419 0.025 0.075
