0 0.033 0.396 0.022 0.058
0 0.264 0.297 0.015 0.036
0 0.294 0.286 0.018 0.031
0 0.304 0.268 0.019 0.036
0 0.319 0.227 0.015 0.029
0 0.35 0.241 0.017 0.034
0 0.392 0.212 0.019 0.036
0 0.376 0.242 0.021 0.032
0 0.343 0.294 0.018 0.034
0 0.415 0.183 0.014 0.026
0 0.427 0.196 0.02 0.026
0 0.457 0.162 0.017 0.024
0 0.483 0.158 0.012 0.027
0 0.489 0.173 0.016 0.029
0 0.509 0.157 0.013 0.019
0 0.541 0.144 0.018 0.029
0 0.561 0.124 0.012 0.024
0 0.601 0.107 0.014 0.027
0 0.597 0.127 0.013 0.026
0 0.622 0.114 0.014 0.024
0 0.653 0.11 0.01 0.022
0 0.649 0.134 0.017 0.031
0 0.621 0.151 0.02 0.034
0 0.579 0.17 0.019 0.034
0 0.563 0.169 0.022 0.026
0 0.549 0.207 0.02 0.034
0 0.496 0.207 0.017 0.027
0 0.473 0.21 0.017 0.032
0 0.464 0.205 0.017 0.032
0 0.432 0.23 0.017 0.031
0 0.436 0.275 0.022 0.043
0 0.472 0.247 0.022 0.037
0 0.483 0.316 0.025 0.041
0 0.549 0.31 0.025 0.054
0 0.613 0.348 0.032 0.049
0 0.687 0.344 0.025 0.051
0 0.636 0.207 0.019 0.037
0 0.621 0.275 0.025 0.043
0 0.57 0.25 0.028 0.051
0 0.681 0.128 0.014 0.027
0 0.706 0.105 0.012 0.032
0 0.744 0.13 0.014 0.036
0 0.761 0.121 0.015 0.027
0 0.773 0.141 0.02 0.031
0 0.787 0.126 0.014 0.037
0 0.807 0.141 0.016 0.031
0 0.828 0.128 0.012 0.036
0 0.841 0.146 0.014 0.037
0 0.874 0.134 0.015 0.027
0 0.905 0.136 0.01 0.031
0 0.874 0.162 0.016 0.037
0 0.862 0.173 0.017 0.043
0 0.856 0.206 0.021 0.041
0 0.832 0.175 0.016 0.034
0 0.807 0.188 0.017 0.036
0 0.776 0.174 0.023 0.032
0 0.755 0.162 0.017 0.036
0 0.935 0.152 0.011 0.029
0 0.94 0.182 0.018 0.031
0 0.933 0.219 0.021 0.037
0 0.898 0.213 0.017 0.034
0 0.906 0.178 0.02 0.032
0 0.876 0.243 0.023 0.041
0 0.932 0.297 0.024 0.06
0 0.823 0.234 0.024 0.056
0 0.766 0.234 0.024 0.053
0 0.742 0.207 0.017 0.044
0 0.717 0.151 0.015 0.039
0 0.699 0.167 0.02 0.037
0 0.664 0.183 0.017 0.032
0 0.668 0.214 0.017 0.051
0 0.706 0.225 0.022 0.043
0 0.665 0.278 0.027 0.046
0 0.738 0.287 0.027 0.061
0 0.802 0.304 0.021 0.061
0 0.594 0.151 0.016 0.031
0 0.525 0.174 0.019 0.036
