0 0.212 0.361 0.044 0.087
0 0.323 0.231 0.018 0.037
0 0.336 0.189 0.014 0.033
0 0.353 0.204 0.015 0.031
0 0.413 0.209 0.019 0.035
0 0.454 0.213 0.02 0.042
0 0.426 0.186 0.017 0.03
0 0.422 0.165 0.018 0.03
0 0.458 0.19 0.019 0.031
0 0.481 0.193 0.017 0.033
0 0.49 0.223 0.02 0.045
0 0.462 0.155 0.015 0.031
0 0.472 0.141 0.014 0.024
0 0.489 0.153 0.016 0.031
0 0.51 0.163 0.015 0.033
0 0.506 0.139 0.014 0.028
0 0.522 0.138 0.013 0.028
0 0.534 0.125 0.012 0.026
0 0.538 0.152 0.014 0.033
0 0.548 0.141 0.012 0.031
0 0.556 0.166 0.014 0.031
0 0.563 0.179 0.017 0.04
0 0.573 0.147 0.015 0.03
0 0.562 0.121 0.012 0.026
0 0.596 0.113 0.012 0.024
0 0.626 0.105 0.011 0.028
0 0.648 0.105 0.012 0.028
0 0.669 0.108 0.011 0.028
0 0.645 0.122 0.011 0.024
0 0.658 0.134 0.012 0.024
0 0.635 0.139 0.016 0.038
0 0.61 0.128 0.015 0.026
0 0.603 0.145 0.014 0.033
0 0.609 0.172 0.016 0.037
0 0.592 0.236 0.02 0.037
0 0.543 0.269 0.025 0.047
0 0.589 0.274 0.024 0.059
0 0.609 0.311 0.031 0.075
0 0.645 0.204 0.02 0.049
0 0.652 0.248 0.025 0.051
0 0.669 0.269 0.023 0.047
0 0.705 0.128 0.014 0.026
0 0.696 0.125 0.011 0.024
0 0.709 0.12 0.011 0.021
0 0.675 0.214 0.019 0.042
0 0.719 0.162 0.015 0.031
0 0.713 0.198 0.017 0.04
0 0.732 0.224 0.023 0.047
0 0.697 0.317 0.03 0.07
0 0.751 0.337 0.03 0.071
0 0.766 0.132 0.014 0.033
0 0.774 0.146 0.013 0.031
0 0.79 0.143 0.013 0.031
0 0.81 0.15 0.017 0.031
0 0.841 0.157 0.014 0.035
0 0.751 0.169 0.015 0.035
0 0.786 0.185 0.016 0.038
0 0.8 0.213 0.019 0.047
0 0.82 0.201 0.017 0.04
0 0.836 0.183 0.013 0.038
0 0.849 0.213 0.018 0.038
0 0.857 0.193 0.013 0.04
0 0.79 0.297 0.025 0.064
0 0.817 0.274 0.02 0.045
0 0.829 0.358 0.03 0.068
0 0.856 0.317 0.021 0.056
0 0.883 0.266 0.021 0.051
0 0.896 0.23 0.019 0.049
0 0.9 0.205 0.015 0.037
0 0.939 0.258 0.018 0.042
0 0.937 0.317 0.019 0.056
0 0.919 0.375 0.025 0.051
0 0.907 0.422 0.034 0.071
0 0.943 0.232 0.016 0.042
0 0.945 0.203 0.016 0.037
0 0.954 0.187 0.015 0.04
0 0.928 0.173 0.01 0.033
0 0.92 0.178 0.012 0.035
0 0.873 0.188 0.015 0.035
0 0.878 0.162 0.013 0.035
0 0.892 0.162 0.015 0.028
