0 0.213 0.469 0.041 0.097
0 0.253 0.446 0.05 0.09
0 0.481 0.322 0.031 0.056
0 0.351 0.254 0.025 0.039
0 0.372 0.247 0.026 0.049
0 0.434 0.277 0.028 0.041
0 0.426 0.224 0.022 0.031
0 0.449 0.231 0.02 0.037
0 0.453 0.19 0.021 0.037
0 0.476 0.197 0.018 0.034
0 0.464 0.152 0.017 0.042
0 0.475 0.159 0.017 0.042
0 0.498 0.154 0.018 0.032
0 0.492 0.132 0.012 0.031
0 0.534 0.136 0.016 0.031
0 0.564 0.147 0.019 0.042
0 0.588 0.147 0.015 0.036
0 0.54 0.2 0.018 0.037
0 0.657 0.264 0.03 0.059
0 0.684 0.16 0.026 0.048
0 0.713 0.146 0.016 0.037
0 0.815 0.128 0.013 0.036
0 0.753 0.137 0.013 0.039
0 0.74 0.166 0.03 0.053
0 0.765 0.181 0.021 0.053
0 0.803 0.188 0.019 0.041
0 0.722 0.283 0.027 0.059
0 0.773 0.314 0.024 0.058
0 0.879 0.23 0.024 0.046
