0 0.073 0.307 0.022 0.046
0 0.323 0.235 0.015 0.033
0 0.34 0.202 0.016 0.029
0 0.356 0.208 0.015 0.029
0 0.424 0.204 0.017 0.033
0 0.435 0.154 0.013 0.024
0 0.429 0.182 0.013 0.022
0 0.452 0.166 0.013 0.026
0 0.453 0.218 0.016 0.035
0 0.486 0.226 0.016 0.036
0 0.484 0.183 0.016 0.031
0 0.49 0.157 0.012 0.022
0 0.498 0.165 0.012 0.024
0 0.479 0.138 0.012 0.022
0 0.515 0.13 0.012 0.02
0 0.513 0.154 0.014 0.027
0 0.534 0.168 0.014 0.026
0 0.548 0.179 0.016 0.033
0 0.546 0.193 0.015 0.026
0 0.534 0.134 0.011 0.024
0 0.548 0.138 0.012 0.024
0 0.571 0.154 0.014 0.027
0 0.559 0.145 0.012 0.02
0 0.587 0.129 0.014 0.026
0 0.604 0.147 0.013 0.024
0 0.598 0.168 0.014 0.024
0 0.61 0.133 0.01 0.015
0 0.615 0.113 0.012 0.026
0 0.635 0.126 0.011 0.022
0 0.645 0.115 0.011 0.026
0 0.663 0.12 0.009 0.018
0 0.667 0.133 0.009 0.018
0 0.684 0.134 0.012 0.027
0 0.694 0.131 0.009 0.018
0 0.646 0.155 0.013 0.026
0 0.756 0.132 0.013 0.027
0 0.765 0.144 0.013 0.026
0 0.758 0.161 0.013 0.027
0 0.784 0.146 0.013 0.029
0 0.714 0.171 0.014 0.029
0 0.709 0.205 0.016 0.035
0 0.718 0.237 0.022 0.04
0 0.744 0.188 0.016 0.033
0 0.666 0.194 0.016 0.031
0 0.668 0.219 0.016 0.035
0 0.677 0.269 0.015 0.035
0 0.694 0.325 0.029 0.064
0 0.62 0.302 0.024 0.055
0 0.591 0.281 0.024 0.049
0 0.584 0.253 0.024 0.036
0 0.635 0.217 0.022 0.04
0 0.53 0.284 0.025 0.044
0 0.744 0.369 0.027 0.06
0 0.822 0.366 0.03 0.062
0 0.913 0.402 0.031 0.06
0 0.91 0.376 0.027 0.049
0 0.861 0.318 0.023 0.038
0 0.874 0.3 0.017 0.027
0 0.81 0.295 0.025 0.044
0 0.813 0.267 0.017 0.035
0 0.838 0.237 0.02 0.04
0 0.795 0.226 0.021 0.04
0 0.809 0.2 0.017 0.033
0 0.799 0.184 0.016 0.029
0 0.787 0.195 0.015 0.036
0 0.832 0.182 0.016 0.033
0 0.845 0.16 0.016 0.026
0 0.85 0.203 0.017 0.038
0 0.87 0.191 0.014 0.029
0 0.882 0.165 0.015 0.027
0 0.909 0.179 0.012 0.033
0 0.915 0.18 0.011 0.026
0 0.937 0.177 0.011 0.029
0 0.937 0.202 0.015 0.033
0 0.932 0.235 0.018 0.036
0 0.931 0.284 0.02 0.047
0 0.892 0.24 0.018 0.042
0 0.889 0.209 0.016 0.029
