0 0.133 0.518 0.037 0.067
0 0.224 0.335 0.016 0.032
0 0.277 0.37 0.015 0.034
0 0.325 0.359 0.022 0.039
0 0.278 0.303 0.014 0.034
0 0.345 0.321 0.015 0.025
0 0.346 0.294 0.012 0.024
0 0.379 0.257 0.013 0.02
0 0.399 0.268 0.011 0.025
0 0.427 0.271 0.014 0.025
0 0.414 0.253 0.011 0.024
0 0.398 0.324 0.017 0.036
0 0.395 0.298 0.013 0.027
0 0.431 0.33 0.017 0.034
0 0.419 0.306 0.014 0.032
0 0.456 0.313 0.017 0.027
0 0.487 0.328 0.021 0.036
0 0.461 0.268 0.014 0.022
0 0.451 0.241 0.013 0.029
0 0.457 0.228 0.013 0.024
0 0.494 0.258 0.014 0.025
0 0.511 0.271 0.015 0.029
0 0.51 0.243 0.011 0.027
0 0.529 0.247 0.011 0.028
0 0.541 0.274 0.013 0.029
0 0.562 0.261 0.012 0.028
0 0.542 0.217 0.009 0.024
0 0.554 0.215 0.01 0.02
0 0.56 0.229 0.011 0.021
0 0.586 0.222 0.01 0.022
0 0.589 0.247 0.012 0.025
0 0.594 0.204 0.012 0.024
0 0.611 0.211 0.014 0.027
0 0.618 0.244 0.013 0.028
0 0.657 0.23 0.012 0.025
0 0.652 0.204 0.01 0.018
0 0.667 0.215 0.013 0.028
0 0.463 0.399 0.025 0.049
0 0.526 0.353 0.022 0.045
0 0.517 0.425 0.026 0.053
0 0.572 0.442 0.029 0.058
0 0.617 0.459 0.029 0.055
0 0.686 0.531 0.033 0.066
0 0.595 0.364 0.022 0.043
0 0.583 0.322 0.021 0.038
0 0.616 0.297 0.016 0.034
0 0.651 0.271 0.014 0.022
0 0.659 0.295 0.015 0.035
0 0.684 0.295 0.018 0.032
0 0.629 0.337 0.018 0.039
0 0.64 0.359 0.02 0.045
0 0.672 0.355 0.02 0.042
0 0.701 0.398 0.025 0.052
0 0.755 0.42 0.022 0.055
0 0.685 0.246 0.014 0.035
0 0.715 0.253 0.018 0.038
0 0.713 0.235 0.014 0.024
0 0.724 0.227 0.013 0.027
0 0.76 0.233 0.014 0.031
0 0.757 0.274 0.016 0.038
0 0.765 0.259 0.014 0.027
0 0.747 0.259 0.014 0.029
0 0.786 0.577 0.031 0.069
0 0.816 0.46 0.022 0.053
0 0.883 0.452 0.023 0.053
0 0.831 0.393 0.021 0.045
0 0.792 0.357 0.018 0.041
0 0.803 0.332 0.016 0.035
0 0.793 0.29 0.016 0.029
0 0.786 0.241 0.013 0.024
0 0.823 0.256 0.013 0.032
0 0.833 0.273 0.013 0.034
0 0.837 0.264 0.011 0.028
0 0.856 0.251 0.01 0.031
0 0.822 0.324 0.011 0.031
0 0.845 0.331 0.014 0.039
0 0.862 0.318 0.016 0.034
0 0.87 0.295 0.014 0.031
0 0.897 0.321 0.013 0.028
0 0.896 0.37 0.014 0.039
0 0.903 0.3 0.012 0.028
0 0.91 0.299 0.01 0.031
0 0.911 0.278 0.014 0.025
0 0.371 0.337 0.016 0.038
