0 0.634 0.099 0.008 0.027
0 0.665 0.114 0.012 0.028
0 0.692 0.112 0.013 0.029
0 0.742 0.122 0.015 0.034
0 0.788 0.119 0.013 0.02
0 0.808 0.121 0.013 0.028
0 0.826 0.124 0.011 0.027
0 0.559 0.115 0.018 0.025
0 0.869 0.136 0.014 0.034
0 0.909 0.142 0.013 0.031
0 0.895 0.159 0.013 0.037
0 0.919 0.155 0.012 0.032
0 0.449 0.154 0.017 0.031
0 0.479 0.145 0.012 0.025
0 0.506 0.138 0.013 0.027
0 0.529 0.145 0.017 0.029
0 0.314 0.23 0.017 0.027
0 0.338 0.218 0.016 0.038
0 0.352 0.228 0.017 0.038
0 0.424 0.187 0.018 0.034
0 0.409 0.199 0.018 0.037
0 0.378 0.24 0.021 0.045
0 0.395 0.282 0.019 0.045
0 0.454 0.218 0.018 0.039
0 0.483 0.2 0.025 0.049
0 0.502 0.221 0.019 0.049
0 0.535 0.176 0.021 0.041
0 0.558 0.149 0.022 0.034
0 0.576 0.158 0.014 0.038
0 0.581 0.12 0.017 0.038
0 0.592 0.117 0.017 0.037
0 0.608 0.136 0.02 0.041
0 0.618 0.121 0.019 0.037
0 0.639 0.136 0.015 0.028
0 0.682 0.167 0.015 0.039
0 0.625 0.203 0.024 0.046
0 0.56 0.254 0.024 0.051
0 0.545 0.301 0.022 0.063
0 0.602 0.348 0.025 0.055
0 0.6 0.25 0.018 0.048
0 0.664 0.269 0.018 0.049
0 0.676 0.237 0.022 0.046
0 0.682 0.197 0.025 0.038
0 0.72 0.136 0.017 0.039
0 0.173 0.474 0.038 0.072
0 0.707 0.225 0.02 0.051
0 0.728 0.194 0.025 0.048
0 0.749 0.259 0.025 0.049
0 0.773 0.218 0.024 0.032
0 0.806 0.192 0.027 0.06
0 0.827 0.221 0.022 0.037
0 0.843 0.191 0.019 0.034
0 0.852 0.246 0.025 0.055
0 0.87 0.237 0.027 0.059
0 0.925 0.211 0.013 0.037
0 0.916 0.242 0.02 0.044
0 0.768 0.295 0.021 0.051
0 0.804 0.244 0.022 0.046
0 0.821 0.296 0.024 0.051
0 0.918 0.311 0.02 0.06
0 0.819 0.397 0.039 0.074
0 0.888 0.445 0.036 0.08
0 0.888 0.189 0.014 0.035
0 0.722 0.166 0.023 0.039
0 0.518 0.166 0.023 0.048
0 0.473 0.177 0.024 0.045
0 0.365 0.253 0.021 0.034
0 0.34 0.256 0.021 0.037
0 0.322 0.259 0.024 0.038
0 0.82 0.162 0.008 0.022
0 0.779 0.171 0.015 0.031
0 0.753 0.143 0.014 0.024
0 0.627 0.099 0.01 0.018
0 0.851 0.166 0.014 0.037
0 0.861 0.15 0.011 0.039
