0 0.139 0.534 0.043 0.08
0 0.236 0.341 0.017 0.032
0 0.259 0.393 0.024 0.04
0 0.288 0.383 0.024 0.052
0 0.291 0.322 0.019 0.033
0 0.348 0.362 0.026 0.05
0 0.329 0.337 0.019 0.039
0 0.364 0.332 0.02 0.032
0 0.364 0.304 0.016 0.029
0 0.401 0.266 0.017 0.03
0 0.422 0.34 0.024 0.039
0 0.393 0.35 0.026 0.046
0 0.457 0.338 0.021 0.043
0 0.442 0.312 0.02 0.033
0 0.42 0.304 0.02 0.034
0 0.421 0.274 0.017 0.03
0 0.439 0.264 0.014 0.03
0 0.451 0.284 0.018 0.04
0 0.482 0.318 0.023 0.043
0 0.486 0.272 0.02 0.037
0 0.479 0.243 0.015 0.03
0 0.524 0.266 0.022 0.039
0 0.516 0.34 0.027 0.044
0 0.541 0.281 0.017 0.043
0 0.564 0.257 0.015 0.039
0 0.576 0.288 0.016 0.034
0 0.595 0.269 0.018 0.032
0 0.573 0.226 0.012 0.026
0 0.587 0.222 0.014 0.032
0 0.592 0.246 0.017 0.03
0 0.621 0.254 0.017 0.03
0 0.633 0.212 0.014 0.032
0 0.648 0.212 0.014 0.032
0 0.656 0.255 0.019 0.034
0 0.644 0.238 0.017 0.029
0 0.693 0.211 0.016 0.024
0 0.699 0.242 0.018 0.032
0 0.71 0.226 0.016 0.033
0 0.693 0.277 0.016 0.034
0 0.495 0.414 0.033 0.066
0 0.556 0.363 0.029 0.053
0 0.549 0.433 0.038 0.064
0 0.611 0.457 0.035 0.072
0 0.659 0.461 0.04 0.077
0 0.63 0.372 0.031 0.056
0 0.621 0.327 0.024 0.047
0 0.654 0.302 0.022 0.047
0 0.668 0.35 0.021 0.043
0 0.68 0.367 0.028 0.056
0 0.704 0.317 0.018 0.042
0 0.727 0.307 0.02 0.04
0 0.729 0.256 0.015 0.036
0 0.713 0.365 0.023 0.05
0 0.746 0.407 0.03 0.054
0 0.726 0.539 0.039 0.074
0 0.836 0.588 0.038 0.082
0 0.798 0.428 0.033 0.062
0 0.87 0.47 0.033 0.063
0 0.762 0.255 0.018 0.034
0 0.772 0.245 0.013 0.032
0 0.804 0.286 0.017 0.039
0 0.798 0.269 0.014 0.03
0 0.812 0.269 0.015 0.036
0 0.807 0.247 0.014 0.03
0 0.837 0.248 0.017 0.037
0 0.852 0.276 0.019 0.039
0 0.842 0.298 0.015 0.032
0 0.858 0.341 0.02 0.043
0 0.844 0.365 0.025 0.053
0 0.888 0.404 0.031 0.057
0 0.939 0.457 0.031 0.066
0 0.954 0.366 0.021 0.053
0 0.955 0.327 0.016 0.04
0 0.965 0.308 0.017 0.037
0 0.971 0.292 0.016 0.033
0 0.91 0.262 0.014 0.032
0 0.874 0.264 0.015 0.033
0 0.888 0.279 0.019 0.039
0 0.874 0.333 0.022 0.044
0 0.901 0.345 0.02 0.049
0 0.918 0.327 0.019 0.042
0 0.928 0.304 0.017 0.033
