0 0.17 0.506 0.039 0.072
0 0.253 0.273 0.013 0.027
0 0.274 0.278 0.017 0.032
0 0.298 0.275 0.017 0.038
0 0.312 0.242 0.013 0.027
0 0.357 0.225 0.016 0.035
0 0.375 0.201 0.014 0.037
0 0.392 0.197 0.016 0.03
0 0.392 0.228 0.013 0.028
0 0.419 0.202 0.013 0.033
0 0.449 0.176 0.013 0.025
0 0.468 0.152 0.011 0.027
0 0.437 0.242 0.021 0.035
0 0.393 0.289 0.023 0.043
0 0.377 0.285 0.017 0.038
0 0.352 0.306 0.025 0.043
0 0.303 0.314 0.021 0.032
0 0.459 0.202 0.017 0.038
0 0.479 0.24 0.019 0.038
0 0.484 0.17 0.013 0.035
0 0.489 0.146 0.012 0.022
0 0.636 0.309 0.026 0.052
0 0.686 0.121 0.012 0.028
0 0.625 0.127 0.014 0.027
0 0.604 0.13 0.014 0.028
0 0.573 0.126 0.014 0.025
0 0.57 0.153 0.014 0.028
0 0.606 0.156 0.013 0.027
0 0.627 0.151 0.014 0.027
0 0.644 0.145 0.018 0.037
0 0.58 0.182 0.017 0.033
0 0.536 0.172 0.022 0.023
0 0.514 0.206 0.018 0.03
0 0.748 0.125 0.012 0.03
0 0.722 0.157 0.015 0.03
0 0.699 0.16 0.016 0.038
0 0.652 0.21 0.016 0.038
0 0.681 0.213 0.017 0.042
0 0.615 0.242 0.025 0.05
0 0.57 0.251 0.022 0.043
0 0.585 0.291 0.026 0.057
0 0.521 0.313 0.027 0.047
0 0.688 0.27 0.026 0.055
0 0.714 0.226 0.02 0.054
0 0.744 0.202 0.021 0.043
0 0.766 0.145 0.014 0.03
0 0.779 0.139 0.015 0.033
0 0.783 0.166 0.014 0.033
0 0.799 0.164 0.015 0.03
0 0.815 0.182 0.017 0.033
0 0.847 0.159 0.013 0.03
0 0.86 0.171 0.015 0.032
0 0.857 0.199 0.017 0.033
0 0.851 0.226 0.018 0.05
0 0.909 0.166 0.014 0.032
0 0.901 0.189 0.02 0.037
0 0.938 0.283 0.019 0.054
0 0.942 0.268 0.021 0.045
0 0.854 0.285 0.021 0.045
0 0.854 0.339 0.022 0.057
0 0.785 0.298 0.026 0.052
0 0.77 0.242 0.019 0.045
0 0.786 0.214 0.017 0.04
0 0.733 0.283 0.023 0.047
