0 0.066 0.473 0.039 0.074
0 0.226 0.331 0.022 0.041
0 0.275 0.307 0.021 0.041
0 0.249 0.358 0.026 0.045
0 0.283 0.355 0.019 0.041
0 0.338 0.295 0.019 0.04
0 0.324 0.343 0.018 0.041
0 0.376 0.26 0.016 0.038
0 0.393 0.276 0.022 0.04
0 0.369 0.331 0.021 0.035
0 0.396 0.336 0.018 0.038
0 0.411 0.255 0.015 0.031
0 0.434 0.256 0.012 0.031
0 0.446 0.249 0.018 0.041
0 0.457 0.233 0.02 0.038
0 0.496 0.242 0.012 0.024
0 0.488 0.261 0.016 0.028
0 0.5 0.266 0.015 0.033
0 0.509 0.245 0.01 0.02
0 0.529 0.241 0.013 0.023
0 0.54 0.22 0.01 0.023
0 0.554 0.206 0.012 0.024
0 0.433 0.337 0.021 0.037
0 0.452 0.316 0.02 0.031
0 0.488 0.314 0.019 0.037
0 0.555 0.273 0.014 0.03
0 0.566 0.25 0.023 0.03
0 0.585 0.251 0.025 0.03
0 0.582 0.221 0.018 0.04
0 0.59 0.2 0.017 0.03
0 0.605 0.216 0.017 0.03
0 0.618 0.217 0.015 0.03
0 0.447 0.405 0.024 0.054
0 0.511 0.364 0.021 0.051
0 0.522 0.401 0.024 0.054
0 0.576 0.331 0.021 0.044
0 0.571 0.391 0.036 0.051
0 0.569 0.445 0.031 0.065
0 0.641 0.213 0.018 0.03
0 0.652 0.217 0.017 0.03
0 0.618 0.255 0.02 0.04
0 0.646 0.27 0.018 0.041
0 0.617 0.302 0.026 0.038
0 0.623 0.345 0.019 0.047
0 0.633 0.368 0.025 0.055
0 0.675 0.214 0.018 0.025
0 0.678 0.245 0.018 0.034
0 0.668 0.297 0.023 0.038
0 0.665 0.358 0.021 0.054
0 0.619 0.473 0.04 0.065
0 0.699 0.403 0.03 0.055
0 0.689 0.508 0.036 0.078
0 0.699 0.279 0.014 0.034
0 0.711 0.246 0.017 0.031
0 0.72 0.25 0.019 0.041
0 0.738 0.23 0.016 0.027
0 0.739 0.261 0.013 0.027
0 0.75 0.279 0.012 0.028
0 0.756 0.239 0.013 0.021
0 0.773 0.24 0.014 0.027
0 0.782 0.261 0.018 0.044
0 0.79 0.297 0.016 0.035
0 0.785 0.355 0.02 0.047
0 0.738 0.424 0.032 0.057
0 0.8 0.504 0.025 0.067
0 0.824 0.463 0.026 0.065
0 0.815 0.25 0.014 0.03
0 0.804 0.324 0.017 0.035
0 0.811 0.305 0.016 0.037
0 0.834 0.263 0.014 0.025
0 0.846 0.254 0.011 0.025
0 0.865 0.273 0.013 0.027
0 0.849 0.343 0.021 0.051
0 0.833 0.36 0.021 0.052
0 0.882 0.453 0.029 0.058
0 0.879 0.317 0.015 0.035
0 0.898 0.303 0.018 0.045
0 0.906 0.274 0.01 0.024
0 0.907 0.356 0.018 0.051
0 0.824 0.273 0.011 0.037
0 0.86 0.308 0.018 0.05
0 0.391 0.3 0.018 0.037
0 0.342 0.317 0.016 0.031
