0 0.061 0.386 0.021 0.049
0 0.253 0.262 0.015 0.027
0 0.272 0.266 0.02 0.035
0 0.309 0.246 0.016 0.025
0 0.301 0.226 0.013 0.033
0 0.335 0.248 0.016 0.037
0 0.351 0.255 0.017 0.037
0 0.355 0.297 0.022 0.047
0 0.346 0.222 0.016 0.029
0 0.376 0.215 0.02 0.039
0 0.397 0.268 0.025 0.051
0 0.382 0.189 0.019 0.033
0 0.401 0.204 0.021 0.031
0 0.44 0.224 0.021 0.033
0 0.445 0.189 0.019 0.029
0 0.466 0.229 0.021 0.039
0 0.456 0.15 0.016 0.025
0 0.477 0.195 0.017 0.033
0 0.471 0.171 0.016 0.029
0 0.479 0.139 0.016 0.023
0 0.5 0.194 0.018 0.031
0 0.527 0.213 0.022 0.039
0 0.526 0.164 0.013 0.023
0 0.544 0.16 0.016 0.035
0 0.562 0.149 0.013 0.027
0 0.561 0.12 0.015 0.029
0 0.576 0.165 0.016 0.029
0 0.595 0.145 0.016 0.031
0 0.613 0.149 0.013 0.031
0 0.633 0.14 0.017 0.033
0 0.643 0.121 0.015 0.027
0 0.665 0.119 0.012 0.031
0 0.499 0.3 0.029 0.065
0 0.543 0.247 0.026 0.047
0 0.569 0.293 0.025 0.049
0 0.614 0.3 0.028 0.057
0 0.615 0.245 0.022 0.051
0 0.614 0.205 0.025 0.045
0 0.647 0.204 0.023 0.043
0 0.652 0.286 0.028 0.055
0 0.7 0.267 0.028 0.061
0 0.711 0.226 0.02 0.049
0 0.692 0.182 0.02 0.043
0 0.691 0.146 0.019 0.033
0 0.717 0.166 0.016 0.039
0 0.725 0.199 0.021 0.041
0 0.749 0.239 0.021 0.059
0 0.761 0.212 0.021 0.041
0 0.76 0.171 0.018 0.037
0 0.746 0.138 0.016 0.033
0 0.724 0.117 0.016 0.035
0 0.757 0.132 0.018 0.037
0 0.773 0.169 0.018 0.037
0 0.783 0.15 0.015 0.029
0 0.77 0.287 0.029 0.061
0 0.838 0.318 0.028 0.057
0 0.853 0.237 0.025 0.047
0 0.821 0.207 0.017 0.039
0 0.83 0.158 0.015 0.033
0 0.846 0.16 0.016 0.031
0 0.859 0.194 0.016 0.039
0 0.885 0.215 0.016 0.043
0 0.898 0.232 0.015 0.037
0 0.914 0.253 0.023 0.049
0 0.881 0.166 0.016 0.031
0 0.896 0.188 0.016 0.035
