0 0.132 0.559 0.041 0.08
0 0.23 0.351 0.021 0.037
0 0.258 0.379 0.02 0.047
0 0.29 0.377 0.02 0.043
0 0.287 0.324 0.017 0.033
0 0.34 0.369 0.019 0.044
0 0.356 0.341 0.015 0.037
0 0.354 0.31 0.016 0.036
0 0.387 0.344 0.017 0.04
0 0.412 0.341 0.02 0.043
0 0.411 0.309 0.018 0.026
0 0.394 0.275 0.018 0.034
0 0.406 0.289 0.017 0.03
0 0.431 0.266 0.014 0.029
0 0.45 0.271 0.015 0.033
0 0.469 0.249 0.014 0.029
0 0.475 0.244 0.013 0.029
0 0.429 0.3 0.016 0.027
0 0.468 0.327 0.023 0.039
0 0.507 0.336 0.023 0.039
0 0.454 0.36 0.019 0.036
0 0.471 0.438 0.031 0.054
0 0.544 0.377 0.028 0.049
0 0.511 0.274 0.017 0.03
0 0.521 0.249 0.012 0.029
0 0.527 0.265 0.017 0.032
0 0.528 0.287 0.02 0.039
0 0.555 0.292 0.018 0.037
0 0.561 0.234 0.014 0.029
0 0.56 0.255 0.016 0.029
0 0.578 0.261 0.017 0.034
0 0.573 0.231 0.011 0.023
0 0.583 0.24 0.014 0.027
0 0.616 0.22 0.016 0.027
0 0.636 0.219 0.013 0.029
0 0.606 0.241 0.016 0.023
0 0.604 0.259 0.013 0.029
0 0.645 0.234 0.015 0.029
0 0.637 0.264 0.017 0.032
0 0.672 0.223 0.013 0.029
0 0.682 0.238 0.014 0.029
0 0.689 0.228 0.012 0.029
0 0.677 0.284 0.017 0.032
0 0.641 0.313 0.019 0.036
0 0.608 0.337 0.023 0.044
0 0.627 0.38 0.022 0.046
0 0.662 0.383 0.027 0.06
0 0.653 0.353 0.018 0.039
0 0.687 0.326 0.018 0.044
0 0.698 0.384 0.022 0.054
0 0.727 0.415 0.029 0.056
0 0.591 0.461 0.034 0.076
0 0.638 0.475 0.036 0.073
0 0.539 0.438 0.035 0.053
0 0.713 0.26 0.015 0.033
0 0.742 0.248 0.012 0.029
0 0.754 0.242 0.012 0.034
0 0.745 0.266 0.013 0.034
0 0.771 0.264 0.011 0.023
0 0.775 0.274 0.013 0.024
0 0.784 0.29 0.017 0.042
0 0.709 0.307 0.021 0.039
0 0.792 0.249 0.012 0.029
0 0.816 0.252 0.016 0.029
0 0.825 0.309 0.014 0.034
0 0.85 0.265 0.015 0.026
0 0.862 0.284 0.015 0.04
0 0.876 0.269 0.014 0.034
0 0.899 0.282 0.014 0.03
0 0.947 0.29 0.012 0.027
0 0.947 0.312 0.012 0.026
0 0.927 0.337 0.015 0.046
0 0.949 0.369 0.02 0.053
0 0.901 0.33 0.015 0.039
0 0.861 0.335 0.02 0.04
0 0.881 0.346 0.017 0.053
0 0.866 0.399 0.026 0.064
0 0.83 0.351 0.019 0.057
0 0.82 0.368 0.019 0.052
0 0.922 0.474 0.031 0.077
0 0.85 0.476 0.028 0.063
0 0.834 0.509 0.032 0.072
0 0.786 0.438 0.027 0.063
0 0.705 0.554 0.038 0.077
