0 0.276 0.252 0.015 0.035
0 0.293 0.27 0.022 0.045
0 0.299 0.239 0.018 0.035
0 0.361 0.256 0.022 0.043
0 0.384 0.269 0.017 0.041
0 0.363 0.197 0.016 0.033
0 0.396 0.196 0.017 0.031
0 0.406 0.172 0.013 0.026
0 0.438 0.221 0.018 0.036
0 0.464 0.198 0.026 0.05
0 0.442 0.185 0.017 0.033
0 0.447 0.151 0.012 0.031
0 0.46 0.157 0.015 0.03
0 0.463 0.142 0.009 0.02
0 0.484 0.164 0.013 0.028
0 0.482 0.196 0.018 0.038
0 0.505 0.125 0.011 0.025
0 0.512 0.15 0.013 0.033
0 0.522 0.161 0.013 0.028
0 0.517 0.193 0.019 0.041
0 0.534 0.181 0.012 0.028
0 0.549 0.186 0.015 0.031
0 0.532 0.133 0.015 0.028
0 0.56 0.131 0.013 0.026
0 0.553 0.112 0.012 0.028
0 0.58 0.136 0.014 0.031
0 0.588 0.128 0.015 0.028
0 0.591 0.102 0.01 0.031
0 0.607 0.103 0.01 0.025
0 0.611 0.132 0.012 0.033
0 0.599 0.154 0.016 0.03
0 0.637 0.134 0.014 0.023
0 0.628 0.12 0.012 0.021
0 0.635 0.099 0.013 0.026
0 0.667 0.106 0.013 0.026
0 0.692 0.098 0.013 0.028
0 0.487 0.317 0.025 0.055
0 0.557 0.316 0.029 0.06
0 0.565 0.248 0.026 0.046
0 0.603 0.261 0.023 0.053
0 0.627 0.203 0.022 0.04
0 0.616 0.332 0.033 0.06
0 0.664 0.331 0.032 0.066
0 0.669 0.202 0.024 0.045
0 0.653 0.169 0.021 0.04
0 0.677 0.159 0.019 0.033
0 0.688 0.191 0.02 0.038
0 0.715 0.172 0.017 0.036
0 0.726 0.191 0.019 0.045
0 0.721 0.25 0.026 0.055
0 0.745 0.217 0.025 0.048
0 0.775 0.2 0.019 0.046
0 0.753 0.142 0.014 0.036
0 0.76 0.128 0.015 0.031
0 0.733 0.112 0.016 0.036
0 0.774 0.155 0.018 0.041
0 0.796 0.153 0.019 0.041
0 0.825 0.206 0.02 0.041
0 0.804 0.238 0.026 0.05
0 0.79 0.271 0.029 0.06
0 0.756 0.339 0.036 0.076
0 0.795 0.397 0.04 0.076
0 0.83 0.322 0.026 0.063
0 0.826 0.139 0.013 0.03
0 0.83 0.125 0.015 0.031
0 0.85 0.141 0.015 0.028
0 0.847 0.173 0.016 0.035
0 0.864 0.212 0.02 0.043
0 0.86 0.256 0.019 0.043
0 0.892 0.378 0.036 0.084
0 0.897 0.298 0.029 0.069
0 0.908 0.263 0.019 0.043
0 0.917 0.236 0.017 0.036
0 0.916 0.209 0.011 0.028
0 0.88 0.171 0.017 0.038
0 0.886 0.141 0.018 0.031
0 0.876 0.133 0.013 0.028
0 0.92 0.159 0.012 0.033
