0 0.054 0.401 0.022 0.048
0 0.256 0.264 0.016 0.028
0 0.272 0.267 0.015 0.03
0 0.312 0.245 0.015 0.03
0 0.338 0.25 0.015 0.027
0 0.332 0.212 0.01 0.025
0 0.347 0.217 0.011 0.025
0 0.356 0.226 0.016 0.025
0 0.358 0.285 0.014 0.037
0 0.4 0.282 0.021 0.045
0 0.38 0.227 0.016 0.037
0 0.383 0.185 0.013 0.027
0 0.401 0.182 0.013 0.025
0 0.401 0.209 0.014 0.028
0 0.446 0.227 0.016 0.037
0 0.472 0.228 0.017 0.035
0 0.446 0.188 0.014 0.027
0 0.479 0.193 0.013 0.027
0 0.504 0.195 0.014 0.027
0 0.473 0.17 0.015 0.023
0 0.457 0.152 0.009 0.023
0 0.476 0.138 0.009 0.02
0 0.529 0.163 0.013 0.033
0 0.549 0.158 0.009 0.023
0 0.577 0.169 0.013 0.028
0 0.564 0.147 0.011 0.025
0 0.565 0.12 0.01 0.023
0 0.597 0.142 0.01 0.025
0 0.592 0.125 0.009 0.023
0 0.609 0.133 0.009 0.023
0 0.615 0.146 0.009 0.025
0 0.614 0.118 0.009 0.023
0 0.637 0.143 0.01 0.027
0 0.648 0.121 0.012 0.025
0 0.681 0.12 0.011 0.023
0 0.659 0.171 0.015 0.025
0 0.618 0.205 0.015 0.033
0 0.55 0.244 0.019 0.042
0 0.528 0.209 0.018 0.038
0 0.501 0.292 0.021 0.053
0 0.573 0.296 0.023 0.048
0 0.617 0.258 0.02 0.048
0 0.612 0.321 0.021 0.048
0 0.652 0.282 0.022 0.057
0 0.65 0.213 0.015 0.033
0 0.694 0.178 0.017 0.037
0 0.692 0.145 0.011 0.027
0 0.706 0.152 0.012 0.025
0 0.719 0.172 0.014 0.028
0 0.729 0.201 0.016 0.032
0 0.715 0.228 0.019 0.04
0 0.698 0.293 0.019 0.043
0 0.769 0.29 0.021 0.047
0 0.841 0.324 0.022 0.048
0 0.75 0.247 0.018 0.043
0 0.76 0.211 0.021 0.038
0 0.762 0.168 0.014 0.032
0 0.778 0.161 0.015 0.032
0 0.765 0.128 0.015 0.032
0 0.746 0.138 0.014 0.028
0 0.74 0.114 0.013 0.028
0 0.821 0.209 0.017 0.042
0 0.833 0.197 0.014 0.037
0 0.832 0.158 0.013 0.03
0 0.85 0.158 0.012 0.033
0 0.854 0.24 0.019 0.053
0 0.912 0.255 0.019 0.047
0 0.903 0.233 0.016 0.035
0 0.887 0.207 0.014 0.04
0 0.879 0.164 0.014 0.035
0 0.887 0.159 0.012 0.025
