0 0.889 0.359 0.026 0.068
0 0.915 0.26 0.018 0.046
0 0.923 0.299 0.021 0.055
0 0.924 0.201 0.012 0.035
0 0.927 0.158 0.008 0.023
0 0.893 0.171 0.015 0.036
0 0.881 0.204 0.014 0.043
0 0.862 0.257 0.018 0.043
0 0.832 0.308 0.021 0.06
0 0.803 0.406 0.034 0.066
0 0.836 0.123 0.01 0.027
0 0.834 0.143 0.014 0.03
0 0.85 0.168 0.016 0.038
0 0.864 0.129 0.008 0.027
0 0.861 0.148 0.01 0.027
0 0.829 0.201 0.016 0.041
0 0.811 0.235 0.016 0.036
0 0.814 0.162 0.013 0.028
0 0.788 0.269 0.02 0.051
0 0.752 0.328 0.026 0.061
0 0.72 0.258 0.023 0.055
0 0.692 0.334 0.027 0.061
0 0.727 0.195 0.017 0.041
0 0.732 0.176 0.015 0.03
0 0.756 0.214 0.018 0.046
0 0.775 0.2 0.017 0.041
0 0.771 0.129 0.012 0.028
0 0.779 0.156 0.015 0.036
0 0.701 0.103 0.011 0.023
0 0.677 0.104 0.011 0.027
0 0.736 0.123 0.013 0.027
0 0.756 0.144 0.013 0.03
0 0.669 0.167 0.014 0.04
0 0.695 0.183 0.018 0.041
0 0.597 0.101 0.008 0.017
0 0.587 0.115 0.009 0.018
0 0.567 0.108 0.009 0.02
0 0.623 0.098 0.008 0.02
0 0.631 0.11 0.009 0.022
0 0.619 0.149 0.012 0.03
0 0.649 0.134 0.012 0.023
0 0.582 0.169 0.016 0.033
0 0.533 0.133 0.012 0.027
0 0.55 0.179 0.015 0.033
0 0.589 0.142 0.013 0.028
0 0.519 0.151 0.013 0.027
0 0.514 0.178 0.015 0.032
0 0.538 0.189 0.017 0.036
0 0.483 0.167 0.012 0.028
0 0.458 0.182 0.016 0.033
0 0.475 0.185 0.017 0.038
0 0.497 0.193 0.017 0.041
0 0.445 0.221 0.017 0.038
0 0.475 0.229 0.019 0.046
0 0.433 0.172 0.009 0.023
0 0.424 0.177 0.012 0.027
0 0.407 0.192 0.013 0.027
0 0.368 0.195 0.013 0.028
0 0.379 0.214 0.013 0.036
0 0.397 0.226 0.015 0.03
0 0.273 0.254 0.01 0.027
0 0.283 0.255 0.013 0.033
0 0.299 0.268 0.015 0.035
0 0.344 0.27 0.013 0.036
0 0.375 0.282 0.017 0.04
0 0.111 0.548 0.053 0.111
0 0.506 0.297 0.022 0.05
0 0.557 0.264 0.016 0.04
0 0.565 0.304 0.023 0.051
0 0.608 0.32 0.025 0.053
0 0.632 0.203 0.014 0.035
0 0.626 0.255 0.019 0.046
0 0.66 0.219 0.017 0.043
0 0.475 0.146 0.009 0.02
0 0.511 0.125 0.007 0.018
