0 0.184 0.324 0.038 0.07
0 0.258 0.4 0.045 0.081
0 0.301 0.456 0.048 0.079
0 0.276 0.236 0.02 0.045
0 0.307 0.231 0.017 0.036
0 0.336 0.229 0.025 0.044
0 0.349 0.175 0.017 0.039
0 0.367 0.19 0.015 0.037
0 0.378 0.226 0.024 0.04
0 0.409 0.251 0.025 0.055
0 0.382 0.17 0.016 0.036
0 0.416 0.206 0.024 0.042
0 0.454 0.204 0.02 0.045
0 0.439 0.167 0.014 0.031
0 0.424 0.159 0.014 0.037
0 0.469 0.152 0.016 0.036
0 0.472 0.115 0.016 0.029
0 0.488 0.142 0.016 0.032
0 0.482 0.152 0.014 0.026
0 0.481 0.18 0.018 0.034
0 0.501 0.124 0.012 0.028
0 0.513 0.156 0.016 0.04
0 0.523 0.129 0.016 0.04
0 0.536 0.132 0.013 0.031
0 0.553 0.129 0.015 0.031
0 0.554 0.068 0.011 0.026
0 0.597 0.163 0.016 0.037
0 0.604 0.129 0.016 0.034
0 0.621 0.121 0.013 0.029
0 0.632 0.177 0.019 0.034
0 0.656 0.138 0.016 0.036
0 0.672 0.127 0.012 0.024
0 0.711 0.114 0.015 0.031
0 0.646 0.104 0.012 0.029
0 0.626 0.061 0.017 0.029
0 0.553 0.184 0.021 0.049
0 0.533 0.18 0.019 0.044
0 0.55 0.234 0.027 0.057
0 0.617 0.252 0.025 0.053
0 0.613 0.222 0.025 0.034
0 0.68 0.227 0.019 0.045
0 0.706 0.271 0.027 0.053
0 0.713 0.32 0.035 0.074
0 0.719 0.225 0.023 0.039
0 0.723 0.187 0.016 0.04
0 0.708 0.17 0.019 0.042
0 0.749 0.189 0.02 0.045
0 0.73 0.167 0.016 0.039
0 0.761 0.243 0.027 0.058
0 0.786 0.307 0.031 0.061
0 0.827 0.27 0.022 0.055
0 0.95 0.375 0.047 0.097
0 0.908 0.393 0.025 0.058
0 0.884 0.273 0.02 0.039
0 0.935 0.266 0.023 0.047
0 0.936 0.208 0.021 0.047
0 0.946 0.176 0.015 0.037
0 0.911 0.184 0.013 0.036
0 0.9 0.187 0.018 0.031
0 0.903 0.206 0.015 0.037
0 0.865 0.232 0.019 0.037
0 0.863 0.187 0.016 0.037
0 0.832 0.193 0.018 0.034
0 0.843 0.161 0.022 0.04
0 0.857 0.152 0.016 0.039
0 0.824 0.075 0.018 0.034
0 0.798 0.139 0.015 0.029
0 0.796 0.168 0.017 0.039
0 0.775 0.161 0.016 0.031
0 0.791 0.238 0.025 0.042
