0 0.061 0.356 0.022 0.042
0 0.271 0.267 0.013 0.028
0 0.262 0.248 0.014 0.03
0 0.319 0.244 0.013 0.034
0 0.334 0.251 0.013 0.032
0 0.351 0.261 0.017 0.032
0 0.324 0.212 0.013 0.026
0 0.336 0.217 0.013 0.024
0 0.352 0.225 0.014 0.028
0 0.363 0.192 0.012 0.03
0 0.381 0.191 0.014 0.036
0 0.398 0.215 0.014 0.032
0 0.397 0.278 0.021 0.042
0 0.464 0.23 0.022 0.03
0 0.456 0.221 0.016 0.032
0 0.39 0.271 0.018 0.044
0 0.417 0.186 0.018 0.03
0 0.445 0.191 0.016 0.032
0 0.473 0.192 0.016 0.022
0 0.509 0.185 0.012 0.032
0 0.53 0.195 0.017 0.032
0 0.554 0.16 0.013 0.03
0 0.573 0.165 0.014 0.032
0 0.458 0.149 0.013 0.024
0 0.48 0.134 0.014 0.022
0 0.564 0.121 0.011 0.03
0 0.59 0.14 0.01 0.03
0 0.608 0.148 0.014 0.026
0 0.601 0.128 0.009 0.022
0 0.605 0.117 0.01 0.026
0 0.592 0.119 0.014 0.022
0 0.636 0.135 0.011 0.028
0 0.633 0.118 0.012 0.02
0 0.676 0.114 0.013 0.024
0 0.495 0.291 0.027 0.048
0 0.552 0.248 0.019 0.042
0 0.576 0.291 0.023 0.048
0 0.62 0.306 0.024 0.058
0 0.606 0.259 0.018 0.036
0 0.62 0.202 0.014 0.034
0 0.65 0.202 0.018 0.038
0 0.641 0.185 0.013 0.032
0 0.682 0.148 0.012 0.026
0 0.694 0.175 0.014 0.028
0 0.696 0.217 0.022 0.04
0 0.67 0.252 0.02 0.046
0 0.712 0.293 0.02 0.04
0 0.764 0.263 0.022 0.048
0 0.726 0.2 0.017 0.034
0 0.715 0.163 0.012 0.028
0 0.704 0.143 0.012 0.032
0 0.727 0.117 0.011 0.022
0 0.734 0.145 0.013 0.028
0 0.753 0.125 0.013 0.032
0 0.773 0.135 0.014 0.032
0 0.763 0.161 0.012 0.028
0 0.751 0.221 0.018 0.036
0 0.761 0.198 0.014 0.034
0 0.793 0.164 0.012 0.03
0 0.826 0.151 0.016 0.028
0 0.839 0.151 0.016 0.036
0 0.835 0.186 0.018 0.034
0 0.829 0.218 0.014 0.038
0 0.838 0.311 0.023 0.052
0 0.836 0.269 0.021 0.052
0 0.907 0.274 0.02 0.046
0 0.912 0.228 0.017 0.038
0 0.897 0.206 0.019 0.03
0 0.878 0.174 0.016 0.034
0 0.885 0.157 0.019 0.032
