0 0.334 0.301 0.021 0.039
0 0.346 0.235 0.013 0.039
0 0.358 0.228 0.02 0.038
0 0.417 0.299 0.022 0.039
0 0.395 0.225 0.013 0.035
0 0.409 0.214 0.016 0.039
0 0.429 0.243 0.018 0.033
0 0.459 0.211 0.019 0.036
0 0.478 0.176 0.021 0.033
0 0.471 0.27 0.021 0.033
0 0.495 0.225 0.022 0.036
0 0.524 0.164 0.023 0.035
0 0.543 0.175 0.014 0.038
0 0.559 0.162 0.023 0.031
0 0.532 0.205 0.021 0.038
0 0.577 0.182 0.02 0.035
0 0.597 0.169 0.02 0.035
0 0.565 0.265 0.026 0.043
0 0.603 0.266 0.027 0.049
0 0.572 0.321 0.025 0.049
0 0.654 0.312 0.026 0.064
0 0.655 0.207 0.016 0.043
0 0.669 0.22 0.024 0.048
0 0.696 0.171 0.016 0.033
0 0.774 0.145 0.018 0.03
0 0.737 0.173 0.017 0.036
0 0.741 0.2 0.017 0.048
0 0.713 0.241 0.021 0.044
0 0.739 0.266 0.028 0.054
0 0.774 0.239 0.019 0.048
0 0.783 0.205 0.021 0.041
0 0.8 0.151 0.014 0.033
0 0.829 0.172 0.019 0.035
0 0.768 0.363 0.036 0.072
0 0.785 0.303 0.024 0.053
0 0.816 0.257 0.025 0.061
0 0.833 0.229 0.023 0.049
0 0.864 0.158 0.017 0.033
0 0.889 0.21 0.019 0.038
0 0.854 0.207 0.02 0.036
0 0.873 0.272 0.025 0.054
0 0.849 0.319 0.024 0.049
0 0.922 0.271 0.032 0.053
0 0.771 0.189 0.022 0.039
0 0.616 0.115 0.016 0.026
0 0.607 0.237 0.029 0.043
