0 0.523 0.257 0.032 0.063
0 0.586 0.226 0.018 0.046
0 0.452 0.224 0.016 0.039
0 0.322 0.217 0.016 0.032
0 0.367 0.198 0.014 0.028
0 0.372 0.182 0.015 0.028
0 0.407 0.174 0.013 0.03
0 0.438 0.155 0.012 0.025
0 0.664 0.222 0.019 0.042
0 0.623 0.197 0.018 0.041
0 0.715 0.222 0.018 0.039
0 0.873 0.273 0.019 0.046
0 0.924 0.269 0.015 0.044
0 0.933 0.23 0.013 0.037
0 0.793 0.216 0.015 0.037
0 0.854 0.199 0.013 0.035
0 0.921 0.178 0.013 0.032
0 0.935 0.193 0.016 0.03
0 0.834 0.177 0.013 0.03
0 0.85 0.149 0.012 0.026
0 0.873 0.159 0.012 0.028
0 0.736 0.178 0.013 0.028
0 0.766 0.18 0.015 0.035
0 0.786 0.172 0.014 0.03
0 0.805 0.162 0.012 0.028
0 0.819 0.139 0.013 0.032
0 0.793 0.138 0.011 0.026
0 0.762 0.138 0.018 0.023
0 0.723 0.148 0.013 0.032
0 0.738 0.149 0.013 0.03
0 0.5 0.195 0.019 0.034
0 0.478 0.198 0.015 0.025
0 0.46 0.17 0.013 0.037
0 0.472 0.166 0.013 0.032
0 0.466 0.138 0.012 0.025
0 0.519 0.164 0.015 0.032
0 0.533 0.211 0.018 0.03
0 0.493 0.138 0.015 0.028
0 0.525 0.128 0.013 0.026
0 0.543 0.169 0.015 0.028
0 0.574 0.181 0.015 0.03
0 0.571 0.125 0.016 0.025
0 0.596 0.155 0.013 0.025
0 0.593 0.138 0.015 0.028
0 0.702 0.126 0.01 0.026
0 0.619 0.113 0.012 0.035
0 0.676 0.108 0.013 0.032
0 0.66 0.145 0.011 0.028
0 0.654 0.118 0.017 0.025
0 0.66 0.188 0.016 0.026
0 0.939 0.171 0.011 0.028
0 0.896 0.213 0.014 0.032
0 0.877 0.24 0.015 0.039
0 0.806 0.205 0.015 0.034
0 0.706 0.197 0.018 0.041
0 0.431 0.175 0.014 0.026
0 0.562 0.156 0.014 0.026
0 0.69 0.175 0.013 0.03
