0 0.185 0.394 0.048 0.096
0 0.288 0.276 0.022 0.052
0 0.308 0.263 0.022 0.054
0 0.332 0.22 0.021 0.038
0 0.354 0.259 0.027 0.047
0 0.4 0.271 0.025 0.054
0 0.385 0.261 0.022 0.047
0 0.393 0.227 0.02 0.031
0 0.402 0.19 0.018 0.035
0 0.42 0.18 0.02 0.035
0 0.449 0.213 0.023 0.034
0 0.488 0.227 0.022 0.048
0 0.447 0.168 0.017 0.031
0 0.444 0.14 0.014 0.031
0 0.508 0.181 0.024 0.038
0 0.463 0.16 0.015 0.031
0 0.485 0.154 0.016 0.031
0 0.502 0.131 0.015 0.028
0 0.545 0.163 0.02 0.038
0 0.539 0.127 0.017 0.04
0 0.557 0.188 0.024 0.04
0 0.553 0.14 0.015 0.034
0 0.563 0.127 0.014 0.028
0 0.58 0.146 0.017 0.035
0 0.588 0.119 0.014 0.034
0 0.57 0.061 0.014 0.027
0 0.609 0.153 0.017 0.037
0 0.603 0.131 0.014 0.031
0 0.61 0.112 0.014 0.027
0 0.637 0.134 0.02 0.031
0 0.637 0.093 0.015 0.032
0 0.646 0.119 0.014 0.032
0 0.666 0.117 0.017 0.035
0 0.694 0.106 0.018 0.031
0 0.541 0.297 0.031 0.066
0 0.555 0.256 0.029 0.052
0 0.6 0.254 0.025 0.052
0 0.601 0.211 0.023 0.044
0 0.631 0.295 0.03 0.056
0 0.65 0.272 0.023 0.049
0 0.653 0.225 0.022 0.048
0 0.676 0.192 0.023 0.048
0 0.706 0.22 0.023 0.052
0 0.81 0.409 0.037 0.069
0 0.883 0.402 0.04 0.081
0 0.78 0.277 0.026 0.062
0 0.745 0.227 0.031 0.051
0 0.715 0.168 0.02 0.042
0 0.731 0.179 0.021 0.042
0 0.751 0.167 0.018 0.04
0 0.755 0.136 0.017 0.035
0 0.773 0.21 0.017 0.044
0 0.777 0.159 0.017 0.032
0 0.779 0.113 0.014 0.025
0 0.81 0.235 0.021 0.049
0 0.814 0.163 0.014 0.035
0 0.823 0.207 0.024 0.047
0 0.833 0.321 0.03 0.071
0 0.91 0.309 0.025 0.064
0 0.916 0.246 0.028 0.051
0 0.851 0.247 0.023 0.051
0 0.873 0.23 0.023 0.055
0 0.806 0.124 0.015 0.034
0 0.823 0.127 0.017 0.034
0 0.852 0.16 0.015 0.038
0 0.861 0.146 0.016 0.035
0 0.887 0.183 0.018 0.041
0 0.893 0.157 0.015 0.041
0 0.837 0.184 0.019 0.037
