0 0.215 0.364 0.039 0.082
0 0.31 0.24 0.019 0.038
0 0.319 0.219 0.019 0.031
0 0.335 0.24 0.019 0.04
0 0.347 0.205 0.016 0.031
0 0.353 0.18 0.014 0.03
0 0.375 0.202 0.019 0.036
0 0.378 0.247 0.019 0.04
0 0.412 0.245 0.02 0.042
0 0.401 0.196 0.018 0.031
0 0.413 0.206 0.02 0.03
0 0.415 0.171 0.017 0.03
0 0.436 0.142 0.013 0.028
0 0.452 0.221 0.02 0.04
0 0.443 0.18 0.02 0.036
0 0.463 0.151 0.016 0.031
0 0.475 0.135 0.017 0.023
0 0.482 0.156 0.015 0.035
0 0.489 0.187 0.016 0.036
0 0.486 0.225 0.022 0.04
0 0.494 0.276 0.029 0.059
0 0.496 0.141 0.016 0.03
0 0.507 0.127 0.011 0.024
0 0.513 0.151 0.017 0.031
0 0.52 0.135 0.015 0.021
0 0.529 0.128 0.013 0.028
0 0.521 0.174 0.016 0.035
0 0.559 0.181 0.015 0.036
0 0.554 0.159 0.015 0.03
0 0.558 0.14 0.011 0.023
0 0.558 0.127 0.015 0.028
0 0.58 0.119 0.014 0.03
0 0.592 0.114 0.014 0.03
0 0.59 0.144 0.018 0.031
0 0.59 0.174 0.015 0.033
0 0.63 0.153 0.015 0.031
0 0.62 0.128 0.012 0.024
0 0.612 0.118 0.012 0.031
0 0.62 0.109 0.01 0.023
0 0.64 0.118 0.016 0.024
0 0.658 0.122 0.012 0.028
0 0.665 0.148 0.013 0.033
0 0.672 0.103 0.012 0.026
0 0.691 0.119 0.014 0.03
0 0.699 0.101 0.012 0.024
0 0.726 0.113 0.012 0.024
0 0.707 0.15 0.016 0.03
0 0.71 0.181 0.018 0.043
0 0.673 0.189 0.021 0.038
0 0.635 0.238 0.021 0.049
0 0.626 0.226 0.018 0.035
0 0.57 0.256 0.022 0.04
0 0.556 0.28 0.024 0.049
0 0.61 0.34 0.028 0.066
0 0.695 0.306 0.024 0.056
0 0.688 0.273 0.023 0.05
0 0.724 0.234 0.019 0.045
0 0.734 0.302 0.028 0.056
0 0.776 0.253 0.025 0.049
0 0.766 0.197 0.021 0.04
0 0.756 0.174 0.018 0.031
0 0.74 0.141 0.016 0.035
0 0.758 0.13 0.013 0.031
0 0.78 0.159 0.017 0.03
0 0.788 0.14 0.013 0.026
0 0.804 0.164 0.014 0.03
0 0.815 0.154 0.015 0.03
0 0.811 0.207 0.016 0.035
0 0.826 0.246 0.021 0.05
0 0.781 0.348 0.024 0.047
0 0.748 0.408 0.032 0.076
0 0.82 0.406 0.037 0.062
0 0.839 0.36 0.027 0.05
0 0.91 0.429 0.032 0.073
0 0.92 0.345 0.028 0.062
0 0.93 0.287 0.021 0.043
0 0.898 0.234 0.018 0.04
0 0.875 0.27 0.022 0.054
0 0.942 0.213 0.017 0.043
