0 0.158 0.537 0.042 0.085
0 0.218 0.362 0.024 0.045
0 0.263 0.344 0.023 0.041
0 0.286 0.306 0.017 0.035
0 0.293 0.359 0.021 0.044
0 0.332 0.371 0.025 0.045
0 0.344 0.338 0.021 0.042
0 0.353 0.3 0.017 0.031
0 0.383 0.277 0.015 0.031
0 0.401 0.298 0.017 0.033
0 0.376 0.333 0.018 0.038
0 0.402 0.346 0.023 0.052
0 0.406 0.267 0.019 0.031
0 0.422 0.252 0.015 0.028
0 0.432 0.277 0.015 0.034
0 0.431 0.309 0.019 0.041
0 0.462 0.336 0.023 0.044
0 0.464 0.303 0.021 0.035
0 0.456 0.276 0.015 0.031
0 0.448 0.251 0.017 0.024
0 0.465 0.23 0.014 0.024
0 0.494 0.265 0.021 0.035
0 0.507 0.241 0.013 0.024
0 0.513 0.252 0.014 0.024
0 0.518 0.272 0.014 0.033
0 0.528 0.253 0.017 0.034
0 0.549 0.28 0.021 0.037
0 0.564 0.245 0.016 0.034
0 0.553 0.219 0.012 0.028
0 0.567 0.218 0.015 0.028
0 0.585 0.226 0.014 0.03
0 0.604 0.208 0.014 0.031
0 0.616 0.215 0.014 0.023
0 0.499 0.332 0.021 0.045
0 0.457 0.412 0.027 0.051
0 0.531 0.405 0.027 0.055
0 0.531 0.366 0.022 0.041
0 0.587 0.365 0.023 0.054
0 0.586 0.324 0.023 0.042
0 0.57 0.446 0.029 0.074
0 0.624 0.487 0.035 0.078
0 0.694 0.504 0.042 0.082
0 0.653 0.37 0.027 0.058
0 0.634 0.344 0.017 0.042
0 0.621 0.302 0.019 0.041
0 0.626 0.256 0.017 0.034
0 0.589 0.256 0.012 0.028
0 0.647 0.238 0.016 0.025
0 0.656 0.212 0.01 0.025
0 0.667 0.226 0.013 0.03
0 0.657 0.279 0.017 0.041
0 0.692 0.301 0.023 0.042
0 0.694 0.252 0.014 0.033
0 0.668 0.321 0.02 0.042
0 0.678 0.349 0.021 0.048
0 0.719 0.263 0.016 0.042
0 0.73 0.248 0.01 0.023
0 0.726 0.239 0.013 0.028
0 0.74 0.306 0.019 0.042
0 0.746 0.269 0.015 0.031
0 0.757 0.292 0.014 0.03
0 0.766 0.248 0.014 0.03
0 0.794 0.248 0.014 0.033
0 0.799 0.304 0.015 0.04
0 0.801 0.27 0.017 0.025
0 0.824 0.264 0.013 0.034
0 0.837 0.264 0.013 0.028
0 0.832 0.288 0.015 0.033
0 0.832 0.323 0.021 0.041
0 0.792 0.364 0.021 0.042
0 0.805 0.348 0.017 0.042
0 0.721 0.406 0.026 0.062
0 0.761 0.449 0.028 0.061
0 0.825 0.45 0.032 0.055
0 0.84 0.38 0.021 0.054
0 0.857 0.368 0.02 0.052
0 0.871 0.327 0.016 0.035
0 0.876 0.279 0.015 0.041
0 0.857 0.259 0.014 0.037
0 0.897 0.317 0.014 0.034
0 0.908 0.285 0.013 0.03
0 0.912 0.303 0.015 0.024
0 0.908 0.322 0.014 0.035
0 0.905 0.361 0.023 0.042
0 0.899 0.412 0.026 0.054
0 0.899 0.476 0.033 0.075
0 0.791 0.538 0.033 0.078
