0 0.093 0.318 0.019 0.043
0 0.183 0.472 0.038 0.066
0 0.394 0.263 0.023 0.036
0 0.406 0.214 0.016 0.028
0 0.464 0.216 0.02 0.038
0 0.364 0.19 0.013 0.028
0 0.356 0.243 0.018 0.028
0 0.419 0.155 0.015 0.031
0 0.474 0.118 0.012 0.026
0 0.521 0.118 0.013 0.026
0 0.537 0.117 0.014 0.025
0 0.572 0.121 0.011 0.026
0 0.589 0.119 0.011 0.026
0 0.568 0.173 0.015 0.035
0 0.48 0.325 0.025 0.046
0 0.54 0.323 0.026 0.05
0 0.616 0.257 0.021 0.043
0 0.659 0.214 0.023 0.045
0 0.606 0.233 0.02 0.02
0 0.702 0.305 0.027 0.058
0 0.714 0.251 0.023 0.055
0 0.773 0.271 0.027 0.058
0 0.809 0.292 0.025 0.058
0 0.908 0.312 0.022 0.065
0 0.827 0.059 0.012 0.028
0 0.89 0.132 0.01 0.023
0 0.907 0.14 0.011 0.025
0 0.935 0.148 0.012 0.025
