0 0.072 0.515 0.043 0.082
0 0.219 0.351 0.017 0.035
0 0.26 0.345 0.022 0.047
0 0.283 0.362 0.018 0.038
0 0.286 0.302 0.014 0.033
0 0.33 0.365 0.022 0.04
0 0.35 0.332 0.017 0.035
0 0.354 0.29 0.015 0.029
0 0.381 0.33 0.017 0.035
0 0.404 0.336 0.02 0.038
0 0.401 0.296 0.018 0.031
0 0.4 0.271 0.014 0.025
0 0.381 0.255 0.013 0.026
0 0.441 0.334 0.019 0.04
0 0.43 0.311 0.014 0.032
0 0.463 0.302 0.014 0.033
0 0.455 0.273 0.016 0.028
0 0.446 0.259 0.012 0.022
0 0.439 0.248 0.013 0.025
0 0.464 0.233 0.015 0.029
0 0.484 0.267 0.016 0.042
0 0.516 0.265 0.015 0.032
0 0.524 0.254 0.016 0.026
0 0.54 0.284 0.017 0.035
0 0.539 0.227 0.015 0.026
0 0.57 0.255 0.016 0.036
0 0.564 0.234 0.012 0.024
0 0.563 0.216 0.014 0.021
0 0.59 0.225 0.014 0.029
0 0.589 0.248 0.012 0.026
0 0.6 0.202 0.011 0.028
0 0.616 0.211 0.016 0.025
0 0.632 0.244 0.013 0.029
0 0.648 0.22 0.012 0.024
0 0.661 0.229 0.014 0.032
0 0.677 0.221 0.013 0.033
0 0.694 0.245 0.018 0.035
0 0.664 0.264 0.018 0.036
0 0.622 0.298 0.018 0.038
0 0.587 0.323 0.021 0.049
0 0.522 0.352 0.025 0.053
0 0.5 0.325 0.02 0.046
0 0.451 0.43 0.034 0.065
0 0.535 0.4 0.028 0.051
0 0.58 0.429 0.03 0.074
0 0.573 0.396 0.027 0.049
0 0.63 0.461 0.036 0.068
0 0.647 0.387 0.028 0.063
0 0.645 0.33 0.023 0.045
0 0.68 0.344 0.023 0.049
0 0.684 0.511 0.037 0.079
0 0.726 0.396 0.03 0.065
0 0.709 0.282 0.015 0.032
0 0.72 0.252 0.015 0.035
0 0.726 0.236 0.013 0.025
0 0.735 0.226 0.012 0.026
0 0.747 0.261 0.015 0.025
0 0.756 0.277 0.015 0.036
0 0.77 0.266 0.014 0.031
0 0.765 0.237 0.014 0.029
0 0.8 0.264 0.014 0.028
0 0.819 0.265 0.014 0.032
0 0.797 0.296 0.015 0.032
0 0.807 0.337 0.02 0.038
0 0.79 0.364 0.024 0.047
0 0.759 0.432 0.028 0.063
0 0.797 0.506 0.032 0.067
0 0.829 0.437 0.032 0.058
0 0.84 0.368 0.025 0.054
0 0.857 0.37 0.016 0.045
0 0.886 0.393 0.026 0.054
0 0.894 0.457 0.031 0.065
0 0.908 0.345 0.018 0.042
0 0.918 0.313 0.016 0.031
0 0.923 0.268 0.014 0.029
0 0.878 0.287 0.016 0.038
0 0.864 0.318 0.017 0.038
0 0.827 0.308 0.016 0.035
0 0.837 0.303 0.014 0.038
0 0.839 0.271 0.012 0.032
0 0.852 0.258 0.012 0.035
