0 0.12 0.521 0.049 0.085
0 0.222 0.332 0.02 0.039
0 0.253 0.362 0.02 0.047
0 0.289 0.362 0.022 0.039
0 0.282 0.31 0.025 0.036
0 0.34 0.353 0.026 0.056
0 0.356 0.324 0.019 0.036
0 0.358 0.292 0.022 0.03
0 0.386 0.34 0.022 0.037
0 0.415 0.326 0.022 0.042
0 0.413 0.292 0.019 0.034
0 0.397 0.254 0.021 0.037
0 0.424 0.268 0.016 0.029
0 0.436 0.251 0.016 0.029
0 0.456 0.254 0.014 0.029
0 0.465 0.269 0.018 0.033
0 0.44 0.305 0.019 0.029
0 0.48 0.306 0.022 0.03
0 0.517 0.321 0.021 0.04
0 0.453 0.339 0.024 0.039
0 0.473 0.236 0.011 0.029
0 0.478 0.227 0.01 0.021
0 0.515 0.264 0.017 0.027
0 0.535 0.274 0.017 0.036
0 0.537 0.246 0.016 0.026
0 0.537 0.231 0.015 0.024
0 0.561 0.247 0.016 0.03
0 0.568 0.219 0.014 0.023
0 0.587 0.212 0.013 0.02
0 0.59 0.226 0.017 0.029
0 0.594 0.259 0.019 0.032
0 0.571 0.275 0.019 0.034
0 0.553 0.352 0.024 0.057
0 0.494 0.396 0.034 0.053
0 0.533 0.448 0.035 0.057
0 0.621 0.322 0.023 0.044
0 0.618 0.218 0.015 0.026
0 0.63 0.204 0.013 0.03
0 0.62 0.244 0.018 0.03
0 0.65 0.201 0.015 0.032
0 0.659 0.218 0.014 0.03
0 0.647 0.247 0.017 0.033
0 0.655 0.29 0.021 0.039
0 0.689 0.206 0.013 0.024
0 0.698 0.218 0.011 0.026
0 0.706 0.213 0.012 0.026
0 0.694 0.265 0.017 0.037
0 0.643 0.36 0.023 0.047
0 0.668 0.337 0.023 0.049
0 0.676 0.367 0.031 0.053
0 0.713 0.355 0.024 0.047
0 0.731 0.246 0.019 0.032
0 0.719 0.293 0.017 0.042
0 0.73 0.291 0.017 0.037
0 0.762 0.233 0.013 0.03
0 0.77 0.251 0.017 0.03
0 0.793 0.251 0.015 0.03
0 0.813 0.234 0.015 0.032
0 0.818 0.256 0.016 0.033
0 0.806 0.27 0.018 0.036
0 0.842 0.238 0.017 0.032
0 0.875 0.251 0.014 0.032
0 0.894 0.267 0.014 0.039
0 0.909 0.251 0.014 0.029
0 0.932 0.273 0.015 0.033
0 0.977 0.274 0.014 0.029
0 0.976 0.298 0.014 0.034
0 0.965 0.31 0.014 0.036
0 0.948 0.319 0.018 0.037
0 0.928 0.314 0.018 0.036
0 0.913 0.335 0.018 0.042
0 0.963 0.365 0.017 0.043
0 0.882 0.316 0.016 0.039
0 0.848 0.292 0.017 0.037
0 0.863 0.33 0.017 0.046
0 0.892 0.376 0.022 0.059
0 0.845 0.348 0.02 0.049
0 0.87 0.438 0.027 0.063
0 0.811 0.423 0.028 0.062
0 0.858 0.501 0.028 0.066
0 0.949 0.448 0.029 0.067
0 0.752 0.403 0.03 0.054
0 0.611 0.437 0.035 0.066
0 0.658 0.458 0.037 0.077
0 0.721 0.533 0.045 0.08
