0 0.163 0.413 0.049 0.091
0 0.189 0.47 0.052 0.103
0 0.302 0.251 0.017 0.041
0 0.31 0.281 0.021 0.03
0 0.344 0.255 0.023 0.036
0 0.421 0.268 0.024 0.043
0 0.506 0.087 0.013 0.025
0 0.534 0.092 0.013 0.028
0 0.558 0.122 0.014 0.022
0 0.613 0.118 0.014 0.026
0 0.576 0.159 0.015 0.03
0 0.548 0.157 0.019 0.03
0 0.523 0.156 0.017 0.023
0 0.487 0.134 0.015 0.02
0 0.471 0.156 0.018 0.025
0 0.496 0.177 0.017 0.03
0 0.433 0.172 0.018 0.03
0 0.387 0.201 0.023 0.035
0 0.446 0.19 0.019 0.025
0 0.422 0.22 0.023 0.03
0 0.444 0.234 0.023 0.035
0 0.466 0.212 0.018 0.023
0 0.476 0.197 0.017 0.023
0 0.52 0.214 0.021 0.033
0 0.481 0.325 0.03 0.048
0 0.536 0.276 0.021 0.028
0 0.562 0.285 0.025 0.036
0 0.601 0.262 0.023 0.04
0 0.656 0.259 0.023 0.048
0 0.708 0.282 0.031 0.055
0 0.771 0.315 0.03 0.05
0 0.869 0.235 0.017 0.043
0 0.849 0.185 0.018 0.036
0 0.792 0.195 0.018 0.031
0 0.752 0.183 0.025 0.038
0 0.747 0.156 0.018 0.038
0 0.717 0.169 0.02 0.03
0 0.708 0.148 0.016 0.028
0 0.694 0.191 0.023 0.038
0 0.694 0.107 0.017 0.038
0 0.747 0.111 0.011 0.026
0 0.805 0.134 0.01 0.023
