0 0.103 0.499 0.064 0.117
0 0.277 0.23 0.018 0.04
0 0.312 0.217 0.016 0.038
0 0.325 0.214 0.017 0.038
0 0.345 0.216 0.019 0.042
0 0.33 0.18 0.016 0.034
0 0.353 0.198 0.018 0.043
0 0.373 0.206 0.016 0.042
0 0.383 0.229 0.018 0.045
0 0.41 0.238 0.021 0.049
0 0.443 0.241 0.022 0.047
0 0.416 0.199 0.018 0.04
0 0.395 0.205 0.016 0.036
0 0.377 0.164 0.016 0.026
0 0.401 0.169 0.016 0.036
0 0.423 0.154 0.013 0.028
0 0.44 0.155 0.013 0.026
0 0.439 0.181 0.014 0.032
0 0.46 0.203 0.021 0.043
0 0.465 0.129 0.012 0.028
0 0.483 0.142 0.011 0.03
0 0.491 0.149 0.011 0.026
0 0.497 0.175 0.014 0.036
0 0.523 0.175 0.018 0.036
0 0.554 0.179 0.017 0.04
0 0.563 0.157 0.015 0.038
0 0.537 0.15 0.013 0.032
0 0.527 0.142 0.012 0.026
0 0.508 0.144 0.016 0.034
0 0.499 0.12 0.012 0.028
0 0.55 0.128 0.015 0.032
0 0.576 0.133 0.014 0.028
0 0.601 0.158 0.015 0.04
0 0.61 0.146 0.013 0.034
0 0.61 0.118 0.012 0.028
0 0.626 0.131 0.014 0.032
0 0.627 0.11 0.011 0.023
0 0.643 0.154 0.015 0.036
0 0.652 0.131 0.014 0.032
0 0.655 0.11 0.014 0.03
0 0.677 0.127 0.013 0.026
0 0.688 0.103 0.014 0.032
0 0.706 0.11 0.011 0.034
0 0.59 0.223 0.028 0.053
0 0.636 0.251 0.025 0.06
0 0.67 0.335 0.032 0.083
0 0.637 0.209 0.019 0.043
0 0.662 0.217 0.018 0.049
0 0.669 0.178 0.017 0.038
0 0.691 0.254 0.021 0.055
0 0.725 0.241 0.02 0.043
0 0.72 0.179 0.019 0.043
0 0.702 0.175 0.016 0.04
0 0.735 0.146 0.013 0.034
0 0.74 0.166 0.017 0.038
0 0.755 0.191 0.021 0.045
0 0.762 0.25 0.025 0.062
0 0.745 0.378 0.036 0.083
0 0.797 0.286 0.026 0.062
0 0.8 0.197 0.018 0.042
0 0.792 0.164 0.014 0.034
0 0.79 0.137 0.013 0.032
0 0.762 0.129 0.014 0.036
0 0.777 0.127 0.012 0.03
0 0.804 0.134 0.012 0.03
0 0.824 0.127 0.014 0.03
0 0.832 0.166 0.014 0.038
0 0.817 0.206 0.018 0.034
0 0.822 0.254 0.025 0.055
0 0.839 0.211 0.018 0.047
0 0.918 0.338 0.029 0.072
0 0.883 0.23 0.02 0.047
0 0.897 0.215 0.015 0.043
0 0.907 0.185 0.013 0.034
0 0.866 0.185 0.015 0.038
0 0.86 0.225 0.017 0.034
0 0.86 0.147 0.014 0.025
0 0.84 0.155 0.015 0.034
0 0.877 0.16 0.014 0.036
0 0.911 0.154 0.012 0.028
0 0.952 0.192 0.013 0.04
0 0.936 0.195 0.014 0.034
0 0.949 0.233 0.016 0.045
0 0.935 0.252 0.02 0.047
