0 0.121 0.535 0.043 0.07
0 0.221 0.339 0.019 0.037
0 0.252 0.363 0.023 0.045
0 0.287 0.356 0.023 0.04
0 0.313 0.389 0.026 0.043
0 0.278 0.316 0.02 0.037
0 0.341 0.339 0.019 0.037
0 0.348 0.3 0.018 0.03
0 0.378 0.338 0.019 0.035
0 0.409 0.333 0.023 0.04
0 0.403 0.298 0.019 0.031
0 0.4 0.275 0.018 0.028
0 0.387 0.26 0.018 0.035
0 0.424 0.256 0.014 0.03
0 0.452 0.339 0.024 0.043
0 0.464 0.313 0.021 0.037
0 0.452 0.263 0.013 0.03
0 0.46 0.272 0.016 0.03
0 0.461 0.242 0.012 0.03
0 0.504 0.265 0.018 0.033
0 0.518 0.273 0.018 0.03
0 0.505 0.32 0.018 0.033
0 0.558 0.277 0.022 0.041
0 0.55 0.244 0.018 0.028
0 0.559 0.224 0.014 0.026
0 0.569 0.237 0.017 0.031
0 0.574 0.215 0.016 0.03
0 0.58 0.262 0.016 0.028
0 0.603 0.253 0.016 0.033
0 0.605 0.226 0.014 0.028
0 0.611 0.204 0.014 0.027
0 0.627 0.217 0.013 0.028
0 0.64 0.219 0.015 0.027
0 0.637 0.249 0.014 0.033
0 0.669 0.216 0.012 0.027
0 0.679 0.23 0.017 0.03
0 0.672 0.283 0.018 0.038
0 0.701 0.218 0.016 0.03
0 0.709 0.254 0.017 0.037
0 0.532 0.378 0.031 0.052
0 0.463 0.415 0.034 0.064
0 0.526 0.438 0.033 0.064
0 0.59 0.447 0.031 0.065
0 0.639 0.46 0.037 0.068
0 0.582 0.399 0.027 0.045
0 0.601 0.333 0.021 0.05
0 0.634 0.306 0.025 0.051
0 0.66 0.364 0.028 0.044
0 0.641 0.358 0.023 0.044
0 0.693 0.367 0.023 0.045
0 0.684 0.321 0.019 0.04
0 0.715 0.299 0.018 0.038
0 0.736 0.248 0.016 0.03
0 0.75 0.251 0.017 0.037
0 0.767 0.259 0.016 0.027
0 0.774 0.279 0.017 0.034
0 0.782 0.265 0.015 0.033
0 0.769 0.226 0.014 0.035
0 0.786 0.24 0.016 0.03
0 0.815 0.241 0.018 0.031
0 0.826 0.3 0.018 0.038
0 0.826 0.339 0.019 0.04
0 0.814 0.358 0.02 0.055
0 0.778 0.439 0.029 0.055
0 0.722 0.404 0.028 0.054
0 0.698 0.544 0.043 0.081
0 0.827 0.513 0.034 0.075
0 0.857 0.453 0.035 0.067
0 0.922 0.482 0.04 0.067
0 0.867 0.372 0.026 0.06
0 0.856 0.33 0.018 0.038
0 0.876 0.332 0.02 0.043
0 0.895 0.335 0.017 0.045
0 0.915 0.338 0.018 0.043
0 0.936 0.364 0.02 0.05
0 0.933 0.315 0.018 0.037
0 0.94 0.304 0.013 0.028
0 0.944 0.282 0.017 0.028
0 0.9 0.274 0.015 0.034
0 0.858 0.282 0.017 0.037
0 0.848 0.252 0.015 0.033
0 0.869 0.272 0.013 0.034
0 0.885 0.26 0.015 0.035
