0 0.2 0.37 0.048 0.093
0 0.287 0.223 0.014 0.035
0 0.321 0.242 0.017 0.04
0 0.33 0.181 0.014 0.032
0 0.33 0.223 0.015 0.028
0 0.351 0.189 0.017 0.033
0 0.371 0.199 0.017 0.04
0 0.385 0.248 0.019 0.039
0 0.375 0.236 0.016 0.03
0 0.402 0.194 0.019 0.04
0 0.425 0.228 0.019 0.047
0 0.445 0.218 0.019 0.039
0 0.446 0.192 0.016 0.03
0 0.44 0.168 0.016 0.03
0 0.417 0.17 0.016 0.032
0 0.424 0.144 0.012 0.032
0 0.459 0.145 0.014 0.033
0 0.472 0.142 0.013 0.028
0 0.477 0.181 0.02 0.039
0 0.505 0.215 0.02 0.04
0 0.5 0.191 0.014 0.026
0 0.497 0.16 0.015 0.032
0 0.488 0.142 0.013 0.025
0 0.503 0.12 0.013 0.03
0 0.521 0.135 0.015 0.032
0 0.537 0.166 0.014 0.033
0 0.555 0.187 0.017 0.04
0 0.556 0.157 0.016 0.03
0 0.548 0.142 0.011 0.021
0 0.543 0.121 0.015 0.028
0 0.572 0.121 0.014 0.028
0 0.586 0.175 0.019 0.037
0 0.58 0.115 0.011 0.023
0 0.599 0.13 0.015 0.032
0 0.611 0.112 0.012 0.026
0 0.622 0.16 0.017 0.032
0 0.633 0.127 0.015 0.033
0 0.658 0.134 0.021 0.037
0 0.66 0.103 0.015 0.026
0 0.694 0.12 0.013 0.026
0 0.692 0.1 0.012 0.021
0 0.713 0.108 0.014 0.03
0 0.568 0.243 0.025 0.056
0 0.538 0.296 0.028 0.054
0 0.494 0.285 0.029 0.049
0 0.606 0.316 0.03 0.063
0 0.615 0.255 0.022 0.053
0 0.63 0.227 0.022 0.049
0 0.671 0.188 0.021 0.046
0 0.675 0.252 0.026 0.058
0 0.7 0.315 0.027 0.053
0 0.728 0.309 0.022 0.056
0 0.721 0.219 0.02 0.044
0 0.713 0.181 0.019 0.035
0 0.699 0.162 0.013 0.032
0 0.721 0.15 0.017 0.037
0 0.746 0.14 0.015 0.033
0 0.741 0.163 0.015 0.035
0 0.744 0.194 0.018 0.044
0 0.761 0.162 0.014 0.035
0 0.778 0.133 0.015 0.037
0 0.792 0.162 0.018 0.035
0 0.789 0.226 0.021 0.044
0 0.768 0.241 0.022 0.053
0 0.789 0.283 0.026 0.056
0 0.749 0.381 0.033 0.081
0 0.82 0.389 0.034 0.079
0 0.834 0.315 0.028 0.07
0 0.817 0.254 0.022 0.054
0 0.872 0.259 0.022 0.051
0 0.897 0.431 0.033 0.088
0 0.918 0.337 0.032 0.069
0 0.921 0.28 0.026 0.062
0 0.887 0.228 0.021 0.053
0 0.932 0.214 0.021 0.039
