0 0.893 0.213 0.015 0.045
0 0.823 0.123 0.01 0.03
0 0.734 0.277 0.026 0.056
0 0.791 0.289 0.024 0.053
0 0.809 0.18 0.015 0.038
0 0.778 0.162 0.015 0.035
0 0.755 0.145 0.014 0.033
0 0.725 0.142 0.015 0.028
0 0.736 0.162 0.017 0.035
0 0.695 0.151 0.016 0.037
0 0.583 0.153 0.013 0.03
0 0.564 0.147 0.012 0.032
0 0.537 0.141 0.012 0.027
0 0.54 0.199 0.015 0.037
0 0.463 0.158 0.01 0.023
0 0.476 0.15 0.01 0.023
0 0.457 0.187 0.015 0.035
0 0.48 0.198 0.013 0.033
0 0.424 0.229 0.017 0.037
0 0.461 0.225 0.016 0.038
0 0.483 0.328 0.022 0.051
0 0.445 0.267 0.019 0.045
0 0.314 0.29 0.015 0.035
0 0.369 0.262 0.015 0.037
0 0.661 0.257 0.02 0.048
0 0.208 0.463 0.044 0.105
0 0.255 0.429 0.043 0.101
