0 0.17 0.497 0.052 0.099
0 0.275 0.267 0.02 0.039
0 0.344 0.248 0.02 0.036
0 0.376 0.266 0.023 0.045
0 0.352 0.202 0.017 0.036
0 0.379 0.202 0.017 0.039
0 0.395 0.22 0.018 0.038
0 0.428 0.226 0.024 0.05
0 0.405 0.182 0.017 0.031
0 0.447 0.189 0.018 0.038
0 0.461 0.182 0.016 0.038
0 0.488 0.182 0.018 0.041
0 0.466 0.155 0.017 0.029
0 0.444 0.152 0.015 0.033
0 0.537 0.197 0.021 0.041
0 0.556 0.187 0.015 0.038
0 0.502 0.127 0.012 0.024
0 0.525 0.128 0.017 0.033
0 0.56 0.106 0.017 0.027
0 0.56 0.137 0.015 0.027
0 0.576 0.142 0.015 0.034
0 0.579 0.122 0.016 0.031
0 0.608 0.152 0.017 0.036
0 0.644 0.142 0.015 0.029
0 0.656 0.17 0.019 0.041
0 0.641 0.16 0.016 0.027
0 0.55 0.262 0.024 0.048
0 0.529 0.331 0.034 0.069
0 0.48 0.314 0.036 0.065
0 0.601 0.268 0.029 0.046
0 0.652 0.213 0.019 0.045
0 0.697 0.17 0.017 0.045
0 0.722 0.183 0.023 0.053
0 0.697 0.282 0.028 0.063
0 0.665 0.35 0.033 0.075
0 0.748 0.338 0.032 0.079
0 0.788 0.405 0.038 0.089
0 0.739 0.229 0.022 0.053
0 0.772 0.205 0.023 0.043
0 0.786 0.274 0.025 0.055
0 0.803 0.244 0.021 0.048
0 0.83 0.315 0.029 0.07
0 0.857 0.262 0.022 0.051
0 0.887 0.41 0.042 0.089
0 0.901 0.322 0.028 0.06
0 0.909 0.279 0.02 0.053
0 0.789 0.134 0.014 0.034
0 0.824 0.142 0.015 0.034
0 0.835 0.13 0.013 0.031
0 0.853 0.154 0.015 0.034
0 0.861 0.13 0.011 0.027
0 0.895 0.145 0.015 0.029
0 0.922 0.157 0.015 0.029
