0 0.157 0.366 0.035 0.077
0 0.326 0.232 0.022 0.045
0 0.344 0.196 0.015 0.043
0 0.356 0.213 0.018 0.037
0 0.417 0.205 0.019 0.041
0 0.426 0.181 0.018 0.041
0 0.453 0.215 0.021 0.045
0 0.488 0.229 0.021 0.051
0 0.483 0.185 0.016 0.037
0 0.45 0.152 0.016 0.033
0 0.474 0.148 0.013 0.033
0 0.482 0.134 0.015 0.028
0 0.499 0.151 0.017 0.03
0 0.51 0.14 0.013 0.024
0 0.517 0.159 0.016 0.028
0 0.52 0.12 0.011 0.024
0 0.537 0.149 0.016 0.03
0 0.559 0.122 0.011 0.028
0 0.55 0.188 0.018 0.047
0 0.555 0.164 0.016 0.039
0 0.571 0.161 0.015 0.033
0 0.591 0.176 0.017 0.039
0 0.59 0.117 0.014 0.035
0 0.607 0.14 0.014 0.033
0 0.611 0.1 0.011 0.028
0 0.644 0.12 0.013 0.024
0 0.637 0.145 0.013 0.026
0 0.653 0.149 0.016 0.035
0 0.661 0.131 0.014 0.03
0 0.666 0.115 0.015 0.03
0 0.652 0.107 0.011 0.022
0 0.694 0.123 0.014 0.026
0 0.71 0.129 0.011 0.026
0 0.529 0.271 0.025 0.051
0 0.594 0.288 0.021 0.051
0 0.605 0.31 0.03 0.067
0 0.658 0.339 0.03 0.077
0 0.603 0.236 0.025 0.053
0 0.635 0.251 0.023 0.047
0 0.633 0.206 0.019 0.043
0 0.672 0.225 0.021 0.055
0 0.674 0.18 0.018 0.039
0 0.708 0.18 0.018 0.039
0 0.725 0.232 0.022 0.045
0 0.694 0.397 0.033 0.071
0 0.746 0.171 0.018 0.041
0 0.76 0.13 0.015 0.041
0 0.77 0.146 0.015 0.037
0 0.786 0.143 0.017 0.035
0 0.782 0.181 0.017 0.041
0 0.801 0.203 0.019 0.053
0 0.802 0.169 0.013 0.028
0 0.819 0.193 0.016 0.041
0 0.837 0.174 0.014 0.03
0 0.847 0.16 0.013 0.03
0 0.855 0.188 0.016 0.043
0 0.846 0.218 0.018 0.047
0 0.82 0.259 0.022 0.055
0 0.781 0.277 0.026 0.063
0 0.818 0.368 0.035 0.069
0 0.845 0.299 0.029 0.061
0 0.877 0.273 0.024 0.055
0 0.889 0.227 0.018 0.043
0 0.871 0.186 0.014 0.03
0 0.875 0.165 0.013 0.024
0 0.88 0.151 0.014 0.026
0 0.9 0.196 0.017 0.039
0 0.922 0.181 0.013 0.037
0 0.93 0.278 0.023 0.049
0 0.915 0.334 0.024 0.051
0 0.915 0.398 0.029 0.073
0 0.926 0.24 0.017 0.041
0 0.94 0.234 0.017 0.037
0 0.956 0.186 0.016 0.039
0 0.687 0.282 0.029 0.051
