0 0.157 0.248 0.022 0.041
0 0.88 0.429 0.053 0.111
0 0.592 0.055 0.017 0.039
0 0.566 0.067 0.015 0.033
0 0.378 0.169 0.016 0.033
0 0.432 0.142 0.017 0.035
0 0.498 0.127 0.012 0.022
0 0.464 0.144 0.018 0.035
0 0.523 0.13 0.015 0.033
0 0.536 0.111 0.018 0.031
0 0.429 0.183 0.026 0.039
0 0.45 0.183 0.02 0.031
0 0.477 0.188 0.027 0.031
0 0.507 0.18 0.022 0.041
0 0.546 0.145 0.016 0.033
0 0.6 0.151 0.025 0.035
0 0.639 0.121 0.016 0.028
0 0.67 0.118 0.014 0.026
0 0.736 0.151 0.017 0.039
0 0.705 0.191 0.017 0.05
0 0.659 0.189 0.023 0.041
0 0.635 0.206 0.02 0.041
0 0.71 0.23 0.02 0.041
0 0.773 0.128 0.015 0.033
0 0.779 0.176 0.017 0.041
0 0.795 0.211 0.02 0.05
0 0.875 0.27 0.018 0.041
0 0.797 0.163 0.021 0.041
0 0.809 0.154 0.014 0.037
0 0.837 0.175 0.014 0.031
0 0.906 0.192 0.021 0.035
0 0.933 0.231 0.016 0.035
0 0.922 0.18 0.018 0.037
0 0.942 0.154 0.015 0.037
0 0.937 0.195 0.027 0.041
0 0.573 0.142 0.016 0.031
0 0.486 0.146 0.016 0.026
0 0.737 0.176 0.012 0.033
0 0.699 0.166 0.02 0.048
0 0.566 0.091 0.017 0.037
