0 0.172 0.34 0.039 0.075
0 0.203 0.363 0.031 0.063
0 0.252 0.284 0.022 0.035
0 0.29 0.265 0.02 0.035
0 0.307 0.223 0.017 0.043
0 0.322 0.246 0.017 0.033
0 0.348 0.28 0.022 0.028
0 0.338 0.215 0.018 0.032
0 0.368 0.254 0.018 0.022
0 0.367 0.224 0.022 0.028
0 0.381 0.2 0.02 0.042
0 0.402 0.171 0.017 0.03
0 0.421 0.184 0.018 0.032
0 0.429 0.22 0.021 0.043
0 0.451 0.232 0.02 0.038
0 0.467 0.252 0.023 0.035
0 0.477 0.211 0.02 0.04
0 0.478 0.181 0.02 0.037
0 0.45 0.177 0.016 0.035
0 0.44 0.193 0.016 0.03
0 0.441 0.155 0.017 0.037
0 0.465 0.154 0.015 0.032
0 0.48 0.137 0.014 0.035
0 0.496 0.146 0.009 0.022
0 0.508 0.152 0.013 0.032
0 0.504 0.171 0.014 0.032
0 0.512 0.205 0.023 0.037
0 0.544 0.164 0.02 0.035
0 0.572 0.174 0.021 0.038
0 0.531 0.128 0.019 0.03
0 0.553 0.104 0.018 0.032
0 0.589 0.121 0.012 0.028
0 0.609 0.146 0.021 0.043
0 0.616 0.11 0.011 0.027
0 0.62 0.096 0.016 0.022
0 0.628 0.117 0.016 0.028
0 0.644 0.101 0.012 0.032
0 0.667 0.116 0.016 0.03
0 0.688 0.097 0.019 0.033
0 0.5 0.293 0.024 0.053
0 0.528 0.348 0.03 0.057
0 0.564 0.25 0.022 0.048
0 0.602 0.27 0.027 0.06
0 0.59 0.359 0.031 0.07
0 0.66 0.364 0.034 0.065
0 0.657 0.298 0.028 0.057
0 0.629 0.205 0.02 0.045
0 0.657 0.213 0.024 0.05
0 0.665 0.174 0.025 0.045
0 0.683 0.222 0.022 0.052
0 0.69 0.182 0.02 0.038
0 0.731 0.296 0.023 0.06
0 0.757 0.303 0.031 0.053
0 0.773 0.217 0.022 0.045
0 0.74 0.201 0.019 0.037
0 0.724 0.181 0.016 0.03
0 0.695 0.145 0.017 0.037
0 0.718 0.142 0.016 0.032
0 0.734 0.159 0.017 0.038
0 0.749 0.172 0.014 0.032
0 0.751 0.142 0.016 0.035
0 0.804 0.25 0.025 0.055
0 0.786 0.19 0.02 0.043
0 0.811 0.169 0.015 0.045
0 0.802 0.121 0.017 0.033
0 0.79 0.144 0.016 0.032
0 0.777 0.125 0.012 0.027
0 0.761 0.13 0.016 0.033
0 0.748 0.108 0.01 0.023
0 0.732 0.123 0.015 0.03
0 0.832 0.136 0.02 0.032
0 0.841 0.16 0.016 0.03
0 0.836 0.181 0.018 0.04
0 0.876 0.21 0.023 0.042
0 0.868 0.173 0.014 0.037
0 0.861 0.145 0.014 0.04
0 0.885 0.17 0.015 0.04
0 0.887 0.149 0.017 0.028
0 0.892 0.137 0.014 0.025
0 0.924 0.157 0.013 0.035
0 0.921 0.2 0.013 0.04
0 0.912 0.215 0.021 0.035
0 0.913 0.267 0.027 0.048
