0 0.066 0.397 0.037 0.069
0 0.263 0.283 0.019 0.032
0 0.288 0.277 0.017 0.038
0 0.303 0.258 0.017 0.038
0 0.343 0.286 0.017 0.04
0 0.355 0.26 0.015 0.035
0 0.322 0.222 0.014 0.03
0 0.336 0.248 0.014 0.032
0 0.35 0.215 0.014 0.032
0 0.436 0.278 0.028 0.048
0 0.503 0.23 0.021 0.035
0 0.469 0.195 0.019 0.028
0 0.45 0.227 0.019 0.035
0 0.421 0.221 0.019 0.027
0 0.38 0.227 0.018 0.03
0 0.386 0.203 0.018 0.025
0 0.413 0.168 0.012 0.025
0 0.428 0.181 0.016 0.027
0 0.458 0.169 0.014 0.03
0 0.457 0.144 0.013 0.02
0 0.485 0.162 0.015 0.027
0 0.479 0.149 0.01 0.02
0 0.493 0.133 0.015 0.025
0 0.506 0.178 0.017 0.028
0 0.508 0.148 0.012 0.022
0 0.522 0.187 0.01 0.027
0 0.553 0.191 0.015 0.037
0 0.539 0.171 0.017 0.032
0 0.553 0.157 0.013 0.027
0 0.535 0.134 0.017 0.033
0 0.591 0.154 0.017 0.033
0 0.562 0.138 0.015 0.025
0 0.575 0.112 0.014 0.023
0 0.63 0.143 0.014 0.025
0 0.595 0.126 0.011 0.022
0 0.604 0.115 0.012 0.022
0 0.624 0.098 0.009 0.018
0 0.623 0.119 0.013 0.02
0 0.639 0.123 0.011 0.022
0 0.649 0.103 0.01 0.028
0 0.679 0.121 0.015 0.028
0 0.703 0.094 0.012 0.028
0 0.492 0.298 0.025 0.048
0 0.571 0.298 0.025 0.05
0 0.607 0.343 0.028 0.057
0 0.679 0.353 0.024 0.054
0 0.576 0.239 0.017 0.04
0 0.613 0.267 0.024 0.042
0 0.616 0.219 0.017 0.04
0 0.658 0.221 0.02 0.043
0 0.658 0.176 0.016 0.035
0 0.7 0.184 0.013 0.033
0 0.686 0.245 0.023 0.045
0 0.719 0.297 0.022 0.042
0 0.791 0.288 0.02 0.048
0 0.697 0.14 0.014 0.028
0 0.716 0.134 0.014 0.033
0 0.741 0.159 0.015 0.033
0 0.713 0.213 0.019 0.035
0 0.762 0.239 0.021 0.05
0 0.755 0.181 0.016 0.033
0 0.767 0.162 0.015 0.03
0 0.754 0.143 0.011 0.032
0 0.747 0.111 0.015 0.028
0 0.761 0.099 0.014 0.028
0 0.77 0.126 0.014 0.028
0 0.807 0.136 0.014 0.028
0 0.799 0.119 0.013 0.03
0 0.822 0.124 0.013 0.023
0 0.824 0.155 0.012 0.028
0 0.808 0.182 0.019 0.037
0 0.876 0.224 0.018 0.04
0 0.943 0.277 0.02 0.042
0 0.887 0.187 0.016 0.037
0 0.861 0.191 0.016 0.038
0 0.863 0.155 0.014 0.032
0 0.839 0.134 0.015 0.027
0 0.88 0.12 0.015 0.025
0 0.88 0.152 0.01 0.023
0 0.905 0.176 0.011 0.027
0 0.902 0.161 0.011 0.027
0 0.907 0.127 0.011 0.023
0 0.945 0.166 0.014 0.037
0 0.942 0.154 0.012 0.027
