0 0.087 0.546 0.046 0.109
0 0.211 0.26 0.018 0.04
0 0.218 0.278 0.022 0.045
0 0.267 0.235 0.018 0.043
0 0.299 0.206 0.019 0.036
0 0.295 0.235 0.02 0.043
0 0.325 0.226 0.018 0.046
0 0.334 0.226 0.016 0.041
0 0.353 0.266 0.021 0.051
0 0.354 0.197 0.019 0.036
0 0.389 0.234 0.018 0.04
0 0.383 0.188 0.018 0.038
0 0.412 0.172 0.016 0.03
0 0.424 0.188 0.016 0.035
0 0.43 0.289 0.019 0.038
0 0.467 0.234 0.02 0.043
0 0.467 0.173 0.016 0.035
0 0.489 0.201 0.016 0.033
0 0.483 0.149 0.015 0.033
0 0.448 0.16 0.014 0.025
0 0.513 0.163 0.018 0.048
0 0.524 0.158 0.014 0.032
0 0.524 0.226 0.016 0.046
0 0.549 0.136 0.014 0.036
0 0.554 0.148 0.014 0.032
0 0.57 0.133 0.016 0.033
0 0.593 0.124 0.015 0.03
0 0.601 0.147 0.014 0.028
0 0.606 0.176 0.014 0.033
0 0.602 0.211 0.018 0.043
0 0.577 0.211 0.013 0.025
0 0.578 0.17 0.016 0.035
0 0.628 0.123 0.014 0.033
0 0.655 0.133 0.016 0.038
0 0.654 0.172 0.015 0.036
0 0.688 0.135 0.013 0.032
0 0.684 0.152 0.016 0.041
0 0.706 0.153 0.014 0.038
0 0.768 0.175 0.015 0.032
0 0.758 0.194 0.013 0.036
0 0.776 0.2 0.016 0.041
0 0.81 0.187 0.014 0.041
0 0.819 0.222 0.016 0.036
0 0.831 0.207 0.016 0.036
0 0.741 0.225 0.02 0.045
0 0.691 0.211 0.017 0.043
0 0.655 0.245 0.022 0.055
0 0.608 0.283 0.025 0.058
0 0.571 0.327 0.021 0.056
0 0.601 0.376 0.025 0.056
0 0.656 0.385 0.026 0.063
0 0.725 0.391 0.026 0.058
0 0.715 0.274 0.021 0.045
0 0.748 0.293 0.021 0.038
0 0.794 0.248 0.018 0.045
0 0.799 0.305 0.024 0.05
0 0.867 0.229 0.015 0.036
0 0.879 0.232 0.012 0.03
0 0.9 0.225 0.016 0.032
0 0.904 0.255 0.016 0.038
0 0.932 0.259 0.016 0.036
0 0.955 0.244 0.016 0.036
0 0.983 0.254 0.012 0.04
0 0.874 0.289 0.019 0.045
0 0.891 0.285 0.016 0.036
0 0.929 0.322 0.019 0.046
0 0.978 0.308 0.016 0.048
0 0.977 0.357 0.018 0.055
0 0.954 0.368 0.019 0.043
0 0.858 0.351 0.022 0.058
0 0.883 0.409 0.022 0.061
0 0.957 0.429 0.023 0.058
0 0.793 0.455 0.032 0.078
0 0.864 0.517 0.031 0.07
