0 0.278 0.241 0.019 0.036
0 0.297 0.235 0.019 0.033
0 0.296 0.26 0.017 0.041
0 0.36 0.254 0.019 0.041
0 0.382 0.27 0.016 0.041
0 0.386 0.221 0.017 0.031
0 0.379 0.195 0.016 0.03
0 0.37 0.183 0.019 0.033
0 0.405 0.162 0.013 0.03
0 0.424 0.173 0.017 0.028
0 0.434 0.157 0.012 0.03
0 0.442 0.146 0.015 0.025
0 0.468 0.149 0.017 0.026
0 0.482 0.172 0.017 0.043
0 0.457 0.198 0.025 0.055
0 0.439 0.225 0.019 0.036
0 0.504 0.178 0.016 0.038
0 0.526 0.196 0.022 0.038
0 0.516 0.152 0.019 0.036
0 0.509 0.117 0.015 0.033
0 0.545 0.115 0.015 0.035
0 0.545 0.165 0.019 0.04
0 0.564 0.174 0.017 0.035
0 0.568 0.13 0.014 0.028
0 0.563 0.108 0.009 0.021
0 0.585 0.134 0.013 0.026
0 0.592 0.117 0.018 0.026
0 0.588 0.097 0.014 0.021
0 0.608 0.154 0.02 0.033
0 0.612 0.134 0.012 0.023
0 0.617 0.093 0.012 0.025
0 0.64 0.094 0.011 0.026
0 0.648 0.107 0.013 0.031
0 0.656 0.123 0.014 0.028
0 0.656 0.16 0.023 0.046
0 0.667 0.103 0.01 0.025
0 0.698 0.097 0.014 0.028
0 0.681 0.155 0.02 0.04
0 0.696 0.174 0.021 0.04
0 0.675 0.197 0.019 0.043
0 0.634 0.194 0.022 0.038
0 0.627 0.245 0.028 0.053
0 0.558 0.253 0.029 0.046
0 0.498 0.301 0.035 0.053
0 0.54 0.329 0.031 0.06
0 0.608 0.317 0.032 0.061
0 0.677 0.288 0.032 0.061
0 0.717 0.249 0.024 0.055
0 0.746 0.33 0.037 0.068
0 0.802 0.369 0.04 0.068
0 0.902 0.35 0.036 0.081
0 0.782 0.26 0.034 0.061
0 0.841 0.299 0.03 0.06
0 0.812 0.232 0.023 0.051
0 0.784 0.2 0.021 0.046
0 0.757 0.207 0.023 0.048
0 0.731 0.183 0.023 0.045
0 0.727 0.224 0.024 0.051
0 0.731 0.114 0.016 0.033
0 0.754 0.125 0.017 0.041
0 0.768 0.126 0.017 0.033
0 0.786 0.145 0.019 0.045
0 0.814 0.148 0.017 0.038
0 0.838 0.133 0.011 0.031
0 0.84 0.112 0.015 0.03
0 0.857 0.161 0.019 0.045
0 0.834 0.201 0.025 0.051
0 0.864 0.243 0.026 0.056
0 0.921 0.274 0.029 0.058
0 0.926 0.235 0.018 0.043
0 0.928 0.202 0.015 0.036
0 0.886 0.194 0.016 0.038
0 0.874 0.18 0.012 0.033
0 0.867 0.138 0.013 0.028
0 0.873 0.12 0.014 0.028
0 0.895 0.133 0.011 0.028
0 0.902 0.15 0.02 0.038
0 0.892 0.165 0.017 0.033
0 0.93 0.145 0.015 0.031
