0 0.186 0.453 0.053 0.087
0 0.311 0.241 0.027 0.049
0 0.343 0.211 0.023 0.039
0 0.892 0.463 0.042 0.101
0 0.411 0.167 0.021 0.025
0 0.442 0.154 0.015 0.032
0 0.417 0.215 0.021 0.034
0 0.429 0.18 0.016 0.029
0 0.443 0.233 0.023 0.04
0 0.478 0.234 0.027 0.039
0 0.472 0.134 0.023 0.02
0 0.459 0.177 0.02 0.039
0 0.475 0.185 0.024 0.042
0 0.492 0.143 0.017 0.039
0 0.513 0.149 0.015 0.034
0 0.534 0.117 0.014 0.03
0 0.544 0.127 0.018 0.029
0 0.545 0.202 0.02 0.039
0 0.533 0.165 0.016 0.032
0 0.563 0.159 0.016 0.042
0 0.599 0.164 0.026 0.045
0 0.623 0.148 0.023 0.034
0 0.654 0.151 0.019 0.047
0 0.492 0.308 0.03 0.059
0 0.564 0.268 0.027 0.06
0 0.583 0.293 0.032 0.072
0 0.611 0.224 0.027 0.042
0 0.662 0.234 0.027 0.039
0 0.625 0.302 0.037 0.077
0 0.67 0.289 0.033 0.045
0 0.681 0.344 0.031 0.07
0 0.665 0.194 0.021 0.045
0 0.751 0.088 0.018 0.039
0 0.694 0.174 0.024 0.032
0 0.719 0.175 0.022 0.029
0 0.711 0.243 0.028 0.06
0 0.736 0.189 0.022 0.045
0 0.753 0.165 0.017 0.042
0 0.777 0.189 0.021 0.039
0 0.795 0.104 0.021 0.037
0 0.789 0.219 0.023 0.042
0 0.799 0.185 0.028 0.044
0 0.81 0.206 0.018 0.039
0 0.83 0.177 0.017 0.039
0 0.806 0.303 0.026 0.072
0 0.846 0.227 0.016 0.037
0 0.842 0.316 0.027 0.065
0 0.861 0.193 0.021 0.037
0 0.886 0.245 0.024 0.057
0 0.886 0.202 0.015 0.042
0 0.903 0.201 0.019 0.04
0 0.932 0.252 0.026 0.054
0 0.925 0.309 0.025 0.05
0 0.909 0.377 0.037 0.059
0 0.868 0.305 0.026 0.047
