0 0.066 0.326 0.021 0.051
0 0.286 0.229 0.019 0.04
0 0.309 0.232 0.017 0.039
0 0.343 0.207 0.017 0.037
0 0.35 0.192 0.015 0.032
0 0.34 0.247 0.018 0.04
0 0.354 0.25 0.022 0.035
0 0.367 0.207 0.013 0.033
0 0.403 0.191 0.019 0.044
0 0.38 0.249 0.022 0.033
0 0.409 0.264 0.023 0.051
0 0.419 0.206 0.025 0.042
0 0.421 0.179 0.018 0.035
0 0.429 0.156 0.018 0.032
0 0.448 0.173 0.023 0.037
0 0.443 0.224 0.019 0.044
0 0.478 0.242 0.022 0.04
0 0.471 0.179 0.018 0.032
0 0.469 0.135 0.019 0.039
0 0.481 0.161 0.021 0.037
0 0.489 0.144 0.02 0.035
0 0.504 0.127 0.019 0.035
0 0.513 0.143 0.014 0.037
0 0.526 0.133 0.014 0.03
0 0.516 0.186 0.021 0.035
0 0.552 0.144 0.017 0.021
0 0.555 0.188 0.017 0.039
0 0.552 0.155 0.013 0.021
0 0.569 0.132 0.017 0.035
0 0.585 0.12 0.017 0.033
0 0.522 0.288 0.033 0.056
0 0.58 0.17 0.02 0.033
0 0.605 0.129 0.016 0.04
0 0.617 0.163 0.021 0.044
0 0.629 0.114 0.019 0.032
0 0.642 0.108 0.017 0.026
0 0.655 0.129 0.022 0.04
0 0.679 0.107 0.017 0.025
0 0.681 0.128 0.021 0.032
0 0.549 0.293 0.037 0.063
0 0.588 0.235 0.02 0.054
0 0.627 0.232 0.031 0.06
0 0.61 0.337 0.031 0.058
0 0.659 0.192 0.02 0.046
0 0.699 0.162 0.016 0.042
0 0.713 0.124 0.012 0.026
0 0.707 0.199 0.023 0.047
0 0.675 0.279 0.022 0.069
0 0.665 0.372 0.035 0.079
0 0.752 0.137 0.016 0.035
0 0.749 0.171 0.021 0.033
0 0.735 0.229 0.027 0.037
0 0.724 0.306 0.018 0.042
0 0.781 0.137 0.022 0.035
0 0.805 0.164 0.014 0.037
0 0.763 0.207 0.019 0.056
0 0.794 0.224 0.021 0.047
0 0.782 0.257 0.021 0.049
0 0.765 0.301 0.028 0.056
0 0.745 0.37 0.035 0.065
0 0.826 0.408 0.038 0.07
0 0.836 0.328 0.031 0.062
0 0.82 0.255 0.018 0.039
0 0.869 0.269 0.019 0.046
0 0.884 0.251 0.023 0.056
0 0.923 0.249 0.029 0.051
0 0.91 0.344 0.024 0.062
0 0.919 0.297 0.013 0.035
0 0.885 0.431 0.03 0.077
0 0.761 0.157 0.015 0.037
