0 0.203 0.47 0.047 0.095
0 0.293 0.47 0.051 0.098
0 0.199 0.246 0.034 0.069
0 0.263 0.211 0.023 0.047
0 0.312 0.178 0.017 0.039
0 0.325 0.202 0.021 0.048
0 0.33 0.186 0.019 0.042
0 0.422 0.222 0.023 0.059
0 0.471 0.238 0.033 0.066
0 0.42 0.146 0.014 0.035
0 0.44 0.172 0.018 0.035
0 0.439 0.096 0.018 0.042
0 0.478 0.148 0.017 0.03
0 0.472 0.183 0.021 0.048
0 0.52 0.166 0.022 0.04
0 0.538 0.153 0.017 0.034
0 0.543 0.111 0.017 0.035
0 0.565 0.074 0.016 0.032
0 0.571 0.157 0.018 0.035
0 0.563 0.151 0.015 0.035
0 0.611 0.09 0.021 0.039
0 0.682 0.104 0.023 0.045
0 0.581 0.217 0.037 0.066
0 0.717 0.124 0.023 0.042
0 0.737 0.063 0.014 0.032
0 0.754 0.121 0.023 0.04
