0 0.165 0.503 0.046 0.097
0 0.227 0.354 0.02 0.036
0 0.259 0.363 0.019 0.045
0 0.29 0.385 0.02 0.045
0 0.295 0.314 0.019 0.04
0 0.338 0.377 0.023 0.055
0 0.362 0.34 0.016 0.031
0 0.36 0.304 0.02 0.03
0 0.392 0.352 0.02 0.039
0 0.417 0.348 0.022 0.045
0 0.415 0.314 0.016 0.031
0 0.411 0.29 0.015 0.028
0 0.404 0.271 0.015 0.031
0 0.433 0.275 0.014 0.028
0 0.453 0.274 0.014 0.036
0 0.445 0.324 0.022 0.042
0 0.477 0.314 0.018 0.034
0 0.481 0.363 0.027 0.042
0 0.513 0.331 0.017 0.039
0 0.48 0.281 0.017 0.028
0 0.47 0.256 0.014 0.028
0 0.477 0.248 0.017 0.031
0 0.509 0.278 0.017 0.034
0 0.526 0.293 0.017 0.034
0 0.55 0.259 0.016 0.03
0 0.562 0.297 0.019 0.039
0 0.592 0.271 0.016 0.03
0 0.585 0.26 0.014 0.028
0 0.58 0.23 0.013 0.025
0 0.615 0.235 0.015 0.028
0 0.63 0.253 0.012 0.024
0 0.625 0.216 0.012 0.027
0 0.642 0.23 0.014 0.022
0 0.654 0.258 0.014 0.024
0 0.69 0.241 0.015 0.025
0 0.682 0.224 0.014 0.028
0 0.593 0.235 0.011 0.025
0 0.514 0.397 0.031 0.063
0 0.554 0.424 0.028 0.058
0 0.606 0.396 0.026 0.057
0 0.61 0.342 0.025 0.045
0 0.629 0.448 0.035 0.073
0 0.658 0.487 0.038 0.067
0 0.681 0.386 0.026 0.043
0 0.662 0.364 0.024 0.04
0 0.647 0.325 0.021 0.04
0 0.687 0.294 0.02 0.039
0 0.723 0.265 0.018 0.037
0 0.702 0.241 0.015 0.031
0 0.731 0.317 0.019 0.04
0 0.707 0.37 0.024 0.049
0 0.758 0.429 0.027 0.057
0 0.723 0.531 0.046 0.085
0 0.825 0.518 0.035 0.058
0 0.747 0.262 0.015 0.034
0 0.767 0.274 0.017 0.036
0 0.785 0.296 0.018 0.037
0 0.766 0.234 0.014 0.03
0 0.802 0.249 0.017 0.03
0 0.803 0.277 0.017 0.033
0 0.831 0.258 0.019 0.039
0 0.84 0.319 0.02 0.034
0 0.863 0.271 0.017 0.034
0 0.874 0.283 0.015 0.033
0 0.883 0.286 0.013 0.028
0 0.895 0.271 0.014 0.031
0 0.872 0.323 0.02 0.037
0 0.886 0.379 0.025 0.058
0 0.832 0.373 0.023 0.052
0 0.808 0.442 0.026 0.058
0 0.871 0.469 0.032 0.07
0 0.935 0.475 0.031 0.066
0 0.94 0.414 0.02 0.051
0 0.951 0.373 0.019 0.039
0 0.925 0.345 0.018 0.045
0 0.925 0.29 0.019 0.04
0 0.958 0.319 0.018 0.031
0 0.951 0.346 0.02 0.036
0 0.961 0.295 0.016 0.031
