0 0.167 0.49 0.042 0.077
0 0.29 0.276 0.021 0.047
0 0.321 0.283 0.025 0.045
0 0.323 0.221 0.014 0.029
0 0.34 0.225 0.019 0.035
0 0.363 0.225 0.02 0.046
0 0.375 0.234 0.018 0.038
0 0.364 0.291 0.024 0.053
0 0.414 0.269 0.025 0.047
0 0.427 0.227 0.024 0.042
0 0.404 0.201 0.019 0.036
0 0.43 0.179 0.02 0.032
0 0.454 0.171 0.014 0.029
0 0.449 0.15 0.016 0.024
0 0.493 0.218 0.015 0.04
0 0.484 0.202 0.018 0.033
0 0.474 0.149 0.015 0.028
0 0.498 0.158 0.014 0.031
0 0.494 0.134 0.014 0.028
0 0.51 0.132 0.017 0.031
0 0.521 0.157 0.017 0.038
0 0.537 0.179 0.019 0.042
0 0.544 0.131 0.014 0.031
0 0.556 0.149 0.015 0.033
0 0.561 0.126 0.014 0.025
0 0.576 0.177 0.017 0.033
0 0.584 0.124 0.018 0.033
0 0.607 0.156 0.017 0.033
0 0.594 0.112 0.012 0.028
0 0.614 0.103 0.014 0.026
0 0.624 0.123 0.014 0.028
0 0.637 0.132 0.015 0.028
0 0.646 0.142 0.016 0.025
0 0.643 0.1 0.014 0.031
0 0.662 0.114 0.014 0.02
0 0.663 0.135 0.014 0.024
0 0.693 0.114 0.012 0.029
0 0.536 0.285 0.028 0.056
0 0.557 0.257 0.021 0.042
0 0.609 0.26 0.027 0.054
0 0.617 0.212 0.019 0.042
0 0.654 0.271 0.028 0.059
0 0.655 0.226 0.023 0.045
0 0.614 0.328 0.031 0.064
0 0.698 0.233 0.022 0.05
0 0.693 0.186 0.019 0.04
0 0.713 0.139 0.013 0.032
0 0.73 0.19 0.02 0.04
0 0.72 0.165 0.019 0.028
0 0.739 0.14 0.018 0.038
0 0.749 0.124 0.018 0.039
0 0.762 0.179 0.014 0.033
0 0.772 0.204 0.017 0.036
0 0.755 0.25 0.021 0.054
0 0.769 0.277 0.024 0.052
0 0.819 0.245 0.019 0.04
0 0.824 0.208 0.018 0.042
0 0.802 0.188 0.018 0.04
0 0.784 0.164 0.011 0.035
0 0.784 0.121 0.016 0.022
0 0.81 0.13 0.015 0.033
0 0.822 0.159 0.014 0.031
0 0.831 0.143 0.013 0.026
0 0.854 0.16 0.014 0.026
0 0.863 0.152 0.013 0.028
0 0.876 0.258 0.023 0.045
0 0.868 0.228 0.019 0.04
0 0.87 0.135 0.014 0.028
0 0.893 0.189 0.014 0.029
0 0.899 0.16 0.015 0.031
0 0.905 0.144 0.012 0.028
0 0.94 0.176 0.014 0.036
0 0.929 0.211 0.015 0.029
0 0.929 0.185 0.017 0.04
0 0.921 0.235 0.021 0.04
0 0.907 0.335 0.027 0.066
0 0.864 0.321 0.036 0.059
0 0.827 0.393 0.032 0.073
0 0.887 0.439 0.033 0.07
