0 0.114 0.565 0.047 0.117
0 0.229 0.274 0.022 0.054
0 0.266 0.254 0.021 0.05
0 0.312 0.243 0.018 0.04
0 0.323 0.216 0.018 0.045
0 0.338 0.234 0.019 0.048
0 0.358 0.214 0.015 0.04
0 0.378 0.27 0.021 0.046
0 0.379 0.2 0.016 0.038
0 0.395 0.208 0.016 0.038
0 0.41 0.24 0.019 0.04
0 0.421 0.179 0.012 0.029
0 0.439 0.196 0.017 0.038
0 0.442 0.305 0.023 0.056
0 0.479 0.248 0.022 0.043
0 0.463 0.166 0.014 0.034
0 0.474 0.171 0.014 0.035
0 0.487 0.171 0.017 0.042
0 0.499 0.16 0.013 0.035
0 0.503 0.212 0.017 0.038
0 0.533 0.167 0.016 0.032
0 0.558 0.166 0.013 0.03
0 0.561 0.145 0.014 0.034
0 0.558 0.216 0.017 0.04
0 0.575 0.204 0.015 0.034
0 0.587 0.181 0.013 0.035
0 0.586 0.143 0.014 0.04
0 0.602 0.135 0.014 0.03
0 0.64 0.134 0.014 0.03
0 0.671 0.135 0.014 0.034
0 0.621 0.164 0.019 0.027
0 0.614 0.189 0.013 0.032
0 0.627 0.2 0.017 0.042
0 0.618 0.29 0.025 0.054
0 0.674 0.189 0.013 0.032
0 0.694 0.142 0.013 0.03
0 0.691 0.16 0.013 0.035
0 0.712 0.165 0.015 0.038
0 0.667 0.258 0.029 0.048
0 0.72 0.217 0.014 0.04
0 0.743 0.204 0.014 0.045
0 0.707 0.29 0.026 0.058
0 0.76 0.23 0.017 0.043
0 0.786 0.177 0.016 0.037
0 0.781 0.213 0.015 0.045
0 0.813 0.198 0.015 0.037
0 0.829 0.223 0.014 0.038
0 0.877 0.237 0.017 0.038
0 0.893 0.275 0.018 0.046
0 0.912 0.264 0.012 0.035
0 0.937 0.272 0.016 0.045
0 0.95 0.256 0.01 0.035
0 0.981 0.269 0.013 0.038
0 0.976 0.304 0.011 0.035
0 0.975 0.333 0.014 0.035
0 0.979 0.365 0.014 0.048
0 0.958 0.366 0.018 0.046
0 0.923 0.325 0.014 0.059
0 0.96 0.425 0.025 0.067
0 0.86 0.377 0.021 0.058
0 0.82 0.3 0.018 0.056
0 0.815 0.248 0.015 0.048
0 0.794 0.257 0.017 0.053
0 0.768 0.287 0.017 0.054
0 0.874 0.415 0.025 0.064
0 0.862 0.515 0.029 0.075
0 0.791 0.421 0.035 0.083
0 0.729 0.391 0.027 0.071
0 0.663 0.399 0.025 0.067
0 0.616 0.361 0.026 0.064
0 0.56 0.342 0.029 0.059
