0 0.277 0.247 0.017 0.04
0 0.288 0.256 0.017 0.032
0 0.311 0.255 0.02 0.036
0 0.317 0.292 0.026 0.039
0 0.331 0.262 0.019 0.036
0 0.331 0.221 0.017 0.04
0 0.377 0.253 0.02 0.037
0 0.382 0.305 0.028 0.047
0 0.376 0.202 0.017 0.035
0 0.411 0.227 0.024 0.036
0 0.422 0.194 0.019 0.039
0 0.462 0.161 0.017 0.036
0 0.48 0.22 0.022 0.047
0 0.52 0.203 0.024 0.037
0 0.51 0.152 0.016 0.035
0 0.528 0.179 0.018 0.033
0 0.561 0.176 0.019 0.036
0 0.56 0.148 0.018 0.032
0 0.582 0.15 0.016 0.033
0 0.582 0.103 0.016 0.026
0 0.611 0.123 0.016 0.028
0 0.615 0.144 0.016 0.036
0 0.501 0.3 0.023 0.062
0 0.546 0.301 0.028 0.06
0 0.557 0.259 0.029 0.05
0 0.592 0.261 0.024 0.051
0 0.597 0.221 0.02 0.043
0 0.639 0.182 0.02 0.04
0 0.647 0.228 0.025 0.043
0 0.643 0.258 0.02 0.046
0 0.648 0.306 0.029 0.066
0 0.694 0.226 0.024 0.051
0 0.718 0.246 0.026 0.057
0 0.727 0.184 0.02 0.043
0 0.711 0.157 0.018 0.042
0 0.676 0.168 0.02 0.037
0 0.76 0.134 0.015 0.028
0 0.754 0.18 0.02 0.033
0 0.771 0.195 0.02 0.04
0 0.751 0.221 0.021 0.046
0 0.78 0.282 0.029 0.06
0 0.757 0.36 0.031 0.066
0 0.805 0.237 0.02 0.047
0 0.817 0.214 0.018 0.046
0 0.8 0.183 0.018 0.044
0 0.793 0.143 0.017 0.033
0 0.813 0.154 0.016 0.036
0 0.834 0.192 0.016 0.04
0 0.85 0.163 0.014 0.03
0 0.871 0.198 0.016 0.033
0 0.861 0.253 0.022 0.06
0 0.837 0.294 0.028 0.062
0 0.901 0.272 0.022 0.048
