0 0.064 0.286 0.025 0.051
0 0.277 0.214 0.018 0.038
0 0.304 0.217 0.013 0.029
0 0.321 0.22 0.014 0.036
0 0.352 0.222 0.02 0.039
0 0.366 0.259 0.022 0.045
0 0.347 0.174 0.015 0.033
0 0.367 0.187 0.015 0.031
0 0.367 0.166 0.015 0.029
0 0.384 0.198 0.017 0.039
0 0.402 0.239 0.023 0.036
0 0.424 0.251 0.021 0.043
0 0.412 0.204 0.018 0.034
0 0.397 0.168 0.017 0.031
0 0.424 0.184 0.015 0.038
0 0.417 0.154 0.016 0.031
0 0.448 0.184 0.016 0.036
0 0.459 0.201 0.018 0.038
0 0.445 0.154 0.013 0.033
0 0.476 0.147 0.015 0.033
0 0.467 0.14 0.015 0.029
0 0.47 0.19 0.017 0.033
0 0.521 0.171 0.018 0.039
0 0.553 0.185 0.016 0.038
0 0.559 0.161 0.016 0.031
0 0.494 0.151 0.014 0.034
0 0.511 0.132 0.013 0.031
0 0.524 0.124 0.012 0.029
0 0.545 0.143 0.014 0.029
0 0.531 0.162 0.014 0.029
0 0.554 0.121 0.015 0.029
0 0.58 0.169 0.019 0.039
0 0.592 0.162 0.013 0.029
0 0.592 0.109 0.011 0.022
0 0.6 0.135 0.012 0.026
0 0.617 0.133 0.016 0.036
0 0.628 0.11 0.011 0.021
0 0.642 0.113 0.013 0.034
0 0.641 0.147 0.017 0.033
0 0.649 0.177 0.02 0.038
0 0.666 0.11 0.011 0.027
0 0.675 0.121 0.013 0.029
0 0.699 0.12 0.013 0.034
0 0.724 0.144 0.019 0.034
0 0.741 0.142 0.012 0.033
0 0.732 0.185 0.019 0.038
0 0.698 0.172 0.014 0.034
0 0.679 0.217 0.019 0.043
0 0.607 0.209 0.018 0.045
0 0.587 0.225 0.022 0.048
0 0.629 0.25 0.021 0.057
0 0.698 0.257 0.024 0.055
0 0.713 0.24 0.019 0.041
0 0.704 0.323 0.032 0.074
0 0.76 0.358 0.031 0.065
0 0.788 0.28 0.027 0.062
0 0.751 0.259 0.024 0.048
0 0.793 0.205 0.018 0.036
0 0.831 0.256 0.023 0.051
0 0.767 0.136 0.009 0.024
0 0.773 0.148 0.012 0.029
0 0.788 0.166 0.014 0.029
0 0.799 0.13 0.011 0.029
0 0.814 0.138 0.011 0.026
0 0.815 0.194 0.016 0.034
0 0.823 0.165 0.012 0.031
0 0.837 0.163 0.013 0.038
0 0.853 0.146 0.011 0.031
0 0.863 0.169 0.018 0.039
0 0.839 0.22 0.024 0.039
0 0.853 0.231 0.017 0.036
0 0.888 0.227 0.018 0.043
0 0.923 0.271 0.02 0.048
0 0.929 0.229 0.014 0.039
0 0.898 0.194 0.012 0.034
0 0.893 0.161 0.014 0.031
0 0.933 0.179 0.011 0.026
0 0.933 0.207 0.014 0.033
0 0.92 0.361 0.028 0.07
