0 0.341 0.209 0.019 0.034
0 0.409 0.23 0.021 0.04
0 0.42 0.218 0.015 0.033
0 0.438 0.219 0.018 0.045
0 0.487 0.212 0.021 0.048
0 0.499 0.187 0.02 0.04
0 0.502 0.134 0.014 0.034
0 0.532 0.195 0.023 0.045
0 0.582 0.172 0.018 0.041
0 0.62 0.134 0.018 0.038
0 0.638 0.254 0.025 0.057
0 0.661 0.192 0.02 0.047
0 0.699 0.307 0.028 0.062
0 0.72 0.184 0.021 0.038
0 0.761 0.257 0.022 0.045
0 0.844 0.335 0.024 0.06
0 0.866 0.289 0.025 0.06
0 0.83 0.228 0.022 0.05
0 0.84 0.199 0.018 0.043
0 0.888 0.224 0.018 0.041
0 0.924 0.209 0.016 0.045
0 0.929 0.288 0.022 0.045
