0 0.042 0.391 0.033 0.06
0 0.256 0.284 0.018 0.032
0 0.297 0.256 0.016 0.035
0 0.316 0.274 0.018 0.035
0 0.341 0.267 0.017 0.033
0 0.423 0.275 0.02 0.043
0 0.31 0.231 0.013 0.025
0 0.351 0.228 0.018 0.028
0 0.341 0.219 0.014 0.03
0 0.376 0.22 0.015 0.032
0 0.391 0.192 0.015 0.027
0 0.406 0.172 0.009 0.022
0 0.418 0.191 0.01 0.03
0 0.418 0.216 0.013 0.033
0 0.442 0.218 0.019 0.041
0 0.472 0.222 0.018 0.036
0 0.461 0.186 0.013 0.023
0 0.485 0.206 0.016 0.033
0 0.514 0.209 0.019 0.033
0 0.473 0.169 0.014 0.027
0 0.449 0.143 0.014 0.022
0 0.484 0.127 0.013 0.018
0 0.533 0.165 0.018 0.038
0 0.529 0.133 0.014 0.03
0 0.556 0.137 0.013 0.028
0 0.57 0.177 0.016 0.032
0 0.569 0.153 0.012 0.025
0 0.554 0.113 0.013 0.017
0 0.583 0.117 0.012 0.025
0 0.591 0.135 0.011 0.025
0 0.619 0.146 0.013 0.027
0 0.586 0.096 0.01 0.023
0 0.615 0.119 0.011 0.015
0 0.621 0.1 0.011 0.02
0 0.635 0.121 0.012 0.023
0 0.646 0.099 0.009 0.025
0 0.666 0.118 0.012 0.023
0 0.676 0.101 0.015 0.027
0 0.497 0.284 0.023 0.055
0 0.544 0.292 0.024 0.053
0 0.574 0.362 0.03 0.055
0 0.674 0.333 0.03 0.06
0 0.566 0.24 0.019 0.046
0 0.602 0.266 0.027 0.048
0 0.591 0.228 0.016 0.035
0 0.652 0.205 0.019 0.038
0 0.639 0.176 0.014 0.03
0 0.692 0.185 0.019 0.041
0 0.685 0.146 0.013 0.03
0 0.715 0.135 0.015 0.032
0 0.725 0.114 0.013 0.032
0 0.746 0.129 0.014 0.033
0 0.743 0.109 0.011 0.025
0 0.762 0.131 0.011 0.03
0 0.773 0.123 0.01 0.033
0 0.788 0.133 0.011 0.03
0 0.802 0.134 0.009 0.02
0 0.655 0.255 0.019 0.043
0 0.704 0.281 0.025 0.048
0 0.733 0.201 0.017 0.028
0 0.737 0.168 0.015 0.035
0 0.743 0.244 0.021 0.053
0 0.771 0.293 0.022 0.051
0 0.812 0.249 0.023 0.05
0 0.796 0.184 0.017 0.033
0 0.756 0.172 0.016 0.027
0 0.809 0.165 0.012 0.028
0 0.835 0.188 0.015 0.041
0 0.827 0.148 0.013 0.03
0 0.853 0.124 0.013 0.027
0 0.856 0.167 0.013 0.028
0 0.86 0.233 0.014 0.032
0 0.912 0.284 0.023 0.058
0 0.886 0.196 0.016 0.04
0 0.889 0.13 0.013 0.035
0 0.919 0.187 0.011 0.033
0 0.918 0.155 0.012 0.025
0 0.886 0.167 0.012 0.02
