0 0.203 0.441 0.041 0.097
0 0.255 0.433 0.043 0.099
0 0.312 0.277 0.02 0.038
0 0.365 0.259 0.019 0.044
0 0.418 0.222 0.019 0.031
0 0.436 0.263 0.019 0.053
0 0.45 0.216 0.016 0.038
0 0.446 0.181 0.016 0.033
0 0.473 0.191 0.014 0.028
0 0.455 0.149 0.011 0.026
0 0.468 0.148 0.013 0.03
0 0.528 0.138 0.012 0.033
0 0.559 0.141 0.014 0.03
0 0.576 0.145 0.017 0.028
0 0.533 0.195 0.019 0.033
0 0.477 0.329 0.028 0.074
0 0.651 0.255 0.02 0.049
0 0.72 0.278 0.025 0.059
0 0.779 0.282 0.024 0.056
0 0.88 0.206 0.016 0.041
0 0.811 0.119 0.011 0.028
0 0.684 0.145 0.014 0.034
0 0.713 0.14 0.014 0.028
0 0.725 0.152 0.013 0.034
0 0.745 0.123 0.015 0.033
0 0.764 0.156 0.015 0.036
0 0.795 0.18 0.017 0.038
