0 0.094 0.556 0.053 0.114
0 0.2 0.294 0.022 0.05
0 0.22 0.276 0.022 0.048
0 0.277 0.237 0.021 0.047
0 0.317 0.233 0.02 0.045
0 0.333 0.229 0.02 0.053
0 0.328 0.192 0.017 0.04
0 0.358 0.21 0.019 0.042
0 0.37 0.194 0.018 0.035
0 0.377 0.258 0.02 0.052
0 0.398 0.227 0.016 0.043
0 0.418 0.172 0.014 0.037
0 0.433 0.161 0.014 0.032
0 0.444 0.186 0.015 0.042
0 0.462 0.163 0.018 0.042
0 0.473 0.134 0.013 0.035
0 0.485 0.169 0.017 0.047
0 0.5 0.146 0.015 0.038
0 0.505 0.199 0.016 0.037
0 0.478 0.245 0.021 0.055
0 0.446 0.296 0.026 0.055
0 0.554 0.222 0.017 0.047
0 0.532 0.156 0.017 0.038
0 0.56 0.156 0.015 0.038
0 0.561 0.132 0.015 0.033
0 0.589 0.13 0.015 0.037
0 0.605 0.123 0.017 0.038
0 0.587 0.196 0.017 0.042
0 0.587 0.166 0.014 0.035
0 0.609 0.181 0.014 0.038
0 0.629 0.189 0.018 0.042
0 0.621 0.152 0.016 0.037
0 0.627 0.126 0.017 0.042
0 0.651 0.138 0.014 0.038
0 0.665 0.145 0.017 0.043
0 0.661 0.178 0.015 0.038
0 0.692 0.158 0.018 0.045
0 0.698 0.13 0.018 0.043
0 0.72 0.146 0.014 0.038
0 0.712 0.208 0.018 0.042
0 0.581 0.331 0.027 0.063
0 0.614 0.305 0.026 0.058
0 0.617 0.371 0.029 0.072
0 0.665 0.401 0.03 0.077
0 0.677 0.227 0.024 0.053
0 0.728 0.259 0.025 0.057
0 0.743 0.209 0.017 0.05
0 0.761 0.225 0.021 0.045
0 0.768 0.192 0.015 0.037
0 0.78 0.176 0.014 0.035
0 0.818 0.186 0.016 0.048
0 0.84 0.209 0.017 0.043
0 0.823 0.241 0.017 0.045
0 0.802 0.252 0.021 0.05
0 0.773 0.28 0.021 0.048
0 0.824 0.295 0.022 0.063
0 0.732 0.398 0.029 0.068
0 0.811 0.462 0.042 0.08
0 0.886 0.417 0.03 0.075
0 0.87 0.336 0.022 0.053
0 0.866 0.515 0.032 0.085
0 0.879 0.228 0.014 0.038
0 0.887 0.213 0.013 0.032
0 0.908 0.231 0.016 0.035
0 0.906 0.284 0.022 0.057
0 0.937 0.265 0.014 0.048
0 0.929 0.321 0.017 0.053
0 0.953 0.371 0.019 0.065
0 0.957 0.452 0.026 0.073
0 0.982 0.367 0.018 0.057
0 0.982 0.323 0.016 0.045
0 0.981 0.289 0.016 0.04
0 0.989 0.269 0.013 0.033
0 0.957 0.24 0.014 0.042
