0 0.267 0.231 0.014 0.036
0 0.329 0.244 0.021 0.047
0 0.358 0.198 0.015 0.034
0 0.377 0.184 0.016 0.027
0 0.383 0.21 0.016 0.029
0 0.406 0.17 0.017 0.036
0 0.423 0.156 0.014 0.029
0 0.44 0.176 0.016 0.034
0 0.447 0.212 0.018 0.047
0 0.422 0.221 0.015 0.029
0 0.409 0.232 0.026 0.052
0 0.507 0.213 0.023 0.051
0 0.465 0.21 0.018 0.029
0 0.462 0.146 0.012 0.027
0 0.486 0.154 0.014 0.033
0 0.499 0.141 0.014 0.033
0 0.511 0.149 0.013 0.027
0 0.516 0.135 0.011 0.027
0 0.521 0.184 0.015 0.043
0 0.535 0.167 0.013 0.031
0 0.532 0.145 0.015 0.029
0 0.54 0.138 0.011 0.027
0 0.56 0.19 0.018 0.04
0 0.566 0.143 0.014 0.025
0 0.58 0.127 0.013 0.025
0 0.603 0.175 0.017 0.036
0 0.597 0.148 0.016 0.025
0 0.618 0.17 0.016 0.036
0 0.605 0.116 0.011 0.025
0 0.618 0.116 0.011 0.029
0 0.634 0.133 0.014 0.027
0 0.63 0.118 0.014 0.018
0 0.655 0.144 0.017 0.034
0 0.657 0.12 0.012 0.027
0 0.68 0.13 0.015 0.029
0 0.688 0.114 0.012 0.029
0 0.708 0.124 0.012 0.031
0 0.564 0.298 0.026 0.047
0 0.568 0.259 0.025 0.042
0 0.625 0.263 0.026 0.049
0 0.643 0.198 0.02 0.042
0 0.675 0.226 0.022 0.051
0 0.686 0.259 0.023 0.049
0 0.729 0.288 0.032 0.058
0 0.7 0.21 0.017 0.04
0 0.701 0.183 0.016 0.033
0 0.736 0.149 0.02 0.034
0 0.746 0.141 0.015 0.033
0 0.766 0.142 0.015 0.034
0 0.742 0.189 0.018 0.034
0 0.754 0.216 0.018 0.045
0 0.766 0.253 0.022 0.054
0 0.793 0.308 0.025 0.06
0 0.848 0.326 0.028 0.063
0 0.863 0.287 0.026 0.056
0 0.924 0.344 0.028 0.067
0 0.92 0.303 0.021 0.042
0 0.924 0.25 0.02 0.043
0 0.89 0.243 0.017 0.038
0 0.84 0.244 0.022 0.043
0 0.798 0.222 0.014 0.038
0 0.803 0.17 0.014 0.036
0 0.803 0.137 0.012 0.036
0 0.822 0.141 0.013 0.033
0 0.812 0.164 0.013 0.031
0 0.839 0.153 0.014 0.034
0 0.854 0.163 0.014 0.025
0 0.861 0.194 0.018 0.042
0 0.838 0.206 0.017 0.033
0 0.869 0.178 0.017 0.034
0 0.887 0.16 0.013 0.034
0 0.915 0.173 0.012 0.034
0 0.893 0.216 0.015 0.031
0 0.943 0.21 0.013 0.029
0 0.952 0.184 0.012 0.031
