0 0.068 0.329 0.015 0.035
0 0.108 0.31 0.021 0.04
0 0.16 0.279 0.03 0.052
0 0.246 0.234 0.031 0.054
0 0.2 0.481 0.048 0.099
0 0.352 0.259 0.017 0.04
0 0.371 0.261 0.023 0.044
0 0.428 0.215 0.022 0.04
0 0.454 0.24 0.02 0.042
0 0.435 0.273 0.031 0.047
0 0.487 0.319 0.035 0.056
0 0.571 0.294 0.035 0.062
0 0.543 0.195 0.021 0.034
0 0.503 0.185 0.024 0.037
0 0.465 0.146 0.015 0.032
0 0.465 0.189 0.018 0.034
0 0.451 0.179 0.019 0.029
0 0.634 0.126 0.019 0.037
0 0.705 0.135 0.019 0.044
0 0.732 0.163 0.02 0.044
0 0.733 0.135 0.014 0.034
0 0.757 0.098 0.02 0.042
0 0.816 0.165 0.021 0.044
0 0.828 0.088 0.017 0.037
0 0.894 0.21 0.022 0.047
0 0.974 0.118 0.02 0.037
