0 0.044 0.399 0.029 0.065
0 0.244 0.264 0.015 0.035
0 0.269 0.261 0.017 0.04
0 0.288 0.257 0.022 0.042
0 0.314 0.265 0.021 0.038
0 0.313 0.224 0.018 0.028
0 0.348 0.208 0.013 0.027
0 0.358 0.184 0.015 0.035
0 0.376 0.181 0.014 0.032
0 0.399 0.22 0.015 0.027
0 0.403 0.19 0.014 0.03
0 0.385 0.279 0.023 0.048
0 0.355 0.255 0.023 0.03
0 0.443 0.217 0.017 0.032
0 0.466 0.235 0.017 0.032
0 0.479 0.314 0.023 0.055
0 0.533 0.304 0.024 0.053
0 0.599 0.329 0.034 0.057
0 0.613 0.252 0.023 0.045
0 0.556 0.248 0.025 0.037
0 0.526 0.188 0.016 0.037
0 0.484 0.196 0.018 0.035
0 0.441 0.164 0.012 0.022
0 0.477 0.133 0.016 0.027
0 0.561 0.179 0.019 0.035
0 0.579 0.136 0.015 0.035
0 0.553 0.129 0.016 0.028
0 0.61 0.114 0.01 0.032
0 0.635 0.112 0.009 0.028
0 0.677 0.116 0.017 0.033
0 0.732 0.113 0.013 0.023
0 0.759 0.126 0.016 0.027
0 0.809 0.121 0.015 0.02
0 0.834 0.139 0.016 0.032
0 0.895 0.153 0.02 0.023
0 0.889 0.169 0.02 0.032
0 0.854 0.156 0.019 0.027
0 0.842 0.183 0.022 0.027
0 0.907 0.224 0.022 0.042
0 0.853 0.227 0.021 0.035
0 0.821 0.219 0.021 0.035
0 0.793 0.176 0.017 0.032
0 0.785 0.143 0.015 0.027
0 0.752 0.166 0.021 0.03
0 0.717 0.155 0.014 0.023
0 0.691 0.202 0.016 0.035
0 0.654 0.209 0.018 0.028
0 0.632 0.202 0.018 0.038
0 0.663 0.25 0.024 0.042
0 0.719 0.282 0.021 0.038
0 0.748 0.232 0.019 0.032
0 0.787 0.264 0.021 0.042
0 0.834 0.306 0.026 0.047
0 0.916 0.279 0.019 0.042
0 0.653 0.176 0.013 0.025
0 0.678 0.164 0.014 0.032
0 0.705 0.146 0.012 0.028
0 0.766 0.218 0.019 0.047
0 0.733 0.197 0.019 0.048
0 0.607 0.144 0.018 0.035
0 0.634 0.145 0.016 0.033
0 0.508 0.172 0.016 0.028
0 0.543 0.156 0.021 0.038
0 0.46 0.145 0.014 0.027
0 0.459 0.195 0.016 0.033
0 0.437 0.187 0.013 0.035
0 0.489 0.166 0.017 0.037
0 0.375 0.215 0.018 0.043
0 0.904 0.186 0.015 0.042
