0 0.117 0.339 0.033 0.074
0 0.311 0.237 0.02 0.039
0 0.316 0.208 0.019 0.039
0 0.349 0.213 0.021 0.035
0 0.409 0.209 0.026 0.042
0 0.414 0.163 0.016 0.039
0 0.427 0.175 0.018 0.037
0 0.444 0.208 0.02 0.05
0 0.452 0.184 0.016 0.031
0 0.451 0.151 0.015 0.03
0 0.463 0.139 0.013 0.028
0 0.49 0.175 0.016 0.037
0 0.499 0.216 0.022 0.052
0 0.503 0.28 0.031 0.061
0 0.508 0.145 0.015 0.028
0 0.507 0.123 0.011 0.024
0 0.527 0.123 0.014 0.031
0 0.535 0.144 0.015 0.03
0 0.526 0.156 0.016 0.035
0 0.562 0.189 0.024 0.042
0 0.563 0.153 0.016 0.037
0 0.552 0.125 0.016 0.039
0 0.589 0.113 0.015 0.033
0 0.591 0.175 0.019 0.044
0 0.605 0.148 0.016 0.041
0 0.631 0.147 0.014 0.031
0 0.631 0.118 0.013 0.026
0 0.639 0.096 0.013 0.033
0 0.616 0.104 0.011 0.028
0 0.619 0.141 0.013 0.031
0 0.66 0.128 0.018 0.031
0 0.666 0.116 0.014 0.03
0 0.642 0.125 0.011 0.031
0 0.682 0.121 0.013 0.035
0 0.693 0.119 0.016 0.031
0 0.712 0.124 0.014 0.03
0 0.726 0.149 0.014 0.035
0 0.712 0.16 0.016 0.035
0 0.706 0.207 0.021 0.041
0 0.673 0.218 0.021 0.044
0 0.663 0.181 0.02 0.041
0 0.633 0.208 0.026 0.046
0 0.641 0.252 0.024 0.05
0 0.619 0.297 0.029 0.07
0 0.585 0.275 0.027 0.066
0 0.595 0.239 0.025 0.046
0 0.681 0.267 0.025 0.05
0 0.68 0.329 0.035 0.079
0 0.742 0.411 0.042 0.077
0 0.836 0.362 0.041 0.059
0 0.84 0.306 0.028 0.059
0 0.817 0.285 0.027 0.065
0 0.821 0.251 0.024 0.044
0 0.731 0.228 0.024 0.046
0 0.746 0.173 0.019 0.037
0 0.76 0.129 0.016 0.033
0 0.769 0.142 0.018 0.041
0 0.789 0.14 0.017 0.033
0 0.779 0.187 0.019 0.039
0 0.797 0.172 0.016 0.037
0 0.805 0.2 0.019 0.042
0 0.819 0.192 0.023 0.044
0 0.833 0.168 0.017 0.041
0 0.85 0.183 0.015 0.037
0 0.851 0.157 0.015 0.037
0 0.868 0.177 0.017 0.037
0 0.856 0.214 0.019 0.041
0 0.891 0.233 0.021 0.054
0 0.898 0.196 0.019 0.044
0 0.88 0.161 0.015 0.041
0 0.892 0.161 0.014 0.033
0 0.918 0.167 0.017 0.039
0 0.948 0.177 0.014 0.037
0 0.953 0.214 0.015 0.033
0 0.938 0.237 0.018 0.039
0 0.934 0.256 0.018 0.041
0 0.927 0.293 0.022 0.052
0 0.914 0.318 0.026 0.061
0 0.881 0.309 0.027 0.05
