0 0.185 0.461 0.043 0.079
0 0.168 0.278 0.024 0.045
0 0.267 0.268 0.021 0.042
0 0.307 0.224 0.015 0.031
0 0.324 0.234 0.016 0.034
0 0.343 0.225 0.015 0.035
0 0.358 0.195 0.023 0.039
0 0.389 0.195 0.014 0.027
0 0.38 0.211 0.015 0.035
0 0.417 0.219 0.02 0.035
0 0.469 0.207 0.014 0.04
0 0.461 0.186 0.012 0.032
0 0.477 0.186 0.019 0.037
0 0.585 0.104 0.018 0.04
0 0.605 0.057 0.014 0.031
0 0.638 0.141 0.013 0.026
0 0.653 0.144 0.013 0.021
0 0.655 0.121 0.011 0.026
0 0.66 0.077 0.009 0.019
0 0.725 0.083 0.011 0.024
0 0.732 0.082 0.013 0.026
0 0.747 0.078 0.01 0.027
0 0.758 0.072 0.01 0.018
0 0.761 0.091 0.014 0.021
0 0.747 0.143 0.014 0.029
0 0.821 0.255 0.021 0.043
0 0.889 0.264 0.019 0.032
0 0.916 0.26 0.018 0.042
0 0.865 0.191 0.016 0.035
0 0.936 0.191 0.015 0.034
