0 0.108 0.447 0.045 0.09
0 0.201 0.279 0.021 0.046
0 0.229 0.274 0.025 0.046
0 0.27 0.228 0.02 0.039
0 0.308 0.232 0.021 0.044
0 0.309 0.204 0.022 0.049
0 0.329 0.222 0.022 0.046
0 0.349 0.2 0.015 0.034
0 0.366 0.255 0.02 0.049
0 0.398 0.227 0.019 0.038
0 0.366 0.191 0.018 0.044
0 0.388 0.178 0.019 0.041
0 0.439 0.301 0.026 0.051
0 0.429 0.183 0.015 0.038
0 0.432 0.154 0.014 0.033
0 0.45 0.156 0.017 0.036
0 0.47 0.236 0.019 0.049
0 0.493 0.197 0.018 0.039
0 0.486 0.158 0.019 0.044
0 0.493 0.14 0.018 0.036
0 0.52 0.158 0.02 0.044
0 0.561 0.157 0.019 0.034
0 0.553 0.125 0.015 0.033
0 0.574 0.19 0.015 0.039
0 0.58 0.16 0.015 0.038
0 0.579 0.13 0.016 0.033
0 0.607 0.144 0.017 0.036
0 0.605 0.182 0.013 0.039
0 0.598 0.108 0.014 0.036
0 0.623 0.186 0.015 0.043
0 0.632 0.121 0.014 0.031
0 0.652 0.14 0.017 0.036
0 0.659 0.17 0.015 0.034
0 0.665 0.129 0.015 0.038
0 0.688 0.127 0.015 0.031
0 0.689 0.157 0.014 0.034
0 0.713 0.151 0.014 0.036
0 0.706 0.2 0.017 0.043
0 0.679 0.23 0.018 0.046
0 0.622 0.283 0.025 0.061
0 0.573 0.324 0.026 0.057
0 0.606 0.357 0.029 0.064
0 0.666 0.383 0.029 0.059
0 0.727 0.384 0.029 0.062
0 0.72 0.247 0.022 0.051
0 0.744 0.213 0.02 0.049
0 0.751 0.285 0.02 0.051
0 0.794 0.248 0.018 0.049
0 0.776 0.198 0.018 0.041
0 0.76 0.188 0.016 0.034
0 0.809 0.182 0.017 0.043
0 0.817 0.214 0.019 0.044
0 0.83 0.203 0.014 0.041
0 0.815 0.288 0.022 0.064
0 0.86 0.319 0.02 0.044
0 0.87 0.293 0.018 0.051
0 0.796 0.421 0.032 0.077
0 0.87 0.474 0.03 0.08
0 0.878 0.42 0.025 0.064
0 0.962 0.412 0.024 0.076
0 0.947 0.365 0.022 0.061
0 0.928 0.32 0.02 0.046
0 0.892 0.268 0.019 0.046
0 0.868 0.218 0.014 0.041
0 0.912 0.222 0.015 0.044
0 0.931 0.259 0.017 0.041
0 0.949 0.236 0.016 0.043
0 0.976 0.35 0.017 0.056
0 0.974 0.311 0.014 0.038
0 0.989 0.277 0.018 0.034
