0 0.12 0.535 0.042 0.096
0 0.214 0.28 0.019 0.042
0 0.238 0.273 0.021 0.045
0 0.27 0.239 0.017 0.037
0 0.3 0.248 0.016 0.043
0 0.338 0.236 0.018 0.043
0 0.317 0.215 0.02 0.043
0 0.355 0.215 0.017 0.039
0 0.374 0.262 0.016 0.039
0 0.399 0.235 0.015 0.029
0 0.446 0.297 0.017 0.045
0 0.371 0.188 0.014 0.032
0 0.413 0.185 0.017 0.035
0 0.442 0.189 0.013 0.031
0 0.436 0.166 0.01 0.029
0 0.453 0.169 0.014 0.039
0 0.472 0.142 0.01 0.031
0 0.484 0.17 0.015 0.042
0 0.503 0.206 0.014 0.035
0 0.476 0.241 0.017 0.048
0 0.496 0.15 0.012 0.031
0 0.527 0.163 0.01 0.034
0 0.559 0.162 0.014 0.026
0 0.56 0.138 0.015 0.035
0 0.579 0.14 0.014 0.032
0 0.587 0.157 0.014 0.031
0 0.583 0.202 0.015 0.037
0 0.554 0.224 0.014 0.037
0 0.605 0.2 0.015 0.04
0 0.613 0.181 0.014 0.037
0 0.609 0.155 0.014 0.031
0 0.602 0.13 0.015 0.029
0 0.622 0.134 0.014 0.037
0 0.656 0.182 0.014 0.031
0 0.662 0.162 0.013 0.029
0 0.656 0.135 0.014 0.035
0 0.689 0.163 0.015 0.04
0 0.693 0.137 0.014 0.031
0 0.714 0.15 0.015 0.034
0 0.689 0.218 0.017 0.043
0 0.667 0.231 0.019 0.053
0 0.605 0.3 0.023 0.056
0 0.575 0.326 0.022 0.053
0 0.613 0.374 0.024 0.053
0 0.656 0.405 0.025 0.064
0 0.727 0.396 0.027 0.066
0 0.711 0.276 0.022 0.056
0 0.742 0.242 0.014 0.034
0 0.768 0.284 0.018 0.043
0 0.735 0.223 0.017 0.04
0 0.758 0.199 0.015 0.037
0 0.776 0.181 0.014 0.037
0 0.789 0.22 0.017 0.042
0 0.806 0.249 0.017 0.039
0 0.819 0.301 0.019 0.051
0 0.802 0.455 0.03 0.08
0 0.814 0.192 0.015 0.04
0 0.834 0.212 0.013 0.032
0 0.875 0.235 0.016 0.042
0 0.89 0.286 0.014 0.042
0 0.865 0.338 0.017 0.047
0 0.925 0.325 0.018 0.042
0 0.928 0.262 0.014 0.039
0 0.905 0.257 0.014 0.035
0 0.901 0.23 0.014 0.035
0 0.95 0.245 0.013 0.034
0 0.986 0.264 0.014 0.035
0 0.977 0.299 0.012 0.029
0 0.976 0.333 0.013 0.032
0 0.976 0.363 0.017 0.04
0 0.957 0.369 0.019 0.056
0 0.957 0.435 0.024 0.069
0 0.876 0.422 0.021 0.059
0 0.872 0.496 0.032 0.066
