0 0.251 0.223 0.023 0.045
0 0.335 0.191 0.02 0.038
0 0.388 0.191 0.018 0.038
0 0.399 0.198 0.024 0.048
0 0.398 0.17 0.017 0.033
0 0.425 0.181 0.017 0.032
0 0.43 0.212 0.019 0.033
0 0.449 0.223 0.019 0.035
0 0.45 0.153 0.014 0.033
0 0.473 0.18 0.016 0.04
0 0.474 0.142 0.012 0.025
0 0.49 0.164 0.016 0.032
0 0.494 0.141 0.015 0.028
0 0.498 0.127 0.013 0.027
0 0.509 0.193 0.019 0.04
0 0.51 0.229 0.02 0.045
0 0.555 0.191 0.019 0.042
0 0.547 0.17 0.014 0.027
0 0.525 0.168 0.013 0.028
0 0.534 0.149 0.014 0.028
0 0.545 0.138 0.013 0.025
0 0.576 0.151 0.017 0.032
0 0.589 0.17 0.017 0.03
0 0.6 0.156 0.013 0.032
0 0.586 0.139 0.012 0.028
0 0.58 0.107 0.013 0.025
0 0.629 0.142 0.012 0.028
0 0.626 0.128 0.013 0.018
0 0.62 0.106 0.01 0.025
0 0.653 0.109 0.015 0.028
0 0.66 0.147 0.017 0.032
0 0.683 0.123 0.014 0.027
0 0.706 0.123 0.012 0.03
0 0.572 0.255 0.029 0.06
0 0.616 0.247 0.023 0.058
0 0.625 0.292 0.037 0.067
0 0.646 0.219 0.023 0.045
0 0.672 0.2 0.02 0.043
0 0.707 0.19 0.02 0.043
0 0.716 0.158 0.014 0.033
0 0.725 0.146 0.014 0.035
0 0.75 0.139 0.014 0.028
0 0.744 0.172 0.018 0.03
0 0.748 0.207 0.016 0.033
0 0.763 0.163 0.016 0.035
0 0.777 0.153 0.015 0.033
0 0.8 0.165 0.015 0.037
0 0.789 0.181 0.018 0.032
0 0.784 0.227 0.021 0.04
0 0.756 0.252 0.021 0.047
0 0.724 0.287 0.028 0.06
0 0.679 0.329 0.031 0.068
0 0.844 0.267 0.023 0.053
0 0.863 0.314 0.024 0.058
0 0.873 0.286 0.022 0.052
0 0.837 0.227 0.022 0.043
0 0.832 0.181 0.017 0.038
0 0.842 0.156 0.017 0.038
0 0.873 0.173 0.016 0.037
0 0.891 0.204 0.016 0.038
0 0.886 0.242 0.02 0.043
0 0.916 0.294 0.021 0.058
0 0.93 0.241 0.017 0.032
0 0.9 0.192 0.012 0.03
0 0.948 0.218 0.019 0.04
0 0.939 0.192 0.016 0.033
0 0.936 0.167 0.011 0.03
