0 0.264 0.442 0.044 0.099
0 0.281 0.257 0.017 0.031
0 0.316 0.267 0.022 0.035
0 0.342 0.218 0.018 0.04
0 0.364 0.249 0.017 0.04
0 0.402 0.244 0.017 0.036
0 0.388 0.214 0.016 0.036
0 0.409 0.218 0.018 0.03
0 0.442 0.217 0.017 0.031
0 0.419 0.158 0.01 0.024
0 0.458 0.142 0.012 0.028
0 0.467 0.161 0.012 0.024
0 0.469 0.196 0.016 0.031
0 0.491 0.169 0.013 0.03
0 0.484 0.147 0.015 0.03
0 0.558 0.189 0.019 0.038
0 0.549 0.063 0.011 0.03
0 0.58 0.121 0.012 0.026
0 0.62 0.115 0.012 0.021
0 0.646 0.123 0.013 0.028
0 0.61 0.262 0.023 0.052
0 0.662 0.24 0.016 0.043
0 0.726 0.234 0.018 0.042
0 0.71 0.173 0.014 0.033
0 0.733 0.177 0.017 0.035
0 0.733 0.152 0.018 0.033
0 0.842 0.187 0.017 0.043
0 0.79 0.325 0.023 0.059
0 0.907 0.353 0.022 0.064
0 0.923 0.296 0.018 0.047
0 0.919 0.249 0.02 0.047
0 0.927 0.22 0.017 0.04
0 0.938 0.217 0.012 0.035
0 0.95 0.2 0.015 0.028
0 0.892 0.21 0.015 0.035
0 0.898 0.187 0.012 0.03
0 0.872 0.174 0.012 0.031
0 0.617 0.137 0.011 0.024
0 0.888 0.248 0.016 0.052
