0 0.213 0.457 0.05 0.099
0 0.247 0.431 0.046 0.089
0 0.309 0.281 0.022 0.042
0 0.361 0.261 0.019 0.038
0 0.431 0.268 0.025 0.052
0 0.417 0.225 0.019 0.038
0 0.441 0.221 0.017 0.038
0 0.443 0.18 0.017 0.038
0 0.466 0.189 0.021 0.046
0 0.443 0.143 0.015 0.032
0 0.465 0.15 0.015 0.03
0 0.521 0.137 0.016 0.036
0 0.549 0.147 0.017 0.036
0 0.571 0.154 0.017 0.034
0 0.529 0.2 0.019 0.044
0 0.472 0.324 0.025 0.054
0 0.645 0.257 0.029 0.058
0 0.719 0.276 0.03 0.06
0 0.771 0.281 0.032 0.058
0 0.675 0.148 0.021 0.038
0 0.705 0.147 0.017 0.032
0 0.726 0.156 0.018 0.042
0 0.739 0.14 0.022 0.042
0 0.758 0.16 0.016 0.038
0 0.79 0.182 0.019 0.046
0 0.801 0.121 0.015 0.028
0 0.871 0.213 0.024 0.05
