0 0.914 0.371 0.02 0.048
0 0.841 0.355 0.03 0.065
0 0.852 0.309 0.019 0.054
0 0.87 0.29 0.016 0.046
0 0.925 0.295 0.023 0.052
0 0.923 0.242 0.014 0.038
0 0.934 0.236 0.015 0.038
0 0.915 0.175 0.012 0.031
0 0.885 0.15 0.014 0.031
0 0.886 0.226 0.017 0.044
0 0.853 0.215 0.014 0.035
0 0.849 0.143 0.012 0.036
0 0.831 0.17 0.009 0.029
0 0.892 0.187 0.014 0.033
0 0.809 0.19 0.014 0.038
0 0.793 0.212 0.016 0.044
0 0.773 0.182 0.014 0.035
0 0.756 0.119 0.011 0.031
0 0.787 0.135 0.012 0.036
0 0.814 0.265 0.018 0.046
0 0.81 0.293 0.023 0.056
0 0.719 0.237 0.02 0.052
0 0.71 0.19 0.015 0.035
0 0.738 0.183 0.016 0.04
0 0.767 0.147 0.012 0.033
0 0.755 0.357 0.03 0.065
0 0.672 0.298 0.02 0.052
0 0.688 0.35 0.028 0.063
0 0.673 0.178 0.014 0.04
0 0.669 0.23 0.019 0.046
0 0.691 0.123 0.011 0.027
0 0.728 0.076 0.012 0.029
0 0.633 0.067 0.011 0.023
0 0.609 0.067 0.01 0.023
0 0.579 0.066 0.01 0.021
0 0.633 0.115 0.011 0.031
0 0.641 0.142 0.012 0.031
0 0.663 0.131 0.013 0.029
0 0.676 0.104 0.012 0.023
0 0.659 0.105 0.011 0.025
0 0.626 0.207 0.018 0.046
0 0.617 0.26 0.017 0.048
0 0.615 0.308 0.027 0.06
0 0.567 0.254 0.02 0.044
0 0.552 0.301 0.028 0.061
0 0.548 0.185 0.013 0.036
0 0.552 0.161 0.012 0.035
0 0.584 0.154 0.014 0.031
0 0.533 0.057 0.009 0.021
0 0.525 0.153 0.014 0.033
0 0.495 0.156 0.014 0.036
0 0.461 0.139 0.013 0.029
0 0.481 0.174 0.015 0.04
0 0.457 0.174 0.016 0.033
0 0.444 0.152 0.015 0.031
0 0.48 0.227 0.018 0.044
0 0.416 0.157 0.013 0.027
0 0.421 0.177 0.014 0.031
0 0.412 0.214 0.019 0.036
0 0.442 0.226 0.02 0.042
0 0.343 0.179 0.016 0.033
0 0.351 0.193 0.012 0.029
0 0.309 0.237 0.016 0.044
0 0.504 0.274 0.02 0.05
0 0.19 0.455 0.04 0.096
