0 0.197 0.415 0.048 0.094
0 0.275 0.247 0.018 0.035
0 0.294 0.243 0.019 0.038
0 0.29 0.287 0.019 0.033
0 0.354 0.261 0.019 0.04
0 0.37 0.275 0.022 0.045
0 0.365 0.234 0.019 0.036
0 0.376 0.193 0.019 0.036
0 0.393 0.196 0.019 0.036
0 0.407 0.172 0.014 0.025
0 0.419 0.173 0.016 0.033
0 0.447 0.223 0.019 0.04
0 0.47 0.224 0.02 0.045
0 0.467 0.186 0.019 0.035
0 0.45 0.185 0.02 0.033
0 0.443 0.167 0.014 0.026
0 0.466 0.155 0.011 0.03
0 0.481 0.156 0.016 0.025
0 0.491 0.193 0.018 0.04
0 0.517 0.206 0.017 0.036
0 0.521 0.167 0.014 0.03
0 0.517 0.143 0.011 0.025
0 0.5 0.14 0.011 0.02
0 0.543 0.164 0.018 0.035
0 0.55 0.126 0.014 0.031
0 0.559 0.13 0.014 0.028
0 0.584 0.139 0.016 0.028
0 0.586 0.175 0.018 0.036
0 0.609 0.136 0.017 0.031
0 0.598 0.117 0.016 0.03
0 0.586 0.107 0.013 0.026
0 0.615 0.103 0.011 0.021
0 0.645 0.102 0.015 0.026
0 0.643 0.137 0.016 0.026
0 0.645 0.122 0.012 0.02
0 0.664 0.113 0.014 0.028
0 0.691 0.112 0.015 0.026
0 0.683 0.151 0.017 0.031
0 0.695 0.174 0.018 0.035
0 0.662 0.165 0.02 0.04
0 0.656 0.215 0.021 0.043
0 0.626 0.205 0.024 0.038
0 0.622 0.251 0.026 0.056
0 0.611 0.3 0.033 0.058
0 0.562 0.252 0.022 0.043
0 0.487 0.319 0.031 0.058
0 0.538 0.321 0.028 0.048
0 0.677 0.333 0.037 0.066
0 0.738 0.355 0.039 0.079
0 0.722 0.248 0.026 0.054
0 0.697 0.238 0.024 0.046
0 0.725 0.2 0.019 0.041
0 0.733 0.176 0.019 0.035
0 0.728 0.118 0.018 0.038
0 0.746 0.144 0.017 0.035
0 0.767 0.125 0.015 0.031
0 0.785 0.142 0.016 0.033
0 0.806 0.145 0.017 0.04
0 0.759 0.21 0.019 0.041
0 0.774 0.2 0.019 0.04
0 0.795 0.271 0.023 0.053
0 0.808 0.25 0.02 0.041
0 0.825 0.21 0.024 0.045
0 0.808 0.397 0.034 0.071
0 0.844 0.294 0.025 0.063
0 0.866 0.265 0.023 0.051
0 0.914 0.354 0.031 0.074
0 0.906 0.31 0.025 0.046
0 0.898 0.275 0.019 0.035
0 0.927 0.252 0.022 0.046
0 0.916 0.219 0.017 0.041
0 0.873 0.199 0.018 0.041
0 0.856 0.173 0.016 0.04
0 0.859 0.146 0.014 0.025
0 0.861 0.13 0.014 0.026
0 0.824 0.136 0.012 0.025
0 0.83 0.117 0.017 0.03
0 0.88 0.15 0.011 0.026
0 0.885 0.171 0.015 0.035
0 0.901 0.142 0.014 0.033
0 0.925 0.149 0.013 0.026
