0 0.928 0.221 0.015 0.038
0 0.92 0.321 0.016 0.04
0 0.915 0.342 0.025 0.057
0 0.877 0.234 0.016 0.047
0 0.854 0.26 0.016 0.043
0 0.85 0.295 0.019 0.054
0 0.788 0.141 0.012 0.028
0 0.794 0.166 0.013 0.037
0 0.799 0.221 0.016 0.042
0 0.807 0.283 0.017 0.05
0 0.767 0.302 0.018 0.05
0 0.758 0.233 0.017 0.042
0 0.814 0.398 0.025 0.073
0 0.777 0.377 0.029 0.064
0 0.845 0.462 0.033 0.068
0 0.756 0.184 0.014 0.038
0 0.745 0.14 0.013 0.03
0 0.729 0.294 0.02 0.056
0 0.679 0.257 0.02 0.052
0 0.716 0.235 0.016 0.045
0 0.673 0.343 0.019 0.061
0 0.698 0.167 0.013 0.031
0 0.732 0.195 0.014 0.035
0 0.721 0.117 0.011 0.023
0 0.668 0.107 0.01 0.026
0 0.678 0.123 0.012 0.026
0 0.691 0.106 0.01 0.024
0 0.651 0.122 0.01 0.028
0 0.661 0.137 0.012 0.028
0 0.589 0.114 0.009 0.023
0 0.582 0.123 0.01 0.026
0 0.632 0.112 0.012 0.023
0 0.622 0.128 0.013 0.03
0 0.617 0.153 0.015 0.031
0 0.605 0.126 0.012 0.026
0 0.555 0.127 0.012 0.024
0 0.568 0.153 0.015 0.031
0 0.581 0.17 0.016 0.035
0 0.55 0.163 0.014 0.033
0 0.554 0.184 0.015 0.038
0 0.566 0.236 0.017 0.047
0 0.603 0.257 0.02 0.047
0 0.634 0.225 0.017 0.037
0 0.685 0.19 0.014 0.035
0 0.504 0.125 0.011 0.024
0 0.52 0.142 0.01 0.023
0 0.526 0.178 0.013 0.033
0 0.484 0.179 0.013 0.028
0 0.491 0.139 0.01 0.021
0 0.463 0.17 0.013 0.031
0 0.441 0.165 0.011 0.024
0 0.469 0.143 0.012 0.026
0 0.487 0.218 0.018 0.04
0 0.455 0.224 0.016 0.038
0 0.441 0.204 0.014 0.037
0 0.415 0.194 0.015 0.037
0 0.421 0.175 0.012 0.033
0 0.494 0.29 0.021 0.054
0 0.545 0.315 0.023 0.059
0 0.381 0.244 0.016 0.04
0 0.387 0.29 0.02 0.04
0 0.375 0.202 0.014 0.035
0 0.295 0.22 0.014 0.033
0 0.312 0.234 0.015 0.037
0 0.329 0.238 0.013 0.035
0 0.336 0.262 0.016 0.033
0 0.352 0.181 0.012 0.031
0 0.355 0.202 0.015 0.035
0 0.591 0.348 0.019 0.063
0 0.213 0.366 0.038 0.078
