0 0.202 0.422 0.044 0.086
0 0.286 0.259 0.016 0.032
0 0.3 0.243 0.018 0.042
0 0.331 0.263 0.023 0.038
0 0.325 0.212 0.014 0.032
0 0.337 0.214 0.015 0.037
0 0.404 0.252 0.019 0.042
0 0.402 0.231 0.019 0.042
0 0.433 0.245 0.02 0.039
0 0.428 0.261 0.023 0.051
0 0.415 0.185 0.015 0.03
0 0.431 0.18 0.015 0.032
0 0.411 0.169 0.014 0.032
0 0.43 0.158 0.015 0.034
0 0.47 0.138 0.012 0.028
0 0.473 0.15 0.013 0.031
0 0.482 0.185 0.016 0.041
0 0.48 0.222 0.017 0.047
0 0.531 0.19 0.018 0.042
0 0.516 0.178 0.015 0.035
0 0.491 0.133 0.01 0.025
0 0.499 0.121 0.009 0.024
0 0.523 0.123 0.013 0.03
0 0.538 0.133 0.015 0.031
0 0.563 0.154 0.015 0.035
0 0.567 0.133 0.014 0.028
0 0.472 0.321 0.023 0.052
0 0.547 0.296 0.034 0.054
0 0.592 0.233 0.019 0.047
0 0.6 0.159 0.015 0.032
0 0.594 0.135 0.013 0.03
0 0.591 0.101 0.014 0.024
0 0.601 0.104 0.012 0.03
0 0.617 0.139 0.013 0.032
0 0.615 0.118 0.01 0.025
0 0.628 0.126 0.011 0.03
0 0.662 0.106 0.014 0.024
0 0.679 0.107 0.011 0.028
0 0.657 0.162 0.016 0.045
0 0.621 0.2 0.018 0.039
0 0.643 0.232 0.023 0.047
0 0.659 0.258 0.02 0.045
0 0.67 0.299 0.031 0.065
0 0.662 0.205 0.023 0.048
0 0.685 0.151 0.015 0.031
0 0.714 0.173 0.015 0.032
0 0.725 0.155 0.014 0.031
0 0.742 0.186 0.019 0.042
0 0.72 0.212 0.023 0.039
0 0.729 0.26 0.027 0.058
0 0.77 0.324 0.032 0.059
0 0.767 0.214 0.02 0.039
0 0.771 0.17 0.015 0.038
0 0.766 0.142 0.015 0.032
0 0.781 0.127 0.015 0.037
0 0.81 0.125 0.015 0.041
0 0.794 0.16 0.013 0.032
0 0.805 0.197 0.018 0.041
0 0.819 0.168 0.017 0.048
0 0.835 0.154 0.015 0.031
0 0.845 0.128 0.012 0.031
0 0.877 0.138 0.013 0.032
0 0.857 0.178 0.014 0.031
0 0.851 0.202 0.016 0.038
0 0.836 0.22 0.023 0.045
0 0.804 0.272 0.025 0.056
0 0.865 0.282 0.024 0.054
0 0.897 0.204 0.016 0.041
0 0.923 0.253 0.02 0.052
0 0.896 0.185 0.014 0.034
