0 0.252 0.365 0.036 0.073
0 0.257 0.283 0.02 0.035
0 0.284 0.269 0.02 0.033
0 0.303 0.257 0.021 0.038
0 0.31 0.298 0.027 0.042
0 0.311 0.232 0.017 0.028
0 0.333 0.226 0.017 0.033
0 0.345 0.271 0.021 0.047
0 0.361 0.224 0.019 0.04
0 0.378 0.212 0.018 0.038
0 0.404 0.229 0.02 0.043
0 0.428 0.275 0.021 0.045
0 0.429 0.243 0.018 0.037
0 0.412 0.172 0.013 0.035
0 0.462 0.236 0.021 0.047
0 0.467 0.196 0.016 0.033
0 0.477 0.164 0.011 0.027
0 0.469 0.155 0.012 0.025
0 0.453 0.139 0.011 0.022
0 0.431 0.193 0.018 0.03
0 0.507 0.19 0.019 0.032
0 0.484 0.133 0.012 0.027
0 0.52 0.161 0.017 0.03
0 0.524 0.135 0.015 0.03
0 0.537 0.16 0.02 0.035
0 0.56 0.164 0.02 0.037
0 0.538 0.201 0.021 0.03
0 0.548 0.133 0.011 0.023
0 0.559 0.113 0.017 0.023
0 0.587 0.098 0.014 0.027
0 0.592 0.12 0.015 0.027
0 0.592 0.148 0.016 0.033
0 0.609 0.14 0.019 0.033
0 0.625 0.119 0.012 0.028
0 0.626 0.1 0.013 0.028
0 0.649 0.1 0.012 0.03
0 0.652 0.119 0.015 0.032
0 0.685 0.108 0.017 0.033
0 0.68 0.153 0.019 0.047
0 0.639 0.198 0.02 0.037
0 0.601 0.223 0.022 0.05
0 0.563 0.241 0.023 0.047
0 0.538 0.321 0.03 0.061
0 0.484 0.301 0.029 0.051
0 0.583 0.365 0.034 0.063
0 0.678 0.338 0.031 0.061
0 0.66 0.261 0.022 0.047
0 0.657 0.211 0.023 0.047
0 0.696 0.222 0.025 0.048
0 0.707 0.179 0.021 0.04
0 0.71 0.146 0.019 0.033
0 0.726 0.171 0.016 0.04
0 0.743 0.194 0.022 0.048
0 0.748 0.219 0.021 0.04
0 0.78 0.292 0.028 0.061
0 0.714 0.294 0.025 0.056
0 0.732 0.133 0.017 0.037
0 0.755 0.109 0.013 0.032
0 0.772 0.126 0.014 0.023
0 0.775 0.162 0.021 0.035
0 0.803 0.184 0.018 0.038
0 0.819 0.254 0.025 0.05
0 0.846 0.199 0.015 0.038
0 0.835 0.168 0.015 0.037
0 0.825 0.143 0.016 0.033
0 0.797 0.146 0.012 0.027
0 0.806 0.133 0.011 0.03
0 0.859 0.159 0.015 0.035
0 0.866 0.127 0.016 0.028
0 0.891 0.13 0.014 0.032
0 0.897 0.164 0.017 0.035
0 0.882 0.171 0.02 0.033
0 0.87 0.203 0.018 0.042
0 0.867 0.229 0.018 0.033
0 0.929 0.277 0.022 0.045
0 0.895 0.212 0.018 0.042
0 0.925 0.208 0.018 0.033
0 0.922 0.178 0.012 0.027
0 0.924 0.154 0.012 0.022
