0 0.063 0.386 0.044 0.077
0 0.252 0.285 0.018 0.033
0 0.273 0.265 0.021 0.045
0 0.289 0.279 0.018 0.032
0 0.307 0.258 0.023 0.05
0 0.33 0.268 0.019 0.043
0 0.346 0.266 0.019 0.05
0 0.326 0.218 0.019 0.033
0 0.351 0.211 0.017 0.037
0 0.377 0.207 0.018 0.035
0 0.39 0.193 0.019 0.037
0 0.399 0.205 0.017 0.038
0 0.428 0.214 0.017 0.028
0 0.432 0.263 0.023 0.05
0 0.418 0.165 0.016 0.027
0 0.431 0.16 0.016 0.037
0 0.439 0.201 0.016 0.033
0 0.455 0.222 0.019 0.035
0 0.464 0.201 0.018 0.033
0 0.461 0.166 0.016 0.028
0 0.453 0.144 0.012 0.022
0 0.471 0.147 0.017 0.028
0 0.482 0.157 0.021 0.032
0 0.488 0.124 0.014 0.022
0 0.503 0.153 0.015 0.037
0 0.52 0.15 0.018 0.03
0 0.493 0.222 0.023 0.045
0 0.521 0.208 0.024 0.037
0 0.543 0.131 0.016 0.028
0 0.552 0.158 0.017 0.033
0 0.559 0.136 0.016 0.033
0 0.576 0.176 0.02 0.043
0 0.581 0.151 0.019 0.032
0 0.563 0.103 0.014 0.023
0 0.59 0.115 0.016 0.027
0 0.593 0.095 0.014 0.027
0 0.622 0.137 0.016 0.032
0 0.616 0.119 0.013 0.022
0 0.619 0.101 0.013 0.023
0 0.638 0.116 0.013 0.028
0 0.653 0.098 0.014 0.027
0 0.672 0.11 0.015 0.027
0 0.702 0.092 0.015 0.033
0 0.565 0.239 0.023 0.048
0 0.491 0.289 0.031 0.055
0 0.55 0.3 0.03 0.055
0 0.609 0.323 0.032 0.06
0 0.61 0.255 0.03 0.053
0 0.622 0.211 0.023 0.05
0 0.665 0.198 0.021 0.047
0 0.656 0.166 0.019 0.037
0 0.683 0.147 0.022 0.042
0 0.709 0.129 0.016 0.035
0 0.7 0.205 0.023 0.05
0 0.665 0.257 0.029 0.048
0 0.71 0.29 0.031 0.05
0 0.679 0.331 0.035 0.063
0 0.782 0.295 0.033 0.065
0 0.754 0.229 0.025 0.062
0 0.723 0.176 0.022 0.047
0 0.729 0.149 0.018 0.038
0 0.737 0.121 0.017 0.038
0 0.748 0.131 0.014 0.04
0 0.757 0.147 0.018 0.038
0 0.754 0.107 0.013 0.038
0 0.768 0.126 0.017 0.04
0 0.784 0.118 0.012 0.03
0 0.798 0.131 0.015 0.032
0 0.813 0.124 0.015 0.035
0 0.798 0.169 0.02 0.042
0 0.817 0.165 0.015 0.037
0 0.837 0.135 0.015 0.037
0 0.847 0.188 0.017 0.047
0 0.807 0.24 0.022 0.055
0 0.868 0.227 0.02 0.045
0 0.883 0.193 0.017 0.037
0 0.893 0.161 0.018 0.04
0 0.896 0.124 0.018 0.038
0 0.854 0.148 0.018 0.037
0 0.863 0.142 0.014 0.035
0 0.871 0.125 0.012 0.027
0 0.918 0.166 0.019 0.042
0 0.927 0.194 0.016 0.045
0 0.93 0.158 0.013 0.037
