0 0.114 0.521 0.052 0.105
0 0.229 0.256 0.018 0.051
0 0.24 0.259 0.025 0.048
0 0.284 0.229 0.019 0.048
0 0.313 0.227 0.02 0.051
0 0.317 0.203 0.022 0.045
0 0.341 0.214 0.02 0.037
0 0.355 0.2 0.017 0.041
0 0.371 0.193 0.018 0.04
0 0.377 0.254 0.022 0.054
0 0.41 0.229 0.021 0.038
0 0.427 0.173 0.016 0.035
0 0.435 0.161 0.014 0.041
0 0.444 0.181 0.018 0.045
0 0.442 0.293 0.026 0.056
0 0.479 0.23 0.022 0.046
0 0.462 0.156 0.017 0.035
0 0.483 0.161 0.016 0.043
0 0.5 0.145 0.014 0.033
0 0.506 0.196 0.018 0.046
0 0.524 0.148 0.018 0.038
0 0.562 0.134 0.017 0.038
0 0.567 0.145 0.018 0.038
0 0.536 0.224 0.02 0.038
0 0.582 0.13 0.018 0.037
0 0.602 0.122 0.015 0.032
0 0.613 0.146 0.018 0.035
0 0.587 0.191 0.016 0.045
0 0.589 0.161 0.02 0.037
0 0.614 0.203 0.02 0.04
0 0.62 0.172 0.015 0.038
0 0.643 0.123 0.015 0.033
0 0.656 0.142 0.014 0.04
0 0.669 0.122 0.014 0.033
0 0.666 0.174 0.014 0.033
0 0.674 0.217 0.022 0.043
0 0.622 0.266 0.026 0.054
0 0.586 0.318 0.028 0.06
0 0.616 0.353 0.027 0.06
0 0.667 0.378 0.029 0.054
0 0.698 0.134 0.017 0.037
0 0.696 0.148 0.016 0.038
0 0.724 0.151 0.019 0.041
0 0.695 0.207 0.023 0.041
0 0.738 0.196 0.016 0.043
0 0.757 0.187 0.015 0.033
0 0.781 0.174 0.016 0.033
0 0.785 0.196 0.017 0.041
0 0.816 0.184 0.016 0.04
0 0.837 0.203 0.018 0.041
0 0.823 0.213 0.017 0.038
0 0.803 0.231 0.018 0.049
0 0.808 0.297 0.026 0.062
0 0.749 0.22 0.019 0.043
0 0.761 0.278 0.023 0.048
0 0.723 0.266 0.026 0.056
0 0.874 0.222 0.014 0.04
0 0.91 0.215 0.018 0.04
0 0.908 0.246 0.017 0.035
0 0.896 0.267 0.017 0.045
0 0.882 0.279 0.018 0.046
0 0.874 0.32 0.023 0.052
0 0.934 0.313 0.018 0.054
0 0.936 0.253 0.014 0.038
0 0.96 0.235 0.017 0.038
0 0.988 0.249 0.014 0.04
0 0.978 0.293 0.016 0.049
0 0.982 0.286 0.013 0.041
0 0.981 0.347 0.019 0.054
0 0.958 0.365 0.024 0.059
0 0.956 0.424 0.023 0.075
0 0.894 0.378 0.024 0.073
0 0.87 0.486 0.031 0.079
0 0.799 0.44 0.03 0.084
0 0.727 0.389 0.03 0.068
