0 0.352 0.221 0.016 0.04
0 0.411 0.26 0.021 0.038
0 0.429 0.234 0.016 0.03
0 0.449 0.231 0.018 0.04
0 0.513 0.231 0.02 0.038
0 0.524 0.205 0.015 0.032
0 0.547 0.206 0.015 0.035
0 0.604 0.163 0.016 0.038
0 0.635 0.153 0.012 0.027
0 0.649 0.269 0.022 0.04
0 0.676 0.204 0.019 0.043
0 0.717 0.203 0.022 0.035
0 0.733 0.309 0.029 0.055
0 0.855 0.349 0.025 0.055
0 0.883 0.294 0.018 0.051
0 0.847 0.242 0.016 0.036
0 0.858 0.213 0.016 0.038
0 0.905 0.237 0.014 0.033
0 0.928 0.261 0.017 0.038
0 0.959 0.255 0.02 0.032
