0 0.206 0.439 0.052 0.095
0 0.261 0.394 0.044 0.093
0 0.288 0.205 0.017 0.036
0 0.354 0.258 0.016 0.044
0 0.376 0.271 0.024 0.044
0 0.44 0.287 0.026 0.049
0 0.495 0.311 0.026 0.049
0 0.453 0.237 0.018 0.038
0 0.432 0.223 0.017 0.033
0 0.41 0.19 0.017 0.033
0 0.462 0.19 0.014 0.033
0 0.484 0.203 0.014 0.03
0 0.548 0.204 0.015 0.034
0 0.468 0.149 0.012 0.023
0 0.479 0.153 0.013 0.018
0 0.488 0.172 0.015 0.023
0 0.496 0.131 0.012 0.02
0 0.544 0.138 0.012 0.023
0 0.523 0.171 0.015 0.031
0 0.57 0.155 0.015 0.028
0 0.591 0.158 0.014 0.031
0 0.588 0.109 0.012 0.021
0 0.713 0.101 0.013 0.028
0 0.616 0.253 0.022 0.038
0 0.688 0.253 0.025 0.038
0 0.736 0.283 0.019 0.048
0 0.779 0.298 0.028 0.049
0 0.702 0.16 0.015 0.034
0 0.729 0.137 0.014 0.028
0 0.754 0.161 0.013 0.03
0 0.762 0.144 0.014 0.03
0 0.774 0.175 0.018 0.036
0 0.82 0.188 0.016 0.038
0 0.774 0.102 0.014 0.031
0 0.837 0.127 0.015 0.028
0 0.866 0.176 0.014 0.028
0 0.896 0.231 0.014 0.046
