0 0.181 0.487 0.042 0.088
0 0.368 0.196 0.021 0.036
0 0.396 0.268 0.02 0.036
0 0.411 0.216 0.019 0.033
0 0.42 0.161 0.017 0.033
0 0.467 0.218 0.022 0.043
0 0.489 0.322 0.033 0.062
0 0.552 0.326 0.031 0.062
0 0.518 0.121 0.016 0.028
0 0.544 0.12 0.015 0.036
0 0.576 0.123 0.019 0.033
0 0.568 0.181 0.018 0.034
0 0.623 0.272 0.027 0.05
0 0.631 0.15 0.018 0.031
0 0.606 0.109 0.014 0.026
0 0.668 0.222 0.023 0.043
0 0.684 0.304 0.034 0.071
0 0.74 0.265 0.028 0.06
0 0.755 0.319 0.038 0.079
0 0.793 0.279 0.029 0.059
0 0.779 0.211 0.023 0.043
0 0.844 0.303 0.028 0.071
0 0.887 0.223 0.02 0.04
0 0.921 0.284 0.023 0.06
0 0.944 0.154 0.013 0.036
0 0.913 0.087 0.014 0.029
0 0.916 0.146 0.015 0.029
0 0.874 0.125 0.013 0.033
0 0.851 0.125 0.012 0.026
0 0.764 0.045 0.014 0.031
