0 0.076 0.653 0.054 0.127
0 0.217 0.288 0.021 0.048
0 0.227 0.317 0.024 0.053
0 0.274 0.263 0.019 0.045
0 0.291 0.267 0.018 0.053
0 0.31 0.225 0.017 0.041
0 0.328 0.251 0.02 0.05
0 0.348 0.235 0.019 0.046
0 0.363 0.219 0.018 0.043
0 0.389 0.209 0.015 0.036
0 0.37 0.283 0.019 0.05
0 0.394 0.274 0.018 0.048
0 0.43 0.212 0.015 0.043
0 0.436 0.187 0.018 0.043
0 0.436 0.328 0.022 0.057
0 0.47 0.266 0.021 0.052
0 0.454 0.186 0.015 0.03
0 0.466 0.189 0.013 0.039
0 0.486 0.173 0.015 0.036
0 0.479 0.196 0.018 0.046
0 0.495 0.227 0.015 0.045
0 0.518 0.189 0.017 0.046
0 0.526 0.177 0.015 0.037
0 0.555 0.152 0.012 0.037
0 0.558 0.171 0.016 0.036
0 0.574 0.157 0.015 0.039
0 0.553 0.25 0.019 0.043
0 0.583 0.191 0.015 0.039
0 0.601 0.137 0.015 0.036
0 0.609 0.171 0.015 0.036
0 0.612 0.196 0.017 0.046
0 0.621 0.217 0.017 0.046
0 0.631 0.149 0.013 0.037
0 0.668 0.148 0.013 0.036
0 0.657 0.167 0.015 0.037
0 0.659 0.204 0.013 0.041
0 0.663 0.247 0.019 0.055
0 0.694 0.157 0.012 0.036
0 0.688 0.172 0.015 0.045
0 0.714 0.172 0.015 0.045
0 0.699 0.237 0.016 0.053
0 0.616 0.322 0.024 0.062
0 0.578 0.366 0.028 0.055
0 0.607 0.398 0.023 0.059
0 0.662 0.433 0.023 0.064
0 0.724 0.427 0.027 0.066
0 0.725 0.283 0.019 0.053
0 0.745 0.253 0.017 0.043
0 0.752 0.216 0.016 0.039
0 0.775 0.205 0.015 0.043
0 0.783 0.229 0.017 0.045
0 0.811 0.214 0.015 0.039
0 0.824 0.25 0.019 0.037
0 0.804 0.271 0.019 0.046
0 0.819 0.326 0.019 0.057
0 0.753 0.323 0.022 0.057
0 0.801 0.473 0.032 0.084
0 0.868 0.52 0.028 0.093
0 0.886 0.436 0.02 0.077
0 0.87 0.376 0.021 0.064
0 0.866 0.34 0.015 0.05
0 0.888 0.323 0.019 0.046
0 0.875 0.261 0.015 0.037
0 0.846 0.235 0.015 0.039
0 0.875 0.237 0.018 0.046
0 0.902 0.245 0.015 0.045
0 0.906 0.284 0.014 0.045
0 0.955 0.274 0.015 0.041
0 0.985 0.293 0.014 0.045
0 0.981 0.333 0.014 0.032
0 0.977 0.357 0.019 0.043
0 0.979 0.398 0.015 0.055
0 0.933 0.296 0.015 0.046
0 0.929 0.357 0.016 0.055
0 0.95 0.415 0.019 0.071
0 0.962 0.483 0.023 0.082
