0 0.143 0.52 0.045 0.077
0 0.237 0.332 0.019 0.034
0 0.271 0.342 0.024 0.042
0 0.292 0.372 0.024 0.039
0 0.295 0.301 0.021 0.031
0 0.349 0.358 0.024 0.042
0 0.366 0.325 0.02 0.034
0 0.364 0.296 0.021 0.027
0 0.403 0.26 0.019 0.03
0 0.421 0.33 0.023 0.041
0 0.417 0.297 0.019 0.034
0 0.458 0.335 0.025 0.039
0 0.493 0.399 0.034 0.061
0 0.446 0.326 0.018 0.035
0 0.438 0.256 0.018 0.028
0 0.457 0.256 0.016 0.035
0 0.477 0.238 0.014 0.028
0 0.487 0.296 0.02 0.038
0 0.523 0.261 0.013 0.028
0 0.54 0.275 0.019 0.037
0 0.56 0.249 0.018 0.037
0 0.573 0.227 0.019 0.031
0 0.588 0.215 0.015 0.028
0 0.588 0.241 0.014 0.031
0 0.599 0.256 0.014 0.031
0 0.571 0.277 0.019 0.035
0 0.521 0.318 0.019 0.044
0 0.553 0.354 0.024 0.051
0 0.618 0.377 0.027 0.052
0 0.524 0.477 0.033 0.052
0 0.612 0.447 0.032 0.072
0 0.651 0.461 0.036 0.072
0 0.671 0.371 0.028 0.061
0 0.709 0.358 0.028 0.048
0 0.62 0.321 0.031 0.051
0 0.651 0.297 0.023 0.042
0 0.619 0.243 0.016 0.035
0 0.62 0.219 0.013 0.021
0 0.625 0.202 0.012 0.024
0 0.644 0.211 0.012 0.024
0 0.647 0.242 0.016 0.027
0 0.658 0.221 0.013 0.028
0 0.689 0.279 0.019 0.045
0 0.7 0.314 0.017 0.037
0 0.725 0.296 0.024 0.038
0 0.726 0.249 0.017 0.032
0 0.692 0.227 0.012 0.027
0 0.69 0.205 0.011 0.024
0 0.706 0.227 0.013 0.03
0 0.75 0.248 0.017 0.037
0 0.757 0.236 0.014 0.027
0 0.766 0.234 0.011 0.025
0 0.803 0.235 0.017 0.027
0 0.793 0.26 0.015 0.027
0 0.806 0.28 0.015 0.035
0 0.833 0.244 0.015 0.031
0 0.845 0.266 0.019 0.037
0 0.831 0.292 0.016 0.035
0 0.836 0.356 0.025 0.046
0 0.811 0.428 0.029 0.056
0 0.742 0.399 0.033 0.055
0 0.722 0.54 0.038 0.077
0 0.842 0.506 0.041 0.073
0 0.865 0.45 0.031 0.069
0 0.882 0.394 0.026 0.058
0 0.895 0.335 0.02 0.045
0 0.868 0.314 0.021 0.042
0 0.869 0.271 0.017 0.035
0 0.868 0.253 0.019 0.03
0 0.88 0.263 0.016 0.031
0 0.905 0.255 0.019 0.034
0 0.922 0.28 0.02 0.044
0 0.909 0.313 0.015 0.035
0 0.95 0.464 0.03 0.055
0 0.933 0.439 0.02 0.032
0 0.952 0.355 0.019 0.042
0 0.945 0.313 0.019 0.045
0 0.96 0.302 0.015 0.041
0 0.962 0.271 0.018 0.03
