0 0.135 0.539 0.041 0.073
0 0.227 0.349 0.02 0.031
0 0.261 0.372 0.017 0.04
0 0.297 0.371 0.019 0.044
0 0.29 0.323 0.021 0.037
0 0.357 0.308 0.018 0.03
0 0.343 0.371 0.03 0.037
0 0.383 0.343 0.015 0.034
0 0.408 0.351 0.021 0.036
0 0.41 0.31 0.018 0.021
0 0.389 0.288 0.017 0.027
0 0.408 0.289 0.014 0.017
0 0.429 0.265 0.016 0.023
0 0.447 0.27 0.014 0.023
0 0.453 0.348 0.02 0.034
0 0.471 0.416 0.03 0.049
0 0.524 0.457 0.034 0.044
0 0.592 0.461 0.029 0.063
0 0.641 0.489 0.036 0.06
0 0.706 0.557 0.033 0.069
0 0.83 0.525 0.031 0.069
0 0.85 0.474 0.035 0.059
0 0.915 0.495 0.025 0.066
0 0.861 0.38 0.023 0.044
0 0.813 0.37 0.02 0.041
0 0.776 0.444 0.031 0.056
0 0.72 0.415 0.029 0.054
0 0.661 0.377 0.021 0.05
0 0.598 0.404 0.033 0.041
0 0.537 0.357 0.024 0.039
0 0.512 0.325 0.017 0.031
0 0.471 0.321 0.024 0.027
0 0.577 0.29 0.016 0.031
0 0.601 0.34 0.022 0.039
0 0.642 0.367 0.016 0.036
0 0.525 0.284 0.016 0.027
0 0.509 0.274 0.014 0.027
0 0.532 0.254 0.011 0.027
0 0.551 0.253 0.013 0.029
0 0.564 0.233 0.012 0.014
0 0.58 0.22 0.014 0.031
0 0.47 0.242 0.012 0.017
0 0.586 0.263 0.013 0.024
0 0.604 0.255 0.014 0.03
0 0.613 0.209 0.012 0.023
0 0.628 0.219 0.012 0.026
0 0.642 0.227 0.012 0.023
0 0.701 0.228 0.014 0.024
0 0.643 0.256 0.016 0.026
0 0.672 0.285 0.013 0.026
0 0.68 0.231 0.011 0.021
0 0.663 0.222 0.01 0.02
0 0.642 0.31 0.019 0.037
0 0.685 0.32 0.019 0.037
0 0.715 0.308 0.013 0.037
0 0.706 0.264 0.012 0.03
0 0.735 0.254 0.01 0.021
0 0.745 0.264 0.008 0.033
0 0.764 0.233 0.017 0.026
0 0.762 0.265 0.011 0.029
0 0.777 0.288 0.011 0.037
0 0.786 0.247 0.014 0.029
0 0.805 0.25 0.019 0.027
0 0.824 0.28 0.01 0.031
0 0.846 0.26 0.015 0.03
0 0.857 0.285 0.011 0.037
0 0.869 0.28 0.007 0.039
0 0.879 0.265 0.011 0.031
0 0.897 0.283 0.014 0.031
0 0.938 0.277 0.01 0.033
0 0.932 0.316 0.013 0.026
0 0.808 0.3 0.015 0.03
0 0.841 0.317 0.017 0.036
0 0.869 0.34 0.017 0.031
0 0.908 0.335 0.016 0.03
0 0.936 0.363 0.017 0.04
0 0.69 0.376 0.021 0.044
0 0.824 0.335 0.017 0.023
