0 0.241 0.432 0.048 0.107
0 0.275 0.267 0.02 0.033
0 0.298 0.275 0.014 0.036
0 0.299 0.245 0.017 0.018
0 0.341 0.291 0.023 0.041
0 0.378 0.295 0.018 0.036
0 0.38 0.255 0.022 0.021
0 0.352 0.248 0.02 0.026
0 0.446 0.227 0.015 0.031
0 0.387 0.187 0.013 0.023
0 0.406 0.195 0.016 0.023
0 0.421 0.183 0.015 0.028
0 0.454 0.19 0.01 0.03
0 0.472 0.189 0.018 0.034
0 0.467 0.24 0.019 0.041
0 0.505 0.302 0.024 0.056
0 0.537 0.326 0.022 0.056
0 0.602 0.348 0.023 0.054
0 0.694 0.325 0.025 0.057
0 0.755 0.338 0.029 0.066
0 0.815 0.407 0.032 0.072
0 0.884 0.378 0.033 0.067
0 0.908 0.318 0.028 0.056
0 0.834 0.315 0.025 0.052
0 0.783 0.275 0.019 0.044
0 0.733 0.254 0.025 0.052
0 0.614 0.266 0.018 0.046
0 0.591 0.245 0.019 0.044
0 0.52 0.211 0.016 0.038
0 0.497 0.205 0.021 0.036
0 0.48 0.158 0.019 0.034
0 0.625 0.211 0.018 0.038
0 0.66 0.216 0.018 0.034
0 0.711 0.241 0.017 0.039
0 0.668 0.175 0.015 0.033
0 0.703 0.189 0.014 0.039
0 0.73 0.207 0.02 0.038
0 0.772 0.222 0.016 0.044
0 0.808 0.244 0.018 0.043
0 0.866 0.264 0.022 0.052
0 0.923 0.267 0.02 0.049
0 0.514 0.127 0.012 0.021
0 0.526 0.166 0.016 0.028
0 0.55 0.186 0.013 0.038
0 0.538 0.133 0.016 0.03
0 0.563 0.126 0.013 0.03
0 0.579 0.168 0.016 0.034
0 0.591 0.139 0.015 0.026
0 0.614 0.152 0.017 0.031
0 0.598 0.109 0.015 0.031
0 0.622 0.105 0.01 0.023
0 0.645 0.137 0.014 0.034
0 0.671 0.109 0.01 0.025
0 0.704 0.107 0.013 0.028
0 0.733 0.139 0.016 0.038
0 0.761 0.152 0.013 0.03
0 0.77 0.132 0.011 0.031
0 0.783 0.179 0.017 0.039
0 0.814 0.155 0.015 0.028
0 0.837 0.122 0.015 0.025
0 0.83 0.148 0.017 0.023
0 0.825 0.202 0.018 0.043
0 0.857 0.166 0.012 0.034
0 0.871 0.134 0.013 0.03
0 0.874 0.216 0.017 0.041
0 0.926 0.221 0.013 0.039
0 0.894 0.178 0.015 0.038
0 0.931 0.163 0.015 0.028
0 0.901 0.153 0.016 0.031
0 0.72 0.174 0.013 0.033
0 0.693 0.173 0.013 0.034
