0 0.025 0.399 0.024 0.052
0 0.236 0.336 0.018 0.033
0 0.266 0.342 0.021 0.039
0 0.292 0.365 0.021 0.04
0 0.291 0.301 0.017 0.037
0 0.345 0.36 0.02 0.037
0 0.363 0.287 0.016 0.033
0 0.377 0.32 0.015 0.042
0 0.393 0.336 0.015 0.03
0 0.419 0.335 0.021 0.037
0 0.414 0.295 0.018 0.035
0 0.408 0.274 0.015 0.027
0 0.394 0.255 0.015 0.026
0 0.431 0.258 0.013 0.026
0 0.436 0.277 0.015 0.027
0 0.449 0.301 0.018 0.033
0 0.46 0.334 0.02 0.04
0 0.481 0.301 0.018 0.026
0 0.466 0.242 0.011 0.027
0 0.478 0.233 0.013 0.026
0 0.501 0.261 0.015 0.033
0 0.529 0.245 0.015 0.02
0 0.525 0.27 0.015 0.03
0 0.565 0.28 0.013 0.027
0 0.543 0.26 0.014 0.027
0 0.527 0.306 0.017 0.035
0 0.521 0.235 0.013 0.019
0 0.561 0.224 0.013 0.024
0 0.584 0.217 0.013 0.02
0 0.57 0.255 0.016 0.026
0 0.581 0.24 0.014 0.026
0 0.509 0.391 0.031 0.058
0 0.55 0.36 0.024 0.047
0 0.554 0.402 0.027 0.056
0 0.607 0.322 0.023 0.04
0 0.614 0.218 0.013 0.024
0 0.623 0.201 0.012 0.027
0 0.622 0.246 0.016 0.032
0 0.637 0.212 0.01 0.024
0 0.635 0.233 0.013 0.029
0 0.649 0.224 0.013 0.029
0 0.666 0.216 0.011 0.026
0 0.68 0.221 0.011 0.027
0 0.657 0.242 0.017 0.027
0 0.687 0.265 0.018 0.036
0 0.698 0.226 0.012 0.032
0 0.643 0.296 0.02 0.042
0 0.66 0.329 0.019 0.04
0 0.673 0.364 0.025 0.049
0 0.624 0.371 0.028 0.05
0 0.623 0.425 0.029 0.059
0 0.681 0.446 0.034 0.066
0 0.7 0.35 0.026 0.052
0 0.713 0.257 0.015 0.033
0 0.731 0.284 0.017 0.039
0 0.746 0.247 0.013 0.029
0 0.754 0.218 0.013 0.03
0 0.759 0.264 0.013 0.027
0 0.776 0.251 0.014 0.03
0 0.777 0.276 0.015 0.035
0 0.796 0.226 0.013 0.035
0 0.787 0.26 0.014 0.039
0 0.823 0.244 0.015 0.036
0 0.855 0.254 0.012 0.03
0 0.873 0.262 0.012 0.032
0 0.887 0.245 0.012 0.032
0 0.914 0.272 0.014 0.032
0 0.951 0.277 0.012 0.024
0 0.949 0.304 0.014 0.03
0 0.938 0.314 0.016 0.03
0 0.942 0.347 0.018 0.042
0 0.892 0.309 0.015 0.036
0 0.868 0.282 0.013 0.032
0 0.856 0.306 0.022 0.037
0 0.829 0.302 0.015 0.035
0 0.822 0.338 0.017 0.035
0 0.827 0.358 0.023 0.049
0 0.886 0.337 0.017 0.043
0 0.931 0.391 0.022 0.05
0 0.874 0.412 0.023 0.043
0 0.921 0.463 0.03 0.062
0 0.858 0.442 0.031 0.063
0 0.843 0.494 0.032 0.069
0 0.748 0.394 0.028 0.049
0 0.798 0.399 0.028 0.059
0 0.726 0.502 0.041 0.081
