0 0.238 0.367 0.043 0.096
0 0.196 0.445 0.045 0.102
0 0.268 0.231 0.019 0.044
0 0.334 0.28 0.022 0.04
0 0.426 0.285 0.022 0.056
0 0.479 0.324 0.023 0.054
0 0.386 0.188 0.018 0.033
0 0.422 0.215 0.018 0.035
0 0.45 0.225 0.02 0.031
0 0.448 0.19 0.014 0.038
0 0.472 0.203 0.017 0.033
0 0.455 0.153 0.009 0.026
0 0.47 0.153 0.012 0.026
0 0.508 0.175 0.014 0.036
0 0.523 0.207 0.015 0.035
0 0.53 0.14 0.015 0.036
0 0.558 0.151 0.012 0.031
0 0.58 0.161 0.012 0.031
0 0.575 0.109 0.01 0.026
0 0.639 0.097 0.014 0.04
0 0.686 0.098 0.012 0.031
0 0.72 0.078 0.012 0.025
0 0.609 0.242 0.024 0.043
0 0.655 0.249 0.021 0.049
0 0.719 0.281 0.023 0.051
0 0.772 0.307 0.022 0.051
0 0.875 0.226 0.016 0.04
0 0.851 0.198 0.017 0.046
0 0.8 0.184 0.013 0.031
0 0.684 0.156 0.017 0.038
0 0.713 0.148 0.016 0.036
0 0.73 0.163 0.012 0.03
0 0.749 0.145 0.015 0.04
0 0.758 0.172 0.017 0.031
0 0.752 0.11 0.01 0.035
0 0.813 0.129 0.009 0.031
0 0.485 0.134 0.011 0.021
0 0.481 0.166 0.015 0.028
