0 0.198 0.408 0.042 0.081
0 0.262 0.272 0.014 0.036
0 0.296 0.245 0.014 0.026
0 0.301 0.259 0.014 0.026
0 0.325 0.25 0.014 0.029
0 0.325 0.213 0.014 0.027
0 0.343 0.21 0.013 0.026
0 0.356 0.25 0.016 0.036
0 0.384 0.265 0.019 0.041
0 0.417 0.277 0.02 0.045
0 0.384 0.204 0.014 0.036
0 0.408 0.178 0.013 0.026
0 0.419 0.185 0.014 0.033
0 0.438 0.163 0.014 0.034
0 0.46 0.16 0.014 0.031
0 0.466 0.149 0.011 0.022
0 0.479 0.141 0.014 0.027
0 0.482 0.217 0.016 0.036
0 0.43 0.245 0.02 0.033
0 0.499 0.191 0.018 0.034
0 0.508 0.125 0.012 0.026
0 0.523 0.133 0.014 0.022
0 0.528 0.209 0.018 0.036
0 0.559 0.141 0.011 0.031
0 0.579 0.132 0.014 0.021
0 0.588 0.139 0.013 0.021
0 0.6 0.105 0.014 0.021
0 0.624 0.112 0.013 0.021
0 0.628 0.136 0.014 0.031
0 0.614 0.153 0.017 0.031
0 0.646 0.117 0.014 0.024
0 0.666 0.123 0.013 0.022
0 0.655 0.162 0.018 0.034
0 0.619 0.199 0.017 0.041
0 0.572 0.173 0.014 0.036
0 0.538 0.18 0.019 0.031
0 0.502 0.293 0.022 0.057
0 0.552 0.314 0.027 0.048
0 0.573 0.238 0.021 0.043
0 0.609 0.256 0.022 0.048
0 0.657 0.204 0.019 0.04
0 0.668 0.248 0.018 0.046
0 0.682 0.305 0.025 0.07
0 0.705 0.221 0.015 0.04
0 0.723 0.255 0.02 0.05
0 0.743 0.334 0.032 0.064
0 0.778 0.289 0.022 0.052
0 0.748 0.242 0.017 0.038
0 0.747 0.203 0.018 0.038
0 0.718 0.195 0.018 0.036
0 0.697 0.154 0.015 0.036
0 0.731 0.152 0.014 0.036
0 0.749 0.153 0.016 0.034
0 0.773 0.127 0.013 0.031
0 0.767 0.174 0.011 0.033
0 0.802 0.131 0.014 0.034
0 0.794 0.186 0.016 0.04
0 0.812 0.171 0.015 0.036
0 0.799 0.158 0.014 0.034
0 0.84 0.139 0.013 0.034
0 0.875 0.143 0.014 0.036
0 0.847 0.184 0.015 0.038
0 0.841 0.221 0.019 0.043
0 0.822 0.235 0.019 0.048
0 0.895 0.198 0.017 0.04
0 0.882 0.246 0.019 0.062
0 0.918 0.273 0.019 0.048
