0 0.269 0.255 0.016 0.035
0 0.279 0.248 0.016 0.035
0 0.291 0.268 0.022 0.045
0 0.338 0.269 0.022 0.047
0 0.378 0.234 0.028 0.057
0 0.393 0.213 0.02 0.038
0 0.379 0.179 0.015 0.033
0 0.403 0.188 0.016 0.035
0 0.428 0.176 0.017 0.037
0 0.415 0.164 0.015 0.033
0 0.443 0.228 0.023 0.042
0 0.471 0.221 0.025 0.047
0 0.453 0.179 0.016 0.037
0 0.469 0.173 0.017 0.038
0 0.482 0.179 0.018 0.043
0 0.5 0.19 0.018 0.042
0 0.531 0.191 0.021 0.042
0 0.546 0.176 0.018 0.038
0 0.571 0.174 0.018 0.033
0 0.529 0.131 0.014 0.028
0 0.516 0.151 0.018 0.032
0 0.503 0.125 0.015 0.028
0 0.482 0.346 0.034 0.054
0 0.558 0.117 0.015 0.03
0 0.568 0.13 0.013 0.033
0 0.585 0.133 0.018 0.035
0 0.598 0.096 0.011 0.022
0 0.615 0.141 0.018 0.032
0 0.621 0.101 0.012 0.025
0 0.634 0.103 0.012 0.025
0 0.647 0.129 0.015 0.03
0 0.67 0.1 0.013 0.03
0 0.7 0.096 0.018 0.035
0 0.584 0.238 0.028 0.052
0 0.569 0.296 0.03 0.06
0 0.613 0.335 0.035 0.065
0 0.629 0.24 0.025 0.048
0 0.619 0.199 0.02 0.047
0 0.658 0.217 0.023 0.048
0 0.654 0.171 0.021 0.048
0 0.678 0.157 0.018 0.043
0 0.704 0.173 0.022 0.045
0 0.732 0.2 0.021 0.042
0 0.756 0.134 0.014 0.037
0 0.749 0.116 0.013 0.028
0 0.772 0.13 0.016 0.035
0 0.783 0.151 0.018 0.042
0 0.755 0.217 0.023 0.045
0 0.717 0.251 0.026 0.064
0 0.685 0.302 0.04 0.072
0 0.746 0.317 0.04 0.089
0 0.768 0.273 0.032 0.07
0 0.791 0.207 0.025 0.052
0 0.813 0.236 0.026 0.06
0 0.835 0.208 0.022 0.048
0 0.808 0.143 0.014 0.035
0 0.832 0.141 0.017 0.032
0 0.836 0.12 0.011 0.03
0 0.853 0.164 0.016 0.04
0 0.859 0.148 0.012 0.028
0 0.87 0.121 0.014 0.035
0 0.912 0.136 0.015 0.032
0 0.93 0.147 0.011 0.027
0 0.897 0.164 0.019 0.033
0 0.887 0.2 0.017 0.038
0 0.865 0.248 0.022 0.055
0 0.838 0.304 0.023 0.07
0 0.812 0.373 0.04 0.08
0 0.899 0.379 0.036 0.085
0 0.919 0.257 0.025 0.055
0 0.923 0.225 0.019 0.042
0 0.934 0.202 0.02 0.037
0 0.901 0.346 0.028 0.047
