0 0.061 0.281 0.027 0.055
0 0.286 0.21 0.018 0.03
0 0.313 0.214 0.014 0.03
0 0.321 0.222 0.016 0.034
0 0.347 0.216 0.017 0.042
0 0.38 0.228 0.019 0.044
0 0.407 0.234 0.019 0.044
0 0.424 0.245 0.019 0.04
0 0.448 0.218 0.019 0.042
0 0.435 0.196 0.017 0.04
0 0.415 0.181 0.015 0.032
0 0.374 0.203 0.013 0.027
0 0.366 0.182 0.014 0.03
0 0.345 0.172 0.016 0.03
0 0.377 0.17 0.013 0.023
0 0.432 0.142 0.011 0.03
0 0.438 0.162 0.015 0.032
0 0.454 0.18 0.013 0.034
0 0.414 0.159 0.014 0.023
0 0.476 0.191 0.02 0.03
0 0.491 0.157 0.014 0.034
0 0.484 0.142 0.013 0.023
0 0.498 0.117 0.013 0.023
0 0.513 0.18 0.017 0.03
0 0.508 0.144 0.015 0.03
0 0.526 0.121 0.015 0.023
0 0.534 0.148 0.014 0.034
0 0.549 0.156 0.015 0.032
0 0.558 0.18 0.018 0.038
0 0.553 0.119 0.013 0.027
0 0.576 0.142 0.011 0.03
0 0.599 0.153 0.018 0.034
0 0.596 0.108 0.013 0.03
0 0.615 0.126 0.009 0.025
0 0.624 0.13 0.013 0.032
0 0.643 0.15 0.015 0.034
0 0.651 0.142 0.013 0.034
0 0.65 0.106 0.014 0.03
0 0.622 0.099 0.013 0.025
0 0.681 0.116 0.014 0.034
0 0.693 0.105 0.011 0.025
0 0.712 0.104 0.012 0.027
0 0.642 0.187 0.022 0.04
0 0.589 0.223 0.026 0.047
0 0.618 0.243 0.026 0.051
0 0.66 0.197 0.017 0.038
0 0.698 0.259 0.024 0.051
0 0.697 0.232 0.022 0.04
0 0.712 0.337 0.032 0.068
0 0.753 0.364 0.033 0.064
0 0.803 0.289 0.027 0.059
0 0.761 0.237 0.023 0.045
0 0.736 0.227 0.019 0.049
0 0.716 0.177 0.018 0.036
0 0.734 0.142 0.016 0.034
0 0.733 0.175 0.016 0.032
0 0.756 0.188 0.017 0.04
0 0.753 0.134 0.013 0.032
0 0.767 0.126 0.012 0.028
0 0.788 0.138 0.013 0.03
0 0.802 0.137 0.012 0.021
0 0.794 0.162 0.016 0.028
0 0.791 0.192 0.016 0.04
0 0.812 0.211 0.017 0.028
0 0.828 0.174 0.017 0.034
0 0.836 0.136 0.015 0.027
0 0.845 0.151 0.014 0.028
0 0.852 0.145 0.012 0.028
0 0.865 0.171 0.015 0.032
0 0.855 0.209 0.016 0.04
0 0.843 0.214 0.019 0.038
0 0.826 0.245 0.022 0.04
0 0.908 0.332 0.026 0.059
0 0.89 0.241 0.019 0.049
0 0.897 0.219 0.019 0.036
0 0.9 0.176 0.018 0.034
0 0.909 0.152 0.013 0.032
0 0.931 0.216 0.016 0.042
0 0.933 0.264 0.024 0.044
0 0.941 0.179 0.015 0.028
