0 0.198 0.401 0.052 0.091
0 0.275 0.264 0.018 0.034
0 0.296 0.273 0.018 0.036
0 0.295 0.242 0.02 0.036
0 0.346 0.272 0.02 0.037
0 0.37 0.279 0.024 0.042
0 0.366 0.199 0.017 0.031
0 0.389 0.224 0.02 0.042
0 0.402 0.175 0.019 0.029
0 0.426 0.183 0.017 0.037
0 0.44 0.228 0.017 0.044
0 0.469 0.233 0.024 0.044
0 0.451 0.188 0.017 0.036
0 0.465 0.139 0.011 0.021
0 0.471 0.156 0.013 0.029
0 0.478 0.193 0.017 0.036
0 0.488 0.196 0.018 0.036
0 0.518 0.196 0.02 0.042
0 0.511 0.155 0.014 0.031
0 0.505 0.132 0.01 0.021
0 0.538 0.137 0.015 0.024
0 0.552 0.128 0.011 0.026
0 0.558 0.141 0.015 0.029
0 0.577 0.142 0.015 0.024
0 0.582 0.126 0.012 0.028
0 0.591 0.106 0.013 0.021
0 0.611 0.11 0.013 0.028
0 0.588 0.176 0.016 0.031
0 0.608 0.148 0.016 0.029
0 0.636 0.14 0.016 0.031
0 0.638 0.11 0.012 0.024
0 0.665 0.11 0.015 0.028
0 0.686 0.117 0.015 0.029
0 0.496 0.297 0.026 0.055
0 0.535 0.323 0.03 0.055
0 0.561 0.267 0.025 0.05
0 0.603 0.22 0.02 0.041
0 0.617 0.249 0.024 0.047
0 0.584 0.323 0.031 0.058
0 0.653 0.209 0.022 0.041
0 0.648 0.176 0.017 0.041
0 0.676 0.161 0.015 0.032
0 0.698 0.188 0.02 0.037
0 0.721 0.174 0.018 0.032
0 0.721 0.202 0.016 0.041
0 0.721 0.25 0.026 0.055
0 0.701 0.237 0.021 0.049
0 0.689 0.322 0.033 0.063
0 0.734 0.368 0.034 0.08
0 0.788 0.389 0.033 0.076
0 0.888 0.429 0.042 0.083
0 0.825 0.3 0.028 0.057
0 0.759 0.276 0.027 0.058
0 0.749 0.213 0.023 0.044
0 0.77 0.2 0.02 0.044
0 0.745 0.142 0.017 0.034
0 0.733 0.125 0.017 0.032
0 0.757 0.134 0.013 0.034
0 0.775 0.142 0.016 0.034
0 0.801 0.148 0.018 0.032
0 0.82 0.141 0.015 0.032
0 0.835 0.128 0.014 0.032
0 0.846 0.15 0.015 0.031
0 0.84 0.168 0.013 0.037
0 0.82 0.203 0.018 0.049
0 0.799 0.257 0.023 0.054
0 0.852 0.255 0.025 0.052
0 0.895 0.308 0.035 0.068
0 0.906 0.263 0.022 0.045
0 0.918 0.222 0.018 0.047
0 0.918 0.162 0.011 0.029
0 0.872 0.2 0.019 0.034
0 0.878 0.17 0.019 0.039
0 0.861 0.132 0.013 0.028
