0 0.048 0.227 0.015 0.038
0 0.037 0.245 0.018 0.043
0 0.077 0.427 0.023 0.06
0 0.083 0.491 0.018 0.058
0 0.134 0.605 0.033 0.072
0 0.206 0.452 0.026 0.055
0 0.242 0.372 0.025 0.046
0 0.247 0.304 0.022 0.048
0 0.173 0.267 0.017 0.04
0 0.187 0.209 0.02 0.036
0 0.123 0.225 0.018 0.048
0 0.148 0.162 0.014 0.036
0 0.166 0.192 0.016 0.029
0 0.216 0.135 0.014 0.026
0 0.226 0.151 0.013 0.024
0 0.247 0.132 0.013 0.031
0 0.3 0.164 0.015 0.033
0 0.29 0.204 0.016 0.041
0 0.31 0.219 0.014 0.043
0 0.35 0.214 0.018 0.04
0 0.379 0.188 0.018 0.033
0 0.362 0.098 0.014 0.031
0 0.403 0.1 0.014 0.034
0 0.417 0.095 0.011 0.029
0 0.453 0.135 0.013 0.036
0 0.466 0.126 0.013 0.04
0 0.414 0.171 0.017 0.04
0 0.465 0.168 0.016 0.029
0 0.504 0.184 0.014 0.031
0 0.475 0.218 0.015 0.048
0 0.466 0.278 0.021 0.041
0 0.537 0.303 0.02 0.046
0 0.551 0.481 0.03 0.058
0 0.649 0.336 0.018 0.05
0 0.611 0.245 0.018 0.036
0 0.574 0.209 0.015 0.04
0 0.551 0.18 0.015 0.036
0 0.478 0.081 0.01 0.024
0 0.494 0.113 0.012 0.027
0 0.529 0.082 0.012 0.026
0 0.566 0.138 0.013 0.029
0 0.575 0.107 0.012 0.026
0 0.591 0.143 0.012 0.026
0 0.615 0.119 0.014 0.026
0 0.643 0.154 0.014 0.029
0 0.699 0.207 0.014 0.04
0 0.72 0.223 0.013 0.033
0 0.697 0.253 0.019 0.048
0 0.77 0.213 0.015 0.031
0 0.807 0.242 0.017 0.038
0 0.843 0.278 0.013 0.038
0 0.863 0.314 0.018 0.041
0 0.78 0.373 0.019 0.055
0 0.918 0.366 0.017 0.045
