0 0.122 0.536 0.045 0.086
0 0.219 0.339 0.016 0.034
0 0.249 0.36 0.021 0.046
0 0.275 0.379 0.023 0.049
0 0.275 0.317 0.018 0.033
0 0.332 0.357 0.024 0.044
0 0.35 0.334 0.016 0.036
0 0.348 0.298 0.017 0.034
0 0.406 0.334 0.021 0.044
0 0.387 0.26 0.018 0.036
0 0.409 0.271 0.015 0.03
0 0.426 0.26 0.014 0.025
0 0.442 0.267 0.015 0.037
0 0.445 0.341 0.022 0.052
0 0.403 0.302 0.021 0.03
0 0.467 0.317 0.02 0.037
0 0.465 0.267 0.016 0.028
0 0.468 0.239 0.017 0.034
0 0.509 0.263 0.015 0.025
0 0.503 0.334 0.023 0.044
0 0.527 0.276 0.016 0.037
0 0.549 0.255 0.015 0.037
0 0.534 0.254 0.015 0.037
0 0.556 0.28 0.021 0.037
0 0.522 0.248 0.015 0.031
0 0.562 0.22 0.014 0.03
0 0.574 0.218 0.016 0.031
0 0.608 0.209 0.014 0.03
0 0.611 0.223 0.011 0.03
0 0.632 0.217 0.014 0.027
0 0.645 0.223 0.014 0.03
0 0.64 0.25 0.015 0.027
0 0.607 0.251 0.015 0.027
0 0.583 0.26 0.015 0.033
0 0.576 0.243 0.013 0.031
0 0.609 0.328 0.022 0.055
0 0.682 0.209 0.015 0.03
0 0.694 0.22 0.015 0.034
0 0.684 0.234 0.015 0.031
0 0.679 0.274 0.017 0.037
0 0.64 0.301 0.021 0.04
0 0.687 0.313 0.02 0.046
0 0.712 0.303 0.02 0.043
0 0.716 0.249 0.015 0.034
0 0.748 0.252 0.015 0.04
0 0.755 0.237 0.017 0.034
0 0.794 0.234 0.015 0.031
0 0.788 0.26 0.015 0.027
0 0.797 0.263 0.015 0.041
0 0.785 0.286 0.019 0.037
0 0.826 0.298 0.018 0.04
0 0.824 0.247 0.016 0.033
0 0.835 0.275 0.016 0.038
0 0.86 0.258 0.011 0.031
0 0.87 0.265 0.012 0.033
0 0.876 0.276 0.016 0.037
0 0.896 0.257 0.013 0.04
0 0.914 0.3 0.013 0.03
0 0.958 0.284 0.016 0.03
0 0.951 0.308 0.012 0.031
0 0.948 0.344 0.021 0.04
0 0.906 0.323 0.016 0.034
0 0.859 0.329 0.015 0.04
0 0.886 0.339 0.018 0.044
0 0.95 0.408 0.021 0.047
0 0.925 0.454 0.025 0.059
0 0.867 0.412 0.021 0.055
0 0.826 0.362 0.021 0.053
0 0.833 0.334 0.016 0.043
0 0.854 0.476 0.024 0.061
0 0.779 0.437 0.03 0.064
0 0.731 0.403 0.026 0.052
0 0.702 0.365 0.022 0.052
0 0.655 0.346 0.021 0.047
0 0.666 0.364 0.026 0.05
0 0.618 0.376 0.028 0.055
0 0.541 0.36 0.023 0.055
0 0.479 0.411 0.026 0.064
0 0.521 0.448 0.034 0.062
0 0.592 0.458 0.03 0.067
0 0.641 0.473 0.038 0.067
0 0.711 0.55 0.037 0.086
0 0.821 0.595 0.036 0.077
