0 0.053 0.369 0.031 0.064
0 0.259 0.29 0.022 0.041
0 0.285 0.259 0.022 0.04
0 0.305 0.236 0.019 0.036
0 0.319 0.252 0.023 0.04
0 0.351 0.272 0.024 0.046
0 0.384 0.303 0.027 0.058
0 0.374 0.215 0.017 0.038
0 0.392 0.216 0.018 0.04
0 0.42 0.229 0.022 0.043
0 0.423 0.191 0.018 0.031
0 0.41 0.174 0.015 0.028
0 0.451 0.193 0.017 0.036
0 0.448 0.227 0.02 0.035
0 0.488 0.224 0.022 0.043
0 0.495 0.196 0.017 0.036
0 0.479 0.172 0.014 0.028
0 0.484 0.16 0.016 0.033
0 0.471 0.156 0.013 0.025
0 0.457 0.152 0.013 0.026
0 0.46 0.177 0.014 0.026
0 0.475 0.196 0.019 0.028
0 0.526 0.21 0.02 0.041
0 0.509 0.175 0.015 0.033
0 0.491 0.131 0.009 0.021
0 0.526 0.144 0.013 0.031
0 0.536 0.132 0.013 0.026
0 0.551 0.15 0.017 0.04
0 0.5 0.282 0.026 0.053
0 0.566 0.29 0.027 0.061
0 0.567 0.245 0.023 0.048
0 0.58 0.17 0.014 0.043
0 0.569 0.114 0.014 0.026
0 0.591 0.126 0.015 0.035
0 0.623 0.144 0.019 0.033
0 0.606 0.099 0.015 0.03
0 0.625 0.116 0.011 0.021
0 0.621 0.1 0.01 0.021
0 0.646 0.125 0.017 0.031
0 0.656 0.104 0.012 0.026
0 0.687 0.119 0.016 0.033
0 0.691 0.106 0.013 0.028
0 0.694 0.153 0.019 0.043
0 0.656 0.172 0.019 0.043
0 0.626 0.198 0.022 0.05
0 0.621 0.257 0.026 0.056
0 0.605 0.341 0.029 0.068
0 0.67 0.349 0.034 0.071
0 0.725 0.295 0.028 0.059
0 0.667 0.261 0.026 0.05
0 0.667 0.21 0.021 0.041
0 0.7 0.217 0.023 0.048
0 0.707 0.176 0.019 0.035
0 0.716 0.142 0.017 0.036
0 0.738 0.125 0.014 0.04
0 0.785 0.294 0.027 0.063
0 0.764 0.217 0.025 0.054
0 0.747 0.18 0.022 0.046
0 0.765 0.159 0.017 0.031
0 0.753 0.137 0.016 0.033
0 0.773 0.125 0.014 0.033
0 0.789 0.126 0.015 0.038
0 0.808 0.133 0.018 0.031
0 0.819 0.127 0.013 0.026
0 0.815 0.174 0.019 0.038
0 0.829 0.176 0.018 0.035
0 0.853 0.188 0.021 0.043
0 0.845 0.14 0.012 0.033
0 0.858 0.149 0.018 0.038
0 0.877 0.126 0.014 0.038
0 0.878 0.207 0.016 0.048
0 0.894 0.191 0.018 0.045
0 0.902 0.136 0.019 0.038
0 0.934 0.163 0.016 0.038
0 0.932 0.198 0.023 0.046
0 0.929 0.279 0.025 0.063
0 0.826 0.228 0.023 0.043
