0 0.074 0.41 0.042 0.084
0 0.33 0.258 0.019 0.037
0 0.314 0.234 0.016 0.025
0 0.331 0.228 0.015 0.027
0 0.353 0.231 0.018 0.04
0 0.367 0.244 0.018 0.045
0 0.387 0.262 0.023 0.052
0 0.366 0.196 0.017 0.034
0 0.399 0.221 0.02 0.04
0 0.387 0.193 0.018 0.039
0 0.409 0.19 0.018 0.039
0 0.452 0.189 0.018 0.037
0 0.471 0.233 0.019 0.04
0 0.458 0.23 0.017 0.035
0 0.473 0.206 0.015 0.027
0 0.476 0.178 0.013 0.034
0 0.491 0.2 0.02 0.042
0 0.532 0.206 0.02 0.044
0 0.523 0.172 0.02 0.045
0 0.544 0.156 0.015 0.04
0 0.561 0.064 0.016 0.028
0 0.582 0.064 0.014 0.027
0 0.623 0.067 0.015 0.03
0 0.666 0.049 0.016 0.027
0 0.697 0.054 0.015 0.037
0 0.728 0.066 0.014 0.032
0 0.621 0.15 0.021 0.035
0 0.617 0.124 0.016 0.023
0 0.581 0.144 0.012 0.027
0 0.565 0.123 0.015 0.032
0 0.573 0.171 0.018 0.034
0 0.596 0.134 0.012 0.027
0 0.501 0.332 0.026 0.059
0 0.566 0.308 0.029 0.064
0 0.607 0.329 0.034 0.069
0 0.614 0.24 0.028 0.059
0 0.634 0.206 0.02 0.044
0 0.654 0.2 0.022 0.052
0 0.673 0.21 0.023 0.052
0 0.678 0.257 0.024 0.052
0 0.716 0.221 0.027 0.054
0 0.705 0.188 0.018 0.032
0 0.704 0.145 0.021 0.042
0 0.717 0.148 0.018 0.035
0 0.761 0.134 0.018 0.04
0 0.77 0.162 0.018 0.037
0 0.74 0.2 0.023 0.052
0 0.723 0.28 0.027 0.064
0 0.77 0.227 0.028 0.059
0 0.784 0.299 0.028 0.059
0 0.789 0.141 0.019 0.04
0 0.807 0.157 0.02 0.044
0 0.847 0.178 0.023 0.047
0 0.861 0.162 0.02 0.039
0 0.89 0.197 0.02 0.045
0 0.897 0.164 0.023 0.044
0 0.869 0.254 0.026 0.055
0 0.844 0.323 0.036 0.074
0 0.916 0.253 0.025 0.057
0 0.975 0.341 0.04 0.085
