0 0.04 0.404 0.037 0.075
0 0.262 0.29 0.022 0.038
0 0.283 0.28 0.02 0.045
0 0.303 0.263 0.017 0.045
0 0.326 0.268 0.021 0.042
0 0.345 0.287 0.022 0.038
0 0.398 0.31 0.025 0.051
0 0.327 0.226 0.017 0.037
0 0.346 0.22 0.016 0.042
0 0.354 0.246 0.02 0.04
0 0.374 0.233 0.017 0.035
0 0.42 0.227 0.018 0.042
0 0.452 0.227 0.022 0.042
0 0.409 0.181 0.016 0.033
0 0.428 0.185 0.017 0.035
0 0.464 0.199 0.018 0.037
0 0.458 0.169 0.014 0.023
0 0.5 0.238 0.022 0.048
0 0.483 0.17 0.015 0.032
0 0.473 0.151 0.013 0.03
0 0.453 0.145 0.012 0.028
0 0.488 0.14 0.016 0.028
0 0.528 0.143 0.019 0.033
0 0.534 0.178 0.02 0.033
0 0.542 0.204 0.021 0.04
0 0.573 0.168 0.021 0.037
0 0.583 0.156 0.013 0.03
0 0.559 0.147 0.014 0.028
0 0.552 0.137 0.014 0.028
0 0.57 0.12 0.012 0.027
0 0.589 0.135 0.013 0.025
0 0.623 0.147 0.018 0.038
0 0.632 0.133 0.016 0.027
0 0.641 0.108 0.014 0.033
0 0.62 0.109 0.013 0.032
0 0.598 0.107 0.015 0.035
0 0.672 0.129 0.015 0.035
0 0.69 0.106 0.016 0.033
0 0.686 0.145 0.015 0.033
0 0.711 0.141 0.016 0.037
0 0.647 0.179 0.019 0.045
0 0.625 0.196 0.019 0.043
0 0.604 0.258 0.027 0.051
0 0.566 0.241 0.022 0.047
0 0.563 0.302 0.026 0.056
0 0.49 0.308 0.031 0.061
0 0.606 0.332 0.03 0.06
0 0.677 0.346 0.038 0.073
0 0.678 0.248 0.024 0.05
0 0.711 0.296 0.029 0.06
0 0.669 0.214 0.021 0.05
0 0.693 0.223 0.021 0.053
0 0.696 0.187 0.019 0.042
0 0.733 0.159 0.015 0.038
0 0.743 0.206 0.021 0.05
0 0.76 0.236 0.022 0.047
0 0.772 0.287 0.026 0.055
0 0.798 0.178 0.018 0.05
0 0.756 0.159 0.019 0.043
0 0.741 0.132 0.018 0.035
0 0.748 0.116 0.02 0.037
0 0.769 0.138 0.015 0.04
0 0.793 0.13 0.015 0.04
0 0.813 0.142 0.015 0.028
0 0.822 0.171 0.014 0.03
0 0.83 0.135 0.017 0.042
0 0.853 0.161 0.02 0.043
0 0.852 0.198 0.021 0.043
0 0.875 0.232 0.022 0.048
0 0.875 0.201 0.02 0.04
0 0.868 0.158 0.016 0.033
0 0.871 0.13 0.018 0.038
0 0.897 0.136 0.014 0.033
0 0.895 0.174 0.02 0.042
0 0.934 0.172 0.014 0.035
0 0.933 0.282 0.023 0.055
