0 0.126 0.364 0.041 0.087
0 0.278 0.219 0.021 0.031
0 0.31 0.228 0.018 0.037
0 0.338 0.181 0.016 0.033
0 0.334 0.236 0.019 0.035
0 0.368 0.188 0.014 0.035
0 0.376 0.16 0.014 0.028
0 0.373 0.231 0.02 0.039
0 0.402 0.198 0.018 0.033
0 0.419 0.201 0.021 0.035
0 0.402 0.235 0.017 0.033
0 0.421 0.248 0.021 0.037
0 0.446 0.203 0.024 0.039
0 0.415 0.165 0.017 0.03
0 0.443 0.164 0.016 0.031
0 0.482 0.186 0.022 0.035
0 0.487 0.146 0.012 0.03
0 0.503 0.119 0.01 0.024
0 0.522 0.133 0.015 0.019
0 0.552 0.127 0.014 0.02
0 0.514 0.153 0.016 0.028
0 0.521 0.181 0.019 0.035
0 0.544 0.158 0.016 0.035
0 0.565 0.156 0.018 0.039
0 0.557 0.184 0.016 0.031
0 0.591 0.16 0.017 0.035
0 0.606 0.146 0.018 0.03
0 0.601 0.118 0.016 0.028
0 0.633 0.113 0.015 0.022
0 0.648 0.106 0.012 0.026
0 0.635 0.151 0.015 0.028
0 0.659 0.15 0.015 0.026
0 0.688 0.106 0.012 0.024
0 0.695 0.124 0.017 0.026
0 0.714 0.109 0.012 0.026
0 0.62 0.209 0.021 0.041
0 0.571 0.244 0.024 0.05
0 0.644 0.242 0.022 0.054
0 0.673 0.218 0.026 0.05
0 0.669 0.18 0.018 0.041
0 0.713 0.181 0.018 0.037
0 0.73 0.146 0.015 0.037
0 0.752 0.131 0.015 0.03
0 0.778 0.133 0.014 0.022
0 0.801 0.144 0.014 0.028
0 0.823 0.132 0.014 0.028
0 0.879 0.113 0.017 0.033
0 0.931 0.111 0.018 0.033
0 0.907 0.173 0.015 0.031
0 0.94 0.168 0.011 0.024
0 0.95 0.184 0.017 0.024
0 0.897 0.188 0.017 0.031
0 0.876 0.19 0.018 0.035
0 0.862 0.14 0.012 0.02
0 0.847 0.15 0.022 0.026
0 0.83 0.178 0.018 0.033
0 0.794 0.169 0.018 0.024
0 0.812 0.192 0.022 0.035
0 0.794 0.21 0.022 0.043
0 0.757 0.196 0.016 0.037
0 0.74 0.181 0.017 0.033
0 0.74 0.242 0.019 0.039
0 0.768 0.246 0.021 0.037
0 0.697 0.258 0.027 0.05
0 0.702 0.319 0.036 0.069
0 0.754 0.367 0.033 0.052
0 0.794 0.303 0.026 0.046
0 0.835 0.245 0.02 0.046
0 0.845 0.221 0.015 0.035
0 0.932 0.349 0.025 0.057
0 0.94 0.261 0.015 0.037
0 0.93 0.218 0.019 0.039
0 0.899 0.244 0.019 0.048
0 0.905 0.214 0.017 0.035
