0 0.201 0.365 0.041 0.096
0 0.288 0.23 0.011 0.031
0 0.309 0.248 0.019 0.035
0 0.352 0.195 0.016 0.044
0 0.362 0.227 0.016 0.033
0 0.378 0.2 0.016 0.036
0 0.388 0.249 0.017 0.047
0 0.402 0.197 0.021 0.035
0 0.431 0.234 0.02 0.045
0 0.422 0.149 0.011 0.022
0 0.422 0.17 0.013 0.027
0 0.431 0.192 0.016 0.035
0 0.456 0.212 0.017 0.031
0 0.451 0.161 0.013 0.027
0 0.479 0.184 0.015 0.033
0 0.484 0.225 0.015 0.033
0 0.478 0.15 0.016 0.031
0 0.497 0.163 0.015 0.031
0 0.525 0.137 0.016 0.027
0 0.539 0.176 0.016 0.04
0 0.556 0.132 0.014 0.02
0 0.566 0.181 0.02 0.038
0 0.579 0.161 0.014 0.027
0 0.586 0.114 0.013 0.027
0 0.596 0.122 0.008 0.025
0 0.604 0.176 0.019 0.033
0 0.621 0.122 0.011 0.022
0 0.639 0.132 0.014 0.024
0 0.65 0.115 0.011 0.018
0 0.657 0.139 0.01 0.035
0 0.665 0.116 0.005 0.018
0 0.67 0.103 0.014 0.02
0 0.696 0.126 0.009 0.027
0 0.707 0.102 0.009 0.022
0 0.738 0.111 0.011 0.025
0 0.631 0.17 0.018 0.027
0 0.501 0.273 0.022 0.058
0 0.557 0.304 0.029 0.051
0 0.595 0.233 0.022 0.051
0 0.61 0.333 0.023 0.058
0 0.648 0.246 0.017 0.049
0 0.685 0.185 0.013 0.029
0 0.693 0.248 0.021 0.042
0 0.703 0.305 0.029 0.053
0 0.722 0.187 0.016 0.044
0 0.765 0.131 0.013 0.033
0 0.768 0.198 0.02 0.047
0 0.738 0.232 0.021 0.045
0 0.81 0.155 0.016 0.042
0 0.78 0.249 0.02 0.055
0 0.8 0.295 0.023 0.049
0 0.759 0.375 0.032 0.069
0 0.816 0.222 0.017 0.036
0 0.835 0.258 0.019 0.051
0 0.855 0.319 0.025 0.06
0 0.839 0.389 0.03 0.062
0 0.888 0.265 0.022 0.047
0 0.895 0.217 0.016 0.045
0 0.953 0.216 0.019 0.044
0 0.942 0.29 0.022 0.053
0 0.939 0.355 0.027 0.06
0 0.912 0.423 0.039 0.082
0 0.501 0.136 0.013 0.029
0 0.734 0.297 0.02 0.053
0 0.801 0.143 0.014 0.031
