0 0.178 0.456 0.058 0.104
0 0.285 0.223 0.014 0.033
0 0.305 0.223 0.012 0.03
0 0.329 0.226 0.015 0.026
0 0.325 0.199 0.014 0.028
0 0.348 0.221 0.018 0.022
0 0.353 0.189 0.017 0.037
0 0.375 0.233 0.017 0.035
0 0.381 0.169 0.014 0.026
0 0.39 0.21 0.019 0.037
0 0.409 0.232 0.017 0.041
0 0.42 0.25 0.018 0.041
0 0.412 0.168 0.011 0.032
0 0.43 0.206 0.018 0.033
0 0.438 0.169 0.015 0.026
0 0.447 0.189 0.014 0.037
0 0.468 0.204 0.018 0.041
0 0.492 0.181 0.016 0.032
0 0.523 0.179 0.016 0.028
0 0.482 0.15 0.012 0.03
0 0.502 0.13 0.01 0.026
0 0.558 0.187 0.018 0.037
0 0.595 0.225 0.02 0.054
0 0.637 0.249 0.023 0.041
0 0.691 0.26 0.021 0.056
0 0.696 0.32 0.031 0.061
0 0.757 0.353 0.02 0.056
0 0.793 0.289 0.017 0.048
0 0.913 0.357 0.026 0.061
0 0.725 0.233 0.018 0.043
0 0.54 0.165 0.014 0.037
0 0.549 0.137 0.011 0.033
0 0.572 0.141 0.012 0.033
0 0.586 0.168 0.015 0.028
0 0.599 0.157 0.012 0.032
0 0.639 0.165 0.018 0.026
0 0.66 0.181 0.015 0.035
0 0.781 0.128 0.014 0.033
0 0.691 0.133 0.015 0.028
0 0.712 0.119 0.011 0.03
0 0.715 0.183 0.017 0.035
0 0.732 0.149 0.012 0.028
0 0.741 0.169 0.016 0.037
0 0.76 0.201 0.017 0.039
0 0.8 0.207 0.017 0.039
0 0.794 0.17 0.015 0.039
0 0.806 0.142 0.012 0.032
0 0.827 0.137 0.011 0.03
0 0.832 0.176 0.014 0.033
0 0.829 0.254 0.019 0.045
0 0.84 0.225 0.015 0.043
0 0.898 0.232 0.019 0.048
0 0.932 0.251 0.016 0.046
0 0.855 0.155 0.012 0.035
0 0.868 0.186 0.015 0.039
0 0.877 0.163 0.012 0.03
0 0.904 0.181 0.015 0.035
0 0.937 0.211 0.017 0.039
0 0.943 0.193 0.016 0.033
0 0.688 0.109 0.011 0.03
0 0.638 0.141 0.015 0.026
0 0.645 0.12 0.012 0.028
0 0.594 0.128 0.017 0.026
0 0.854 0.218 0.017 0.032
0 0.773 0.254 0.019 0.041
0 0.507 0.16 0.014 0.03
0 0.42 0.161 0.011 0.026
