0 0.21 0.421 0.041 0.086
0 0.278 0.255 0.023 0.046
0 0.292 0.252 0.018 0.042
0 0.31 0.261 0.018 0.042
0 0.326 0.285 0.025 0.058
0 0.32 0.22 0.018 0.036
0 0.349 0.218 0.018 0.042
0 0.405 0.268 0.022 0.046
0 0.435 0.264 0.024 0.05
0 0.442 0.22 0.022 0.049
0 0.405 0.186 0.019 0.038
0 0.422 0.176 0.016 0.029
0 0.483 0.234 0.024 0.046
0 0.422 0.232 0.018 0.031
0 0.446 0.159 0.018 0.036
0 0.457 0.147 0.012 0.025
0 0.47 0.163 0.016 0.035
0 0.482 0.195 0.014 0.031
0 0.499 0.212 0.014 0.032
0 0.491 0.137 0.013 0.026
0 0.498 0.126 0.011 0.026
0 0.514 0.143 0.013 0.025
0 0.54 0.137 0.015 0.032
0 0.548 0.175 0.017 0.039
0 0.534 0.199 0.019 0.039
0 0.56 0.143 0.018 0.038
0 0.579 0.168 0.019 0.035
0 0.593 0.153 0.014 0.033
0 0.59 0.12 0.016 0.028
0 0.596 0.099 0.014 0.026
0 0.617 0.151 0.018 0.035
0 0.659 0.12 0.015 0.029
0 0.672 0.124 0.014 0.032
0 0.565 0.256 0.031 0.058
0 0.552 0.302 0.037 0.056
0 0.503 0.299 0.027 0.047
0 0.611 0.248 0.025 0.047
0 0.633 0.211 0.022 0.051
0 0.662 0.21 0.025 0.042
0 0.657 0.18 0.018 0.038
0 0.659 0.257 0.028 0.047
0 0.701 0.308 0.028 0.076
0 0.73 0.281 0.029 0.056
0 0.775 0.33 0.036 0.07
0 0.718 0.215 0.025 0.046
0 0.721 0.183 0.019 0.038
0 0.692 0.169 0.02 0.04
0 0.741 0.153 0.018 0.036
0 0.749 0.18 0.019 0.043
0 0.766 0.164 0.015 0.033
0 0.765 0.138 0.015 0.033
0 0.784 0.143 0.016 0.036
0 0.803 0.138 0.015 0.035
0 0.813 0.181 0.018 0.039
0 0.786 0.216 0.02 0.036
0 0.759 0.239 0.022 0.042
0 0.809 0.277 0.029 0.063
0 0.861 0.309 0.031 0.064
0 0.882 0.26 0.022 0.053
0 0.923 0.28 0.026 0.058
0 0.893 0.201 0.018 0.04
0 0.885 0.222 0.02 0.046
0 0.837 0.234 0.026 0.043
0 0.849 0.198 0.02 0.043
0 0.843 0.138 0.015 0.038
0 0.88 0.146 0.014 0.036
