0 0.061 0.298 0.027 0.052
0 0.269 0.222 0.017 0.035
0 0.328 0.2 0.017 0.033
0 0.357 0.227 0.019 0.035
0 0.371 0.188 0.013 0.031
0 0.388 0.195 0.017 0.033
0 0.389 0.244 0.019 0.045
0 0.408 0.235 0.018 0.033
0 0.445 0.259 0.023 0.051
0 0.425 0.176 0.013 0.031
0 0.404 0.164 0.014 0.028
0 0.393 0.167 0.014 0.03
0 0.429 0.148 0.012 0.028
0 0.473 0.203 0.019 0.033
0 0.467 0.138 0.014 0.028
0 0.479 0.154 0.012 0.031
0 0.486 0.17 0.017 0.033
0 0.49 0.135 0.011 0.026
0 0.498 0.132 0.011 0.023
0 0.519 0.134 0.012 0.023
0 0.527 0.13 0.011 0.033
0 0.539 0.137 0.014 0.03
0 0.519 0.176 0.021 0.038
0 0.504 0.21 0.02 0.044
0 0.555 0.182 0.019 0.038
0 0.576 0.121 0.011 0.026
0 0.586 0.121 0.013 0.033
0 0.591 0.153 0.013 0.037
0 0.612 0.103 0.012 0.021
0 0.607 0.125 0.013 0.03
0 0.627 0.121 0.011 0.026
0 0.635 0.113 0.011 0.024
0 0.638 0.148 0.013 0.024
0 0.619 0.2 0.022 0.04
0 0.652 0.14 0.016 0.03
0 0.659 0.117 0.013 0.024
0 0.663 0.101 0.011 0.021
0 0.682 0.128 0.014 0.026
0 0.686 0.106 0.014 0.024
0 0.714 0.111 0.014 0.026
0 0.713 0.163 0.016 0.033
0 0.655 0.189 0.017 0.04
0 0.641 0.246 0.021 0.049
0 0.572 0.25 0.022 0.051
0 0.576 0.276 0.029 0.052
0 0.673 0.218 0.02 0.042
0 0.705 0.191 0.018 0.037
0 0.733 0.138 0.015 0.028
0 0.745 0.164 0.016 0.031
0 0.75 0.203 0.016 0.047
0 0.716 0.236 0.022 0.038
0 0.686 0.26 0.021 0.045
0 0.741 0.258 0.026 0.052
0 0.776 0.236 0.019 0.037
0 0.763 0.142 0.016 0.033
0 0.779 0.138 0.011 0.028
0 0.799 0.128 0.014 0.026
0 0.793 0.154 0.017 0.03
0 0.814 0.142 0.014 0.023
0 0.828 0.181 0.014 0.03
0 0.845 0.156 0.012 0.026
0 0.851 0.146 0.012 0.026
0 0.854 0.177 0.015 0.033
0 0.808 0.151 0.013 0.026
0 0.871 0.173 0.017 0.038
0 0.895 0.156 0.011 0.026
0 0.91 0.164 0.011 0.028
0 0.882 0.232 0.017 0.038
0 0.846 0.206 0.015 0.038
0 0.841 0.235 0.018 0.044
0 0.794 0.212 0.017 0.037
0 0.794 0.283 0.023 0.056
0 0.864 0.249 0.02 0.051
0 0.845 0.343 0.023 0.061
0 0.94 0.174 0.014 0.026
0 0.903 0.198 0.013 0.023
0 0.936 0.225 0.015 0.042
0 0.93 0.257 0.018 0.045
0 0.938 0.202 0.015 0.037
0 0.938 0.306 0.018 0.054
0 0.928 0.377 0.031 0.063
0 0.902 0.22 0.016 0.021
0 0.755 0.135 0.012 0.026
