0 0.205 0.355 0.048 0.089
0 0.303 0.244 0.022 0.044
0 0.309 0.216 0.022 0.036
0 0.331 0.235 0.018 0.042
0 0.351 0.246 0.023 0.049
0 0.372 0.245 0.023 0.047
0 0.407 0.267 0.026 0.051
0 0.348 0.177 0.017 0.035
0 0.358 0.189 0.016 0.033
0 0.383 0.183 0.017 0.035
0 0.418 0.208 0.02 0.038
0 0.417 0.185 0.017 0.033
0 0.446 0.215 0.021 0.042
0 0.475 0.22 0.025 0.047
0 0.418 0.145 0.015 0.031
0 0.442 0.171 0.021 0.036
0 0.464 0.143 0.015 0.038
0 0.474 0.137 0.016 0.035
0 0.489 0.168 0.02 0.035
0 0.49 0.133 0.012 0.033
0 0.502 0.148 0.015 0.035
0 0.5 0.118 0.013 0.025
0 0.516 0.135 0.014 0.031
0 0.53 0.125 0.013 0.029
0 0.535 0.162 0.014 0.029
0 0.52 0.174 0.018 0.035
0 0.555 0.18 0.016 0.033
0 0.562 0.157 0.018 0.027
0 0.59 0.165 0.016 0.031
0 0.557 0.119 0.014 0.024
0 0.574 0.119 0.012 0.024
0 0.582 0.111 0.014 0.022
0 0.59 0.134 0.015 0.031
0 0.597 0.12 0.011 0.022
0 0.617 0.137 0.014 0.031
0 0.614 0.104 0.015 0.029
0 0.634 0.112 0.012 0.027
0 0.658 0.097 0.017 0.035
0 0.68 0.097 0.015 0.027
0 0.686 0.115 0.016 0.029
0 0.714 0.098 0.013 0.029
0 0.66 0.133 0.014 0.033
0 0.583 0.239 0.022 0.053
0 0.546 0.317 0.033 0.071
0 0.493 0.293 0.031 0.058
0 0.598 0.335 0.028 0.073
0 0.631 0.235 0.024 0.055
0 0.677 0.249 0.023 0.055
0 0.69 0.309 0.028 0.065
0 0.732 0.288 0.022 0.049
0 0.745 0.397 0.037 0.078
0 0.817 0.385 0.038 0.084
0 0.784 0.294 0.028 0.06
0 0.769 0.226 0.02 0.045
0 0.733 0.227 0.024 0.047
0 0.703 0.192 0.02 0.042
0 0.67 0.177 0.024 0.038
0 0.697 0.154 0.017 0.035
0 0.729 0.147 0.016 0.04
0 0.747 0.127 0.018 0.04
0 0.759 0.169 0.018 0.04
0 0.79 0.135 0.015 0.031
0 0.802 0.153 0.02 0.036
0 0.797 0.218 0.019 0.04
0 0.817 0.249 0.024 0.055
0 0.827 0.335 0.028 0.055
0 0.864 0.252 0.021 0.045
0 0.886 0.222 0.02 0.044
0 0.923 0.224 0.017 0.047
0 0.919 0.277 0.025 0.053
0 0.908 0.325 0.024 0.062
0 0.875 0.395 0.036 0.078
