0 0.157 0.45 0.061 0.125
0 0.376 0.231 0.019 0.038
0 0.393 0.232 0.025 0.051
0 0.374 0.191 0.021 0.038
0 0.398 0.165 0.02 0.036
0 0.428 0.169 0.019 0.034
0 0.434 0.198 0.019 0.038
0 0.445 0.247 0.027 0.042
0 0.42 0.227 0.021 0.038
0 0.468 0.236 0.022 0.043
0 0.469 0.188 0.018 0.036
0 0.466 0.158 0.018 0.033
0 0.454 0.153 0.015 0.034
0 0.438 0.142 0.015 0.031
0 0.485 0.142 0.013 0.034
0 0.495 0.12 0.01 0.024
0 0.534 0.158 0.017 0.033
0 0.503 0.199 0.02 0.047
0 0.532 0.197 0.019 0.042
0 0.554 0.16 0.017 0.038
0 0.573 0.139 0.017 0.034
0 0.532 0.136 0.012 0.025
0 0.585 0.169 0.02 0.042
0 0.584 0.108 0.014 0.027
0 0.604 0.13 0.018 0.036
0 0.618 0.143 0.016 0.033
0 0.622 0.12 0.015 0.027
0 0.605 0.101 0.013 0.024
0 0.656 0.1 0.019 0.033
0 0.66 0.135 0.017 0.034
0 0.685 0.12 0.014 0.033
0 0.7 0.118 0.013 0.029
0 0.638 0.219 0.02 0.043
0 0.608 0.255 0.031 0.067
0 0.557 0.274 0.025 0.047
0 0.623 0.298 0.028 0.056
0 0.694 0.322 0.034 0.056
0 0.724 0.284 0.032 0.071
0 0.752 0.242 0.022 0.049
0 0.749 0.205 0.021 0.047
0 0.728 0.171 0.019 0.042
0 0.713 0.156 0.015 0.043
0 0.704 0.2 0.02 0.045
0 0.692 0.167 0.02 0.04
0 0.679 0.182 0.02 0.045
0 0.74 0.134 0.02 0.036
0 0.763 0.146 0.018 0.034
0 0.787 0.13 0.02 0.042
0 0.787 0.158 0.018 0.04
0 0.774 0.187 0.021 0.047
0 0.811 0.245 0.024 0.056
0 0.784 0.234 0.026 0.043
0 0.832 0.333 0.028 0.069
0 0.832 0.234 0.018 0.047
0 0.819 0.174 0.019 0.04
0 0.839 0.158 0.017 0.051
0 0.857 0.194 0.015 0.036
0 0.874 0.18 0.013 0.034
0 0.894 0.2 0.016 0.034
0 0.892 0.233 0.021 0.042
0 0.884 0.266 0.021 0.054
0 0.919 0.322 0.025 0.056
0 0.946 0.218 0.016 0.049
0 0.94 0.167 0.016 0.043
