0 0.183 0.457 0.039 0.082
0 0.271 0.223 0.025 0.047
0 0.307 0.221 0.018 0.043
0 0.334 0.183 0.015 0.037
0 0.348 0.185 0.016 0.033
0 0.349 0.216 0.022 0.041
0 0.384 0.272 0.026 0.057
0 0.368 0.242 0.019 0.039
0 0.387 0.2 0.022 0.045
0 0.396 0.229 0.026 0.033
0 0.41 0.198 0.016 0.041
0 0.391 0.154 0.013 0.027
0 0.414 0.157 0.015 0.029
0 0.438 0.145 0.013 0.035
0 0.44 0.186 0.017 0.039
0 0.461 0.2 0.018 0.037
0 0.474 0.127 0.016 0.027
0 0.478 0.142 0.013 0.029
0 0.488 0.152 0.013 0.027
0 0.498 0.175 0.017 0.037
0 0.519 0.18 0.017 0.039
0 0.507 0.148 0.014 0.027
0 0.492 0.109 0.013 0.023
0 0.513 0.123 0.014 0.035
0 0.561 0.182 0.016 0.039
0 0.553 0.169 0.018 0.037
0 0.544 0.143 0.016 0.027
0 0.56 0.146 0.016 0.031
0 0.552 0.12 0.013 0.025
0 0.589 0.155 0.018 0.033
0 0.59 0.103 0.013 0.025
0 0.623 0.135 0.012 0.031
0 0.64 0.153 0.013 0.033
0 0.664 0.112 0.015 0.041
0 0.677 0.102 0.015 0.035
0 0.69 0.121 0.017 0.035
0 0.698 0.102 0.018 0.035
0 0.671 0.173 0.019 0.033
0 0.648 0.143 0.014 0.035
0 0.591 0.224 0.027 0.045
0 0.633 0.229 0.023 0.045
0 0.643 0.192 0.022 0.041
0 0.678 0.211 0.019 0.039
0 0.683 0.252 0.031 0.051
0 0.696 0.312 0.038 0.076
0 0.761 0.351 0.03 0.068
0 0.79 0.289 0.027 0.059
0 0.76 0.242 0.031 0.059
0 0.731 0.223 0.024 0.051
0 0.715 0.182 0.023 0.047
0 0.727 0.141 0.017 0.039
0 0.727 0.175 0.018 0.033
0 0.749 0.188 0.018 0.039
0 0.744 0.13 0.015 0.029
0 0.762 0.122 0.012 0.037
0 0.776 0.141 0.014 0.035
0 0.783 0.156 0.014 0.031
0 0.798 0.124 0.015 0.033
0 0.809 0.13 0.015 0.037
0 0.839 0.157 0.015 0.037
0 0.821 0.176 0.016 0.039
0 0.794 0.203 0.017 0.039
0 0.809 0.2 0.024 0.041
0 0.825 0.249 0.019 0.045
0 0.841 0.224 0.022 0.041
0 0.915 0.343 0.035 0.076
0 0.891 0.229 0.019 0.047
0 0.924 0.258 0.022 0.055
0 0.94 0.221 0.018 0.043
0 0.929 0.195 0.016 0.043
0 0.942 0.184 0.018 0.043
0 0.904 0.184 0.021 0.047
0 0.864 0.171 0.016 0.037
