0 0.276 0.26 0.015 0.03
0 0.29 0.244 0.016 0.025
0 0.299 0.271 0.014 0.03
0 0.361 0.261 0.015 0.03
0 0.371 0.29 0.018 0.033
0 0.344 0.243 0.013 0.027
0 0.381 0.234 0.013 0.032
0 0.366 0.193 0.013 0.03
0 0.387 0.205 0.014 0.03
0 0.404 0.198 0.013 0.03
0 0.407 0.177 0.014 0.028
0 0.439 0.227 0.015 0.035
0 0.455 0.198 0.018 0.05
0 0.471 0.224 0.017 0.038
0 0.439 0.156 0.011 0.022
0 0.451 0.16 0.01 0.027
0 0.464 0.157 0.011 0.025
0 0.479 0.185 0.013 0.033
0 0.519 0.21 0.017 0.035
0 0.493 0.2 0.014 0.037
0 0.485 0.166 0.015 0.03
0 0.51 0.129 0.01 0.022
0 0.514 0.156 0.016 0.025
0 0.522 0.18 0.013 0.027
0 0.541 0.186 0.014 0.028
0 0.566 0.18 0.013 0.03
0 0.604 0.161 0.014 0.035
0 0.582 0.148 0.014 0.027
0 0.541 0.121 0.011 0.023
0 0.566 0.134 0.012 0.025
0 0.558 0.121 0.011 0.025
0 0.596 0.106 0.011 0.023
0 0.614 0.134 0.011 0.028
0 0.642 0.14 0.01 0.023
0 0.649 0.119 0.009 0.025
0 0.639 0.102 0.009 0.025
0 0.672 0.106 0.012 0.028
0 0.616 0.101 0.009 0.02
0 0.491 0.303 0.028 0.047
0 0.541 0.326 0.025 0.043
0 0.561 0.255 0.021 0.042
0 0.61 0.319 0.025 0.048
0 0.617 0.273 0.019 0.037
0 0.63 0.205 0.017 0.035
0 0.671 0.209 0.018 0.038
0 0.685 0.314 0.03 0.053
0 0.729 0.251 0.024 0.053
0 0.702 0.103 0.011 0.027
0 0.67 0.171 0.015 0.033
0 0.682 0.16 0.014 0.03
0 0.696 0.187 0.015 0.032
0 0.729 0.199 0.017 0.038
0 0.754 0.218 0.019 0.043
0 0.784 0.277 0.023 0.052
0 0.745 0.344 0.027 0.055
0 0.774 0.381 0.03 0.063
0 0.897 0.354 0.029 0.072
0 0.859 0.291 0.022 0.047
0 0.807 0.242 0.022 0.042
0 0.782 0.203 0.019 0.047
0 0.747 0.151 0.014 0.03
0 0.74 0.115 0.012 0.027
0 0.767 0.133 0.014 0.027
0 0.777 0.159 0.013 0.032
0 0.801 0.161 0.015 0.033
0 0.83 0.136 0.01 0.025
0 0.84 0.119 0.011 0.028
0 0.853 0.176 0.016 0.033
0 0.832 0.218 0.016 0.04
0 0.874 0.204 0.019 0.045
0 0.862 0.148 0.01 0.027
0 0.863 0.127 0.012 0.028
0 0.889 0.136 0.01 0.022
0 0.89 0.166 0.01 0.027
0 0.897 0.183 0.013 0.03
0 0.917 0.261 0.018 0.047
0 0.923 0.241 0.018 0.047
0 0.926 0.215 0.013 0.032
0 0.925 0.157 0.01 0.028
