0 0.131 0.605 0.042 0.119
0 0.226 0.325 0.023 0.053
0 0.214 0.296 0.018 0.044
0 0.272 0.266 0.015 0.043
0 0.287 0.272 0.015 0.046
0 0.306 0.24 0.017 0.046
0 0.33 0.269 0.018 0.052
0 0.347 0.237 0.015 0.041
0 0.367 0.29 0.019 0.048
0 0.392 0.266 0.016 0.043
0 0.439 0.332 0.024 0.05
0 0.362 0.222 0.015 0.032
0 0.386 0.213 0.013 0.032
0 0.428 0.223 0.019 0.041
0 0.43 0.187 0.013 0.034
0 0.466 0.277 0.019 0.046
0 0.49 0.23 0.015 0.034
0 0.476 0.202 0.014 0.041
0 0.462 0.197 0.012 0.028
0 0.45 0.189 0.015 0.034
0 0.491 0.178 0.016 0.036
0 0.516 0.197 0.015 0.036
0 0.524 0.181 0.014 0.032
0 0.551 0.245 0.016 0.043
0 0.567 0.237 0.016 0.044
0 0.556 0.189 0.019 0.041
0 0.55 0.156 0.014 0.032
0 0.573 0.155 0.015 0.039
0 0.58 0.199 0.017 0.039
0 0.607 0.202 0.014 0.041
0 0.618 0.226 0.015 0.041
0 0.655 0.206 0.012 0.032
0 0.649 0.171 0.012 0.039
0 0.627 0.15 0.017 0.041
0 0.596 0.141 0.016 0.03
0 0.664 0.153 0.013 0.036
0 0.687 0.16 0.014 0.032
0 0.709 0.178 0.015 0.039
0 0.694 0.245 0.015 0.043
0 0.676 0.206 0.015 0.039
0 0.57 0.373 0.023 0.06
0 0.602 0.406 0.027 0.062
0 0.609 0.327 0.019 0.053
0 0.658 0.281 0.023 0.06
0 0.721 0.293 0.018 0.046
0 0.655 0.44 0.021 0.055
0 0.718 0.433 0.024 0.062
0 0.8 0.507 0.025 0.087
0 0.842 0.551 0.031 0.082
0 0.88 0.434 0.019 0.055
0 0.96 0.486 0.023 0.069
0 0.948 0.417 0.019 0.059
0 0.972 0.4 0.017 0.05
0 0.969 0.352 0.015 0.043
0 0.979 0.306 0.019 0.044
0 0.948 0.274 0.018 0.05
0 0.928 0.301 0.014 0.034
0 0.924 0.361 0.02 0.05
0 0.9 0.286 0.012 0.036
0 0.892 0.259 0.014 0.043
0 0.884 0.321 0.018 0.046
0 0.87 0.35 0.023 0.05
0 0.86 0.377 0.019 0.048
0 0.813 0.329 0.019 0.05
0 0.747 0.327 0.023 0.05
0 0.74 0.258 0.017 0.039
0 0.745 0.218 0.012 0.032
0 0.777 0.236 0.015 0.039
0 0.793 0.276 0.015 0.048
0 0.817 0.259 0.015 0.036
0 0.841 0.242 0.014 0.037
0 0.869 0.26 0.016 0.037
0 0.806 0.218 0.016 0.044
0 0.771 0.204 0.016 0.036
