0 0.332 0.475 0.063 0.12
0 0.288 0.211 0.017 0.029
0 0.312 0.227 0.014 0.029
0 0.326 0.186 0.018 0.029
0 0.327 0.223 0.01 0.029
0 0.338 0.23 0.018 0.035
0 0.348 0.242 0.022 0.037
0 0.391 0.237 0.018 0.035
0 0.367 0.186 0.015 0.037
0 0.442 0.244 0.018 0.041
0 0.392 0.21 0.012 0.035
0 0.446 0.208 0.015 0.039
0 0.388 0.159 0.012 0.029
0 0.398 0.201 0.017 0.031
0 0.415 0.185 0.013 0.019
0 0.422 0.157 0.01 0.021
0 0.439 0.164 0.017 0.031
0 0.46 0.181 0.017 0.037
0 0.473 0.158 0.009 0.035
0 0.492 0.161 0.011 0.029
0 0.482 0.141 0.008 0.031
0 0.518 0.132 0.011 0.033
0 0.525 0.178 0.015 0.035
0 0.55 0.156 0.017 0.023
0 0.554 0.185 0.014 0.046
0 0.575 0.219 0.022 0.041
0 0.577 0.13 0.014 0.033
0 0.59 0.158 0.014 0.031
0 0.592 0.118 0.012 0.031
0 0.649 0.114 0.013 0.031
0 0.616 0.124 0.012 0.019
0 0.625 0.141 0.017 0.039
0 0.61 0.214 0.021 0.039
0 0.634 0.233 0.023 0.052
0 0.674 0.325 0.026 0.064
0 0.688 0.26 0.021 0.041
0 0.676 0.227 0.023 0.048
0 0.657 0.176 0.017 0.035
0 0.644 0.159 0.015 0.029
0 0.677 0.117 0.011 0.029
0 0.697 0.113 0.012 0.029
0 0.715 0.175 0.017 0.041
0 0.735 0.234 0.019 0.039
0 0.73 0.149 0.015 0.039
0 0.754 0.135 0.013 0.031
0 0.782 0.123 0.011 0.029
0 0.785 0.141 0.012 0.023
0 0.802 0.14 0.013 0.025
0 0.834 0.141 0.013 0.027
0 0.851 0.151 0.013 0.031
0 0.906 0.153 0.013 0.029
0 0.748 0.344 0.025 0.062
0 0.743 0.196 0.021 0.033
0 0.76 0.242 0.022 0.048
0 0.793 0.286 0.022 0.054
0 0.905 0.355 0.024 0.066
0 0.796 0.208 0.017 0.037
0 0.827 0.25 0.021 0.048
0 0.823 0.196 0.014 0.033
0 0.843 0.218 0.019 0.042
0 0.867 0.178 0.015 0.035
0 0.942 0.171 0.013 0.025
0 0.908 0.202 0.012 0.037
0 0.894 0.239 0.015 0.039
0 0.944 0.256 0.015 0.037
0 0.936 0.208 0.012 0.025
0 0.933 0.236 0.012 0.033
0 0.912 0.176 0.013 0.027
0 0.938 0.185 0.012 0.027
0 0.796 0.167 0.013 0.029
0 0.823 0.168 0.013 0.023
0 0.68 0.131 0.012 0.031
0 0.614 0.112 0.011 0.019
0 0.474 0.193 0.018 0.027
0 0.402 0.18 0.014 0.031
