0 0.203 0.421 0.05 0.095
0 0.26 0.268 0.021 0.041
0 0.289 0.25 0.018 0.037
0 0.317 0.25 0.021 0.034
0 0.311 0.219 0.021 0.031
0 0.335 0.22 0.021 0.039
0 0.328 0.268 0.019 0.041
0 0.347 0.274 0.024 0.046
0 0.377 0.271 0.025 0.042
0 0.41 0.279 0.026 0.053
0 0.431 0.248 0.02 0.034
0 0.425 0.22 0.018 0.039
0 0.384 0.201 0.018 0.039
0 0.41 0.177 0.017 0.034
0 0.425 0.182 0.02 0.041
0 0.467 0.227 0.023 0.053
0 0.454 0.156 0.02 0.041
0 0.466 0.144 0.016 0.034
0 0.48 0.155 0.017 0.039
0 0.483 0.204 0.019 0.034
0 0.512 0.183 0.02 0.039
0 0.506 0.121 0.012 0.025
0 0.513 0.133 0.013 0.029
0 0.526 0.151 0.017 0.031
0 0.546 0.189 0.02 0.042
0 0.552 0.146 0.018 0.037
0 0.596 0.16 0.016 0.031
0 0.611 0.154 0.012 0.027
0 0.616 0.124 0.011 0.024
0 0.626 0.134 0.016 0.027
0 0.601 0.102 0.017 0.027
0 0.655 0.107 0.015 0.027
0 0.666 0.122 0.017 0.027
0 0.65 0.169 0.02 0.042
0 0.689 0.164 0.02 0.042
0 0.67 0.216 0.023 0.042
0 0.635 0.249 0.021 0.049
0 0.626 0.216 0.022 0.046
0 0.575 0.244 0.025 0.042
0 0.56 0.301 0.03 0.054
0 0.525 0.278 0.028 0.046
0 0.675 0.323 0.037 0.071
0 0.655 0.273 0.03 0.058
0 0.709 0.23 0.024 0.042
0 0.715 0.187 0.021 0.044
0 0.714 0.285 0.032 0.061
0 0.75 0.239 0.029 0.054
0 0.745 0.194 0.021 0.041
0 0.736 0.153 0.015 0.031
0 0.75 0.153 0.019 0.041
0 0.767 0.176 0.018 0.039
0 0.791 0.183 0.02 0.042
0 0.781 0.15 0.018 0.032
0 0.774 0.118 0.014 0.032
0 0.796 0.143 0.017 0.029
0 0.803 0.128 0.017 0.036
0 0.838 0.138 0.017 0.048
0 0.811 0.173 0.018 0.037
0 0.83 0.174 0.013 0.032
0 0.855 0.179 0.019 0.036
0 0.847 0.206 0.017 0.036
0 0.828 0.226 0.026 0.061
0 0.784 0.283 0.029 0.059
0 0.791 0.34 0.041 0.07
0 0.861 0.286 0.029 0.066
0 0.874 0.238 0.025 0.051
0 0.885 0.212 0.017 0.048
0 0.892 0.186 0.019 0.039
0 0.882 0.147 0.017 0.039
0 0.921 0.269 0.023 0.056
