0 0.176 0.476 0.039 0.083
0 0.252 0.255 0.017 0.037
0 0.269 0.262 0.02 0.042
0 0.294 0.264 0.019 0.038
0 0.306 0.285 0.021 0.035
0 0.321 0.225 0.02 0.03
0 0.348 0.205 0.016 0.035
0 0.354 0.228 0.019 0.033
0 0.357 0.26 0.024 0.035
0 0.385 0.26 0.021 0.037
0 0.387 0.186 0.015 0.033
0 0.392 0.216 0.02 0.037
0 0.403 0.2 0.02 0.032
0 0.421 0.246 0.022 0.047
0 0.435 0.199 0.02 0.038
0 0.446 0.176 0.017 0.03
0 0.453 0.151 0.015 0.027
0 0.458 0.218 0.018 0.04
0 0.478 0.228 0.019 0.04
0 0.493 0.201 0.019 0.037
0 0.481 0.19 0.013 0.03
0 0.489 0.164 0.017 0.028
0 0.499 0.13 0.014 0.027
0 0.519 0.167 0.019 0.032
0 0.535 0.167 0.015 0.038
0 0.523 0.205 0.02 0.04
0 0.506 0.156 0.016 0.025
0 0.556 0.146 0.01 0.025
0 0.552 0.13 0.011 0.023
0 0.575 0.171 0.017 0.033
0 0.583 0.131 0.012 0.027
0 0.596 0.141 0.016 0.033
0 0.61 0.125 0.015 0.033
0 0.618 0.143 0.012 0.03
0 0.632 0.121 0.013 0.027
0 0.645 0.122 0.016 0.032
0 0.666 0.121 0.011 0.03
0 0.556 0.254 0.025 0.048
0 0.519 0.294 0.025 0.055
0 0.541 0.313 0.033 0.063
0 0.606 0.33 0.033 0.058
0 0.619 0.249 0.027 0.052
0 0.611 0.222 0.022 0.045
0 0.67 0.215 0.021 0.047
0 0.656 0.262 0.024 0.062
0 0.659 0.19 0.018 0.037
0 0.691 0.175 0.016 0.04
0 0.694 0.147 0.016 0.032
0 0.709 0.151 0.013 0.033
0 0.729 0.162 0.015 0.042
0 0.738 0.146 0.016 0.035
0 0.75 0.134 0.016 0.035
0 0.765 0.131 0.014 0.035
0 0.767 0.161 0.019 0.033
0 0.716 0.205 0.023 0.052
0 0.757 0.232 0.027 0.062
0 0.717 0.285 0.027 0.052
0 0.771 0.292 0.028 0.058
0 0.774 0.202 0.022 0.048
0 0.794 0.139 0.017 0.038
0 0.807 0.171 0.017 0.048
0 0.848 0.136 0.02 0.037
0 0.821 0.228 0.024 0.047
0 0.857 0.251 0.027 0.043
0 0.838 0.324 0.027 0.063
0 0.916 0.242 0.024 0.055
0 0.936 0.263 0.025 0.063
0 0.895 0.205 0.02 0.043
0 0.879 0.191 0.017 0.037
0 0.874 0.162 0.014 0.035
0 0.893 0.158 0.013 0.037
0 0.847 0.194 0.018 0.035
