0 0.202 0.457 0.043 0.091
0 0.295 0.215 0.017 0.034
0 0.314 0.217 0.017 0.036
0 0.327 0.242 0.018 0.043
0 0.377 0.234 0.023 0.045
0 0.4 0.238 0.019 0.048
0 0.416 0.261 0.028 0.045
0 0.406 0.217 0.02 0.036
0 0.372 0.19 0.015 0.034
0 0.381 0.172 0.016 0.03
0 0.424 0.153 0.013 0.029
0 0.459 0.147 0.012 0.023
0 0.468 0.153 0.013 0.021
0 0.473 0.173 0.016 0.032
0 0.471 0.194 0.02 0.032
0 0.463 0.22 0.022 0.045
0 0.475 0.137 0.01 0.025
0 0.489 0.139 0.015 0.025
0 0.5 0.122 0.009 0.023
0 0.492 0.163 0.017 0.027
0 0.517 0.167 0.015 0.037
0 0.538 0.156 0.017 0.034
0 0.541 0.145 0.013 0.03
0 0.52 0.135 0.014 0.025
0 0.563 0.152 0.015 0.027
0 0.564 0.185 0.021 0.039
0 0.584 0.16 0.018 0.036
0 0.6 0.151 0.017 0.03
0 0.586 0.12 0.013 0.023
0 0.609 0.106 0.013 0.02
0 0.613 0.138 0.013 0.03
0 0.634 0.16 0.019 0.029
0 0.63 0.114 0.012 0.029
0 0.646 0.12 0.018 0.034
0 0.679 0.112 0.014 0.029
0 0.731 0.07 0.014 0.029
0 0.557 0.238 0.022 0.045
0 0.617 0.254 0.027 0.055
0 0.619 0.217 0.022 0.041
0 0.668 0.225 0.022 0.043
0 0.711 0.193 0.02 0.048
0 0.736 0.18 0.02 0.039
0 0.739 0.238 0.018 0.045
0 0.769 0.251 0.022 0.05
0 0.776 0.316 0.03 0.062
0 0.768 0.201 0.021 0.046
0 0.732 0.143 0.019 0.032
0 0.761 0.13 0.015 0.036
0 0.784 0.142 0.014 0.03
0 0.794 0.169 0.017 0.032
0 0.793 0.213 0.024 0.045
0 0.808 0.128 0.012 0.029
0 0.824 0.139 0.01 0.025
0 0.83 0.171 0.015 0.032
0 0.84 0.149 0.014 0.03
0 0.853 0.147 0.012 0.03
0 0.868 0.176 0.017 0.034
0 0.857 0.214 0.022 0.046
0 0.844 0.242 0.016 0.048
0 0.885 0.235 0.016 0.039
0 0.89 0.204 0.015 0.037
0 0.883 0.165 0.014 0.034
0 0.897 0.183 0.012 0.027
0 0.909 0.147 0.016 0.034
0 0.905 0.357 0.029 0.064
0 0.917 0.258 0.023 0.055
0 0.942 0.205 0.018 0.043
0 0.936 0.176 0.016 0.03
0 0.954 0.181 0.012 0.034
