0 0.169 0.434 0.039 0.075
0 0.259 0.261 0.02 0.038
0 0.285 0.263 0.017 0.038
0 0.305 0.26 0.018 0.038
0 0.32 0.234 0.019 0.034
0 0.339 0.22 0.018 0.034
0 0.35 0.265 0.018 0.038
0 0.37 0.26 0.025 0.041
0 0.358 0.225 0.018 0.036
0 0.371 0.202 0.016 0.031
0 0.397 0.188 0.021 0.034
0 0.407 0.252 0.023 0.039
0 0.405 0.218 0.02 0.033
0 0.422 0.191 0.016 0.031
0 0.447 0.194 0.018 0.031
0 0.442 0.24 0.018 0.041
0 0.478 0.241 0.02 0.046
0 0.398 0.292 0.03 0.049
0 0.487 0.206 0.018 0.031
0 0.467 0.163 0.016 0.038
0 0.507 0.156 0.015 0.03
0 0.514 0.19 0.02 0.043
0 0.54 0.202 0.024 0.046
0 0.5 0.135 0.017 0.031
0 0.554 0.16 0.018 0.038
0 0.574 0.128 0.016 0.033
0 0.597 0.166 0.014 0.03
0 0.605 0.139 0.014 0.028
0 0.607 0.12 0.013 0.025
0 0.628 0.132 0.011 0.025
0 0.633 0.145 0.013 0.025
0 0.651 0.122 0.013 0.028
0 0.693 0.117 0.013 0.025
0 0.633 0.198 0.022 0.039
0 0.572 0.243 0.023 0.054
0 0.585 0.284 0.03 0.057
0 0.509 0.313 0.032 0.062
0 0.622 0.325 0.032 0.069
0 0.622 0.252 0.029 0.054
0 0.667 0.216 0.025 0.049
0 0.679 0.188 0.021 0.041
0 0.698 0.169 0.018 0.033
0 0.708 0.195 0.02 0.043
0 0.691 0.255 0.027 0.057
0 0.736 0.211 0.021 0.046
0 0.735 0.176 0.018 0.038
0 0.726 0.148 0.017 0.033
0 0.745 0.081 0.014 0.028
0 0.759 0.111 0.016 0.036
0 0.783 0.139 0.019 0.036
0 0.775 0.148 0.015 0.03
0 0.779 0.175 0.021 0.038
0 0.753 0.203 0.019 0.046
0 0.753 0.285 0.028 0.056
0 0.789 0.308 0.03 0.049
0 0.803 0.221 0.022 0.056
0 0.803 0.153 0.016 0.031
0 0.827 0.173 0.02 0.048
0 0.84 0.202 0.021 0.044
0 0.857 0.135 0.016 0.034
0 0.867 0.181 0.018 0.044
0 0.91 0.202 0.018 0.039
0 0.911 0.172 0.013 0.026
0 0.914 0.156 0.013 0.023
0 0.879 0.257 0.027 0.062
0 0.943 0.274 0.024 0.049
0 0.944 0.233 0.018 0.043
0 0.86 0.342 0.033 0.057
