0 0.101 0.4 0.035 0.076
0 0.26 0.281 0.019 0.033
0 0.289 0.26 0.014 0.033
0 0.301 0.263 0.02 0.036
0 0.344 0.268 0.019 0.033
0 0.321 0.223 0.013 0.031
0 0.345 0.211 0.016 0.031
0 0.375 0.223 0.018 0.028
0 0.43 0.269 0.019 0.041
0 0.418 0.221 0.019 0.035
0 0.379 0.204 0.011 0.023
0 0.383 0.193 0.011 0.021
0 0.411 0.168 0.011 0.026
0 0.424 0.182 0.016 0.025
0 0.466 0.198 0.016 0.028
0 0.454 0.195 0.014 0.031
0 0.453 0.167 0.013 0.028
0 0.452 0.142 0.013 0.025
0 0.48 0.163 0.014 0.026
0 0.472 0.145 0.011 0.026
0 0.487 0.132 0.011 0.025
0 0.509 0.194 0.014 0.023
0 0.497 0.229 0.02 0.036
0 0.485 0.294 0.028 0.046
0 0.526 0.136 0.016 0.031
0 0.548 0.155 0.017 0.031
0 0.582 0.154 0.015 0.035
0 0.546 0.192 0.017 0.031
0 0.568 0.111 0.012 0.021
0 0.616 0.14 0.013 0.026
0 0.629 0.124 0.011 0.025
0 0.614 0.121 0.011 0.021
0 0.613 0.098 0.012 0.021
0 0.639 0.104 0.013 0.028
0 0.595 0.116 0.015 0.021
0 0.669 0.121 0.013 0.028
0 0.686 0.137 0.013 0.023
0 0.704 0.135 0.013 0.03
0 0.691 0.1 0.011 0.026
0 0.647 0.17 0.017 0.028
0 0.648 0.208 0.016 0.038
0 0.607 0.212 0.022 0.033
0 0.608 0.253 0.023 0.043
0 0.56 0.291 0.025 0.049
0 0.563 0.244 0.021 0.041
0 0.598 0.336 0.029 0.056
0 0.669 0.344 0.025 0.059
0 0.707 0.289 0.024 0.048
0 0.673 0.239 0.019 0.041
0 0.7 0.21 0.018 0.041
0 0.687 0.179 0.013 0.03
0 0.728 0.153 0.015 0.03
0 0.743 0.181 0.015 0.03
0 0.749 0.235 0.019 0.053
0 0.777 0.284 0.023 0.058
0 0.861 0.215 0.018 0.036
0 0.923 0.266 0.019 0.041
0 0.873 0.194 0.015 0.026
0 0.847 0.189 0.012 0.033
0 0.846 0.155 0.015 0.03
0 0.863 0.148 0.012 0.026
0 0.862 0.124 0.01 0.025
0 0.89 0.126 0.009 0.025
0 0.886 0.179 0.014 0.023
0 0.887 0.155 0.015 0.025
0 0.926 0.162 0.015 0.038
0 0.797 0.174 0.018 0.036
0 0.808 0.156 0.012 0.03
0 0.827 0.136 0.014 0.031
0 0.807 0.128 0.012 0.026
0 0.79 0.132 0.012 0.026
0 0.777 0.117 0.015 0.026
0 0.752 0.153 0.015 0.03
0 0.741 0.141 0.015 0.026
0 0.754 0.126 0.012 0.025
0 0.749 0.103 0.013 0.025
0 0.733 0.11 0.012 0.033
