0 0.202 0.365 0.047 0.094
0 0.313 0.235 0.023 0.048
0 0.321 0.194 0.019 0.04
0 0.352 0.196 0.02 0.04
0 0.408 0.201 0.022 0.046
0 0.449 0.211 0.02 0.038
0 0.439 0.17 0.018 0.038
0 0.42 0.155 0.017 0.038
0 0.457 0.168 0.017 0.036
0 0.478 0.187 0.024 0.044
0 0.475 0.156 0.016 0.033
0 0.462 0.142 0.013 0.027
0 0.498 0.128 0.011 0.027
0 0.505 0.146 0.012 0.031
0 0.51 0.214 0.021 0.04
0 0.555 0.178 0.014 0.038
0 0.515 0.276 0.028 0.061
0 0.582 0.286 0.029 0.063
0 0.597 0.24 0.023 0.048
0 0.63 0.295 0.028 0.065
0 0.523 0.162 0.016 0.029
0 0.519 0.135 0.012 0.025
0 0.512 0.114 0.011 0.021
0 0.542 0.139 0.014 0.029
0 0.551 0.123 0.013 0.027
0 0.576 0.133 0.015 0.033
0 0.59 0.165 0.014 0.034
0 0.601 0.141 0.017 0.036
0 0.626 0.154 0.018 0.033
0 0.588 0.111 0.013 0.027
0 0.611 0.094 0.013 0.023
0 0.605 0.119 0.015 0.023
0 0.632 0.128 0.017 0.023
0 0.64 0.113 0.016 0.023
0 0.631 0.096 0.01 0.027
0 0.66 0.109 0.012 0.027
0 0.668 0.119 0.012 0.023
0 0.68 0.119 0.011 0.023
0 0.691 0.127 0.014 0.033
0 0.711 0.123 0.011 0.031
0 0.726 0.136 0.016 0.034
0 0.709 0.155 0.016 0.034
0 0.655 0.148 0.021 0.033
0 0.662 0.187 0.018 0.036
0 0.633 0.197 0.021 0.05
0 0.628 0.248 0.022 0.044
0 0.67 0.213 0.02 0.042
0 0.676 0.274 0.024 0.046
0 0.685 0.348 0.039 0.075
0 0.756 0.332 0.028 0.067
0 0.724 0.222 0.023 0.05
0 0.702 0.216 0.02 0.042
0 0.744 0.166 0.017 0.036
0 0.76 0.122 0.016 0.036
0 0.769 0.143 0.014 0.033
0 0.788 0.136 0.013 0.034
0 0.799 0.149 0.015 0.034
0 0.779 0.18 0.014 0.034
0 0.793 0.203 0.018 0.042
0 0.814 0.193 0.019 0.038
0 0.829 0.175 0.014 0.036
0 0.844 0.153 0.014 0.027
0 0.843 0.212 0.014 0.04
0 0.858 0.208 0.014 0.044
0 0.865 0.175 0.014 0.033
0 0.88 0.169 0.012 0.027
0 0.881 0.148 0.013 0.031
0 0.892 0.193 0.016 0.036
0 0.904 0.183 0.013 0.036
0 0.913 0.166 0.015 0.04
0 0.941 0.196 0.017 0.036
0 0.941 0.17 0.013 0.031
0 0.925 0.244 0.016 0.044
0 0.918 0.326 0.026 0.069
0 0.927 0.297 0.023 0.046
0 0.88 0.268 0.028 0.061
0 0.886 0.223 0.019 0.036
0 0.852 0.301 0.027 0.061
0 0.813 0.284 0.019 0.048
0 0.83 0.359 0.035 0.063
0 0.793 0.27 0.026 0.054
