0 0.19 0.417 0.048 0.077
0 0.281 0.245 0.014 0.025
0 0.296 0.25 0.016 0.028
0 0.292 0.275 0.019 0.028
0 0.371 0.281 0.019 0.034
0 0.398 0.218 0.015 0.023
0 0.387 0.192 0.014 0.02
0 0.385 0.178 0.012 0.018
0 0.422 0.179 0.016 0.036
0 0.457 0.152 0.011 0.026
0 0.472 0.157 0.015 0.03
0 0.446 0.189 0.015 0.031
0 0.463 0.203 0.016 0.036
0 0.437 0.238 0.022 0.043
0 0.469 0.235 0.027 0.044
0 0.491 0.202 0.019 0.036
0 0.501 0.157 0.012 0.025
0 0.514 0.128 0.012 0.02
0 0.531 0.174 0.011 0.023
0 0.549 0.18 0.013 0.025
0 0.552 0.13 0.013 0.025
0 0.564 0.134 0.014 0.023
0 0.589 0.12 0.011 0.018
0 0.598 0.109 0.013 0.021
0 0.627 0.112 0.018 0.025
0 0.616 0.147 0.015 0.025
0 0.595 0.175 0.016 0.033
0 0.656 0.136 0.012 0.023
0 0.674 0.111 0.015 0.018
0 0.703 0.107 0.016 0.026
0 0.746 0.116 0.014 0.023
0 0.766 0.131 0.011 0.023
0 0.758 0.142 0.014 0.025
0 0.749 0.152 0.011 0.023
0 0.782 0.141 0.013 0.036
0 0.803 0.15 0.015 0.034
0 0.832 0.15 0.014 0.031
0 0.838 0.136 0.013 0.023
0 0.865 0.138 0.014 0.026
0 0.86 0.157 0.014 0.025
0 0.849 0.174 0.017 0.036
0 0.9 0.158 0.013 0.021
0 0.894 0.176 0.018 0.034
0 0.882 0.207 0.019 0.039
0 0.921 0.152 0.01 0.018
0 0.928 0.211 0.013 0.023
0 0.929 0.249 0.021 0.036
0 0.915 0.294 0.022 0.051
0 0.866 0.248 0.02 0.041
0 0.83 0.209 0.016 0.034
0 0.813 0.238 0.017 0.039
0 0.772 0.213 0.019 0.043
0 0.732 0.198 0.02 0.039
0 0.734 0.175 0.013 0.03
0 0.695 0.161 0.015 0.025
0 0.688 0.185 0.018 0.039
0 0.654 0.184 0.016 0.034
0 0.664 0.213 0.021 0.039
0 0.617 0.209 0.019 0.034
0 0.586 0.242 0.021 0.038
0 0.628 0.249 0.017 0.036
0 0.7 0.228 0.019 0.036
0 0.641 0.296 0.024 0.044
0 0.533 0.328 0.026 0.043
0 0.498 0.358 0.026 0.044
0 0.511 0.221 0.018 0.03
0 0.733 0.25 0.023 0.054
0 0.699 0.324 0.025 0.054
0 0.748 0.325 0.029 0.062
0 0.779 0.264 0.026 0.049
0 0.824 0.353 0.03 0.057
0 0.915 0.427 0.037 0.064
