0 0.339 0.185 0.02 0.037
0 0.382 0.237 0.021 0.04
0 0.411 0.266 0.025 0.045
0 0.399 0.205 0.017 0.034
0 0.388 0.19 0.014 0.03
0 0.397 0.169 0.016 0.032
0 0.418 0.162 0.015 0.029
0 0.428 0.178 0.014 0.03
0 0.428 0.21 0.015 0.037
0 0.451 0.218 0.02 0.042
0 0.476 0.235 0.022 0.04
0 0.476 0.182 0.017 0.042
0 0.462 0.176 0.012 0.029
0 0.471 0.145 0.015 0.032
0 0.483 0.142 0.015 0.029
0 0.505 0.121 0.01 0.024
0 0.512 0.197 0.023 0.04
0 0.522 0.166 0.015 0.034
0 0.544 0.199 0.021 0.035
0 0.554 0.171 0.017 0.032
0 0.548 0.15 0.014 0.024
0 0.545 0.134 0.012 0.02
0 0.576 0.149 0.015 0.032
0 0.608 0.151 0.015 0.03
0 0.585 0.171 0.02 0.034
0 0.6 0.134 0.014 0.03
0 0.6 0.116 0.012 0.02
0 0.609 0.108 0.012 0.025
0 0.628 0.121 0.013 0.02
0 0.63 0.144 0.015 0.032
0 0.663 0.138 0.013 0.03
0 0.653 0.108 0.013 0.027
0 0.686 0.121 0.014 0.034
0 0.704 0.131 0.013 0.027
0 0.565 0.264 0.029 0.054
0 0.592 0.329 0.031 0.074
0 0.614 0.257 0.027 0.057
0 0.641 0.213 0.021 0.045
0 0.668 0.199 0.02 0.049
0 0.713 0.2 0.021 0.037
0 0.708 0.16 0.016 0.034
0 0.726 0.161 0.015 0.03
0 0.742 0.166 0.015 0.034
0 0.757 0.155 0.012 0.027
0 0.75 0.14 0.016 0.032
0 0.782 0.138 0.016 0.034
0 0.804 0.166 0.015 0.032
0 0.785 0.182 0.016 0.034
0 0.783 0.224 0.018 0.039
0 0.756 0.247 0.023 0.047
0 0.748 0.205 0.019 0.04
0 0.719 0.28 0.031 0.062
0 0.682 0.359 0.034 0.069
0 0.827 0.25 0.026 0.04
0 0.843 0.224 0.022 0.04
0 0.836 0.172 0.016 0.029
0 0.841 0.15 0.016 0.037
0 0.865 0.184 0.017 0.029
0 0.879 0.177 0.016 0.035
0 0.89 0.235 0.022 0.047
0 0.876 0.289 0.022 0.057
0 0.848 0.33 0.03 0.062
0 0.886 0.402 0.059 0.111
0 0.921 0.305 0.023 0.062
0 0.945 0.242 0.018 0.04
0 0.957 0.224 0.019 0.04
0 0.943 0.195 0.017 0.037
0 0.939 0.166 0.015 0.03
0 0.898 0.203 0.013 0.034
