0 0.11 0.558 0.058 0.106
0 0.252 0.271 0.017 0.038
0 0.272 0.278 0.021 0.04
0 0.3 0.273 0.02 0.036
0 0.349 0.272 0.021 0.04
0 0.375 0.272 0.02 0.041
0 0.391 0.296 0.026 0.05
0 0.308 0.238 0.02 0.035
0 0.331 0.236 0.02 0.038
0 0.354 0.235 0.021 0.04
0 0.382 0.23 0.019 0.04
0 0.435 0.256 0.022 0.045
0 0.377 0.186 0.013 0.031
0 0.387 0.197 0.015 0.03
0 0.419 0.199 0.016 0.033
0 0.443 0.199 0.019 0.033
0 0.443 0.177 0.017 0.03
0 0.472 0.237 0.021 0.046
0 0.483 0.204 0.021 0.041
0 0.461 0.155 0.016 0.031
0 0.48 0.145 0.014 0.028
0 0.508 0.176 0.018 0.031
0 0.535 0.19 0.018 0.04
0 0.531 0.175 0.016 0.031
0 0.56 0.153 0.013 0.028
0 0.564 0.126 0.013 0.03
0 0.594 0.127 0.011 0.03
0 0.614 0.126 0.013 0.03
0 0.595 0.151 0.013 0.033
0 0.57 0.184 0.018 0.04
0 0.577 0.22 0.02 0.05
0 0.619 0.149 0.014 0.033
0 0.634 0.143 0.014 0.035
0 0.672 0.127 0.016 0.028
0 0.681 0.163 0.016 0.041
0 0.72 0.141 0.014 0.036
0 0.755 0.145 0.015 0.031
0 0.756 0.133 0.016 0.028
0 0.769 0.163 0.018 0.035
0 0.788 0.158 0.014 0.038
0 0.798 0.183 0.02 0.041
0 0.832 0.159 0.017 0.03
0 0.847 0.166 0.018 0.04
0 0.893 0.168 0.016 0.031
0 0.892 0.16 0.015 0.031
0 0.844 0.196 0.019 0.045
0 0.885 0.195 0.018 0.048
0 0.907 0.241 0.019 0.048
0 0.928 0.264 0.023 0.058
0 0.847 0.243 0.025 0.06
0 0.847 0.296 0.028 0.06
0 0.775 0.208 0.021 0.048
0 0.756 0.236 0.026 0.055
0 0.772 0.276 0.028 0.063
0 0.714 0.281 0.022 0.065
0 0.668 0.266 0.023 0.058
0 0.611 0.271 0.026 0.058
0 0.618 0.301 0.028 0.056
0 0.582 0.295 0.027 0.056
0 0.623 0.213 0.021 0.041
0 0.668 0.224 0.023 0.05
0 0.701 0.234 0.026 0.055
0 0.706 0.192 0.019 0.043
0 0.728 0.208 0.02 0.048
0 0.504 0.295 0.029 0.056
