0 0.09 0.281 0.023 0.052
0 0.284 0.231 0.02 0.038
0 0.295 0.233 0.016 0.034
0 0.334 0.19 0.016 0.034
0 0.356 0.193 0.016 0.034
0 0.359 0.23 0.02 0.04
0 0.379 0.238 0.019 0.038
0 0.387 0.178 0.013 0.031
0 0.407 0.172 0.013 0.028
0 0.381 0.211 0.015 0.029
0 0.413 0.243 0.018 0.038
0 0.427 0.203 0.017 0.041
0 0.427 0.176 0.014 0.031
0 0.444 0.168 0.014 0.029
0 0.46 0.215 0.019 0.036
0 0.45 0.253 0.019 0.036
0 0.489 0.155 0.012 0.031
0 0.5 0.159 0.014 0.026
0 0.504 0.189 0.017 0.036
0 0.507 0.134 0.012 0.022
0 0.522 0.147 0.017 0.031
0 0.529 0.186 0.019 0.031
0 0.542 0.163 0.014 0.029
0 0.553 0.133 0.012 0.024
0 0.554 0.148 0.017 0.028
0 0.561 0.189 0.017 0.036
0 0.571 0.166 0.015 0.034
0 0.579 0.144 0.013 0.029
0 0.596 0.141 0.013 0.024
0 0.601 0.161 0.017 0.029
0 0.609 0.167 0.017 0.031
0 0.597 0.231 0.02 0.048
0 0.628 0.214 0.019 0.041
0 0.638 0.254 0.022 0.047
0 0.674 0.186 0.015 0.034
0 0.647 0.16 0.014 0.024
0 0.628 0.141 0.013 0.028
0 0.618 0.128 0.013 0.021
0 0.612 0.128 0.015 0.026
0 0.645 0.128 0.014 0.031
0 0.661 0.114 0.012 0.024
0 0.667 0.132 0.013 0.029
0 0.684 0.138 0.013 0.028
0 0.69 0.117 0.012 0.024
0 0.71 0.117 0.011 0.024
0 0.783 0.134 0.011 0.024
0 0.738 0.154 0.013 0.033
0 0.741 0.178 0.018 0.036
0 0.72 0.19 0.014 0.034
0 0.706 0.184 0.016 0.031
0 0.685 0.228 0.02 0.038
0 0.695 0.259 0.022 0.047
0 0.698 0.309 0.025 0.069
0 0.738 0.241 0.018 0.043
0 0.771 0.247 0.018 0.045
0 0.795 0.218 0.016 0.04
0 0.799 0.174 0.013 0.034
0 0.806 0.142 0.011 0.033
0 0.836 0.143 0.012 0.031
0 0.836 0.178 0.014 0.034
0 0.857 0.163 0.012 0.036
0 0.877 0.17 0.015 0.033
0 0.869 0.196 0.016 0.033
0 0.916 0.155 0.012 0.031
0 0.906 0.183 0.016 0.038
0 0.954 0.199 0.011 0.033
0 0.936 0.212 0.016 0.028
0 0.947 0.226 0.014 0.031
0 0.925 0.258 0.017 0.04
0 0.918 0.331 0.022 0.055
0 0.889 0.231 0.017 0.038
0 0.897 0.21 0.019 0.031
0 0.858 0.224 0.014 0.034
0 0.844 0.224 0.017 0.034
0 0.821 0.207 0.016 0.031
0 0.825 0.27 0.018 0.057
0 0.795 0.298 0.023 0.055
0 0.75 0.383 0.025 0.066
0 0.763 0.141 0.014 0.034
0 0.757 0.199 0.019 0.036
0 0.659 0.147 0.014 0.026
0 0.338 0.228 0.015 0.031
0 0.456 0.196 0.014 0.029
