0 0.076 0.486 0.052 0.105
0 0.175 0.305 0.023 0.053
0 0.201 0.314 0.028 0.053
0 0.241 0.259 0.019 0.044
0 0.282 0.267 0.021 0.046
0 0.287 0.229 0.022 0.04
0 0.309 0.253 0.02 0.053
0 0.327 0.239 0.021 0.053
0 0.347 0.286 0.024 0.06
0 0.343 0.223 0.022 0.042
0 0.369 0.211 0.024 0.044
0 0.374 0.257 0.019 0.047
0 0.41 0.219 0.021 0.035
0 0.41 0.189 0.017 0.035
0 0.417 0.336 0.027 0.058
0 0.431 0.188 0.018 0.042
0 0.454 0.269 0.023 0.058
0 0.483 0.228 0.018 0.049
0 0.506 0.194 0.024 0.054
0 0.478 0.17 0.02 0.039
0 0.463 0.183 0.019 0.04
0 0.536 0.239 0.018 0.044
0 0.544 0.183 0.018 0.04
0 0.539 0.154 0.022 0.037
0 0.566 0.153 0.021 0.042
0 0.58 0.135 0.016 0.035
0 0.567 0.194 0.018 0.033
0 0.559 0.221 0.017 0.042
0 0.591 0.174 0.017 0.035
0 0.598 0.198 0.017 0.042
0 0.611 0.219 0.017 0.046
0 0.619 0.15 0.018 0.044
0 0.643 0.174 0.016 0.039
0 0.658 0.162 0.015 0.04
0 0.682 0.156 0.017 0.042
0 0.675 0.182 0.017 0.044
0 0.703 0.182 0.013 0.047
0 0.648 0.206 0.017 0.037
0 0.653 0.257 0.025 0.061
0 0.604 0.311 0.023 0.063
0 0.56 0.366 0.028 0.061
0 0.592 0.403 0.032 0.068
0 0.655 0.425 0.03 0.065
0 0.712 0.42 0.029 0.068
0 0.774 0.491 0.028 0.095
0 0.868 0.521 0.032 0.081
0 0.69 0.253 0.022 0.046
0 0.734 0.252 0.02 0.044
0 0.723 0.241 0.022 0.044
0 0.709 0.304 0.027 0.051
0 0.745 0.318 0.025 0.06
0 0.745 0.215 0.015 0.047
0 0.768 0.211 0.019 0.037
0 0.766 0.24 0.02 0.056
0 0.805 0.212 0.016 0.046
0 0.823 0.242 0.016 0.046
0 0.812 0.246 0.017 0.042
0 0.783 0.284 0.021 0.056
0 0.807 0.328 0.021 0.06
0 0.865 0.254 0.015 0.04
0 0.899 0.255 0.017 0.04
0 0.949 0.272 0.014 0.046
0 0.928 0.294 0.017 0.037
0 0.901 0.285 0.016 0.04
0 0.889 0.307 0.018 0.053
0 0.927 0.36 0.016 0.056
0 0.984 0.286 0.014 0.049
0 0.976 0.328 0.016 0.042
0 0.975 0.362 0.016 0.054
0 0.975 0.396 0.018 0.053
0 0.946 0.411 0.021 0.065
0 0.959 0.489 0.022 0.082
0 0.869 0.339 0.02 0.054
0 0.862 0.406 0.019 0.068
0 0.879 0.435 0.021 0.07
