0 0.096 0.599 0.055 0.121
0 0.195 0.302 0.022 0.05
0 0.223 0.289 0.022 0.052
0 0.264 0.253 0.02 0.047
0 0.305 0.226 0.019 0.043
0 0.317 0.257 0.023 0.05
0 0.348 0.218 0.019 0.045
0 0.37 0.271 0.025 0.05
0 0.36 0.205 0.019 0.04
0 0.388 0.197 0.02 0.042
0 0.386 0.248 0.018 0.043
0 0.438 0.321 0.025 0.057
0 0.468 0.256 0.023 0.059
0 0.425 0.21 0.022 0.047
0 0.433 0.176 0.013 0.04
0 0.453 0.172 0.016 0.033
0 0.489 0.165 0.019 0.04
0 0.494 0.21 0.019 0.05
0 0.518 0.174 0.019 0.047
0 0.55 0.227 0.019 0.045
0 0.555 0.17 0.016 0.043
0 0.551 0.144 0.015 0.035
0 0.576 0.142 0.014 0.038
0 0.579 0.176 0.018 0.045
0 0.577 0.21 0.014 0.04
0 0.601 0.198 0.018 0.047
0 0.605 0.163 0.016 0.035
0 0.595 0.13 0.015 0.038
0 0.62 0.209 0.017 0.048
0 0.629 0.135 0.016 0.042
0 0.656 0.185 0.017 0.038
0 0.653 0.151 0.015 0.035
0 0.667 0.132 0.013 0.033
0 0.686 0.147 0.017 0.038
0 0.687 0.176 0.018 0.043
0 0.687 0.221 0.017 0.048
0 0.672 0.237 0.019 0.052
0 0.709 0.17 0.015 0.045
0 0.616 0.301 0.028 0.055
0 0.57 0.351 0.028 0.069
0 0.604 0.387 0.027 0.064
0 0.66 0.409 0.03 0.071
0 0.721 0.422 0.026 0.08
0 0.728 0.273 0.023 0.055
0 0.75 0.301 0.019 0.045
0 0.798 0.468 0.031 0.092
0 0.866 0.507 0.031 0.087
0 0.886 0.418 0.024 0.071
0 0.862 0.352 0.02 0.054
0 0.812 0.308 0.023 0.055
0 0.79 0.276 0.02 0.054
0 0.74 0.241 0.019 0.047
0 0.748 0.202 0.017 0.045
0 0.771 0.192 0.016 0.045
0 0.8 0.234 0.016 0.036
0 0.82 0.238 0.019 0.043
0 0.808 0.2 0.017 0.04
0 0.843 0.221 0.015 0.036
0 0.868 0.241 0.013 0.04
0 0.879 0.24 0.013 0.045
0 0.899 0.237 0.016 0.042
0 0.899 0.268 0.014 0.045
0 0.884 0.299 0.019 0.052
0 0.921 0.349 0.019 0.057
0 0.946 0.395 0.024 0.071
0 0.95 0.495 0.023 0.069
0 0.974 0.38 0.018 0.061
0 0.973 0.334 0.015 0.042
0 0.979 0.266 0.013 0.036
0 0.945 0.253 0.013 0.042
0 0.929 0.285 0.016 0.052
