0 0.128 0.564 0.045 0.083
0 0.226 0.336 0.018 0.039
0 0.255 0.346 0.021 0.042
0 0.278 0.371 0.025 0.042
0 0.283 0.311 0.02 0.038
0 0.326 0.37 0.023 0.046
0 0.349 0.322 0.018 0.044
0 0.351 0.294 0.016 0.028
0 0.384 0.334 0.019 0.038
0 0.407 0.335 0.022 0.041
0 0.406 0.298 0.018 0.033
0 0.396 0.26 0.015 0.032
0 0.429 0.273 0.015 0.032
0 0.432 0.306 0.019 0.042
0 0.448 0.334 0.023 0.044
0 0.471 0.305 0.019 0.032
0 0.506 0.316 0.023 0.045
0 0.476 0.264 0.017 0.035
0 0.458 0.247 0.018 0.029
0 0.467 0.236 0.018 0.03
0 0.494 0.266 0.019 0.038
0 0.505 0.257 0.017 0.032
0 0.519 0.242 0.017 0.035
0 0.523 0.274 0.018 0.036
0 0.542 0.25 0.018 0.033
0 0.555 0.279 0.018 0.036
0 0.576 0.257 0.017 0.035
0 0.572 0.228 0.012 0.026
0 0.566 0.217 0.01 0.022
0 0.586 0.236 0.014 0.03
0 0.604 0.222 0.013 0.029
0 0.608 0.205 0.015 0.026
0 0.599 0.247 0.015 0.032
0 0.628 0.213 0.017 0.03
0 0.641 0.223 0.013 0.03
0 0.645 0.243 0.018 0.036
0 0.666 0.205 0.015 0.029
0 0.676 0.226 0.014 0.029
0 0.687 0.224 0.011 0.025
0 0.491 0.388 0.033 0.065
0 0.549 0.404 0.035 0.054
0 0.542 0.351 0.026 0.045
0 0.591 0.372 0.024 0.049
0 0.6 0.329 0.022 0.044
0 0.588 0.445 0.037 0.068
0 0.64 0.467 0.036 0.075
0 0.64 0.303 0.021 0.042
0 0.672 0.278 0.019 0.045
0 0.697 0.298 0.02 0.042
0 0.649 0.348 0.023 0.045
0 0.665 0.381 0.028 0.054
0 0.691 0.362 0.023 0.051
0 0.729 0.404 0.029 0.054
0 0.703 0.55 0.043 0.078
0 0.834 0.507 0.041 0.084
0 0.85 0.448 0.029 0.068
0 0.79 0.427 0.032 0.065
0 0.711 0.3 0.02 0.042
0 0.709 0.245 0.018 0.035
0 0.731 0.25 0.019 0.033
0 0.737 0.237 0.015 0.035
0 0.751 0.227 0.014 0.028
0 0.776 0.271 0.017 0.035
0 0.783 0.239 0.015 0.03
0 0.814 0.244 0.017 0.038
0 0.819 0.269 0.015 0.03
0 0.816 0.298 0.018 0.033
0 0.814 0.359 0.024 0.051
0 0.927 0.465 0.03 0.062
0 0.919 0.394 0.021 0.048
0 0.862 0.374 0.025 0.052
0 0.848 0.308 0.017 0.044
0 0.86 0.273 0.018 0.038
0 0.847 0.258 0.017 0.038
0 0.879 0.253 0.015 0.033
0 0.894 0.318 0.018 0.041
0 0.872 0.336 0.019 0.045
0 0.937 0.354 0.018 0.041
0 0.935 0.311 0.014 0.042
0 0.917 0.299 0.017 0.041
0 0.898 0.27 0.015 0.041
0 0.943 0.27 0.018 0.044
