0 0.841 0.206 0.015 0.036
0 0.835 0.23 0.016 0.036
0 0.867 0.286 0.02 0.048
0 0.89 0.225 0.015 0.036
0 0.93 0.241 0.012 0.033
0 0.93 0.283 0.016 0.041
0 0.911 0.347 0.021 0.057
0 0.841 0.342 0.024 0.048
0 0.794 0.316 0.024 0.067
0 0.759 0.257 0.018 0.045
0 0.727 0.295 0.021 0.058
0 0.731 0.182 0.016 0.041
0 0.663 0.199 0.015 0.038
0 0.639 0.247 0.016 0.046
0 0.679 0.26 0.024 0.048
0 0.594 0.24 0.017 0.045
0 0.583 0.181 0.015 0.036
0 0.622 0.144 0.011 0.027
0 0.508 0.152 0.012 0.029
0 0.499 0.19 0.014 0.038
0 0.543 0.197 0.016 0.041
0 0.488 0.229 0.018 0.046
0 0.419 0.223 0.015 0.034
0 0.435 0.225 0.017 0.043
0 0.397 0.252 0.019 0.045
0 0.34 0.211 0.014 0.026
0 0.342 0.253 0.018 0.039
