0 0.23 0.336 0.017 0.035
0 0.146 0.54 0.039 0.082
0 0.259 0.36 0.02 0.046
0 0.296 0.362 0.02 0.042
0 0.29 0.296 0.018 0.037
0 0.317 0.381 0.022 0.04
0 0.346 0.336 0.023 0.043
0 0.35 0.298 0.021 0.031
0 0.379 0.334 0.021 0.039
0 0.406 0.329 0.022 0.039
0 0.404 0.302 0.017 0.033
0 0.389 0.264 0.017 0.033
0 0.416 0.277 0.02 0.033
0 0.433 0.311 0.019 0.039
0 0.466 0.318 0.023 0.035
0 0.46 0.272 0.019 0.033
0 0.456 0.243 0.018 0.032
0 0.425 0.255 0.016 0.031
0 0.465 0.234 0.013 0.025
0 0.501 0.263 0.016 0.029
0 0.518 0.273 0.015 0.032
0 0.516 0.253 0.015 0.026
0 0.546 0.245 0.015 0.026
0 0.551 0.289 0.02 0.037
0 0.499 0.333 0.021 0.036
0 0.472 0.395 0.031 0.065
0 0.443 0.357 0.023 0.037
0 0.571 0.247 0.015 0.028
0 0.562 0.217 0.01 0.024
0 0.571 0.218 0.011 0.021
0 0.593 0.25 0.017 0.033
0 0.6 0.224 0.013 0.024
0 0.606 0.199 0.015 0.029
0 0.619 0.218 0.01 0.031
0 0.634 0.221 0.015 0.032
0 0.638 0.252 0.015 0.031
0 0.656 0.218 0.013 0.031
0 0.672 0.228 0.016 0.026
0 0.696 0.223 0.019 0.028
0 0.697 0.257 0.012 0.026
0 0.664 0.279 0.016 0.036
0 0.527 0.376 0.029 0.047
0 0.532 0.423 0.03 0.058
0 0.58 0.451 0.032 0.064
0 0.586 0.402 0.031 0.06
0 0.592 0.337 0.026 0.047
0 0.637 0.354 0.023 0.049
0 0.625 0.302 0.023 0.046
0 0.659 0.365 0.027 0.047
0 0.681 0.363 0.026 0.044
0 0.675 0.316 0.023 0.046
0 0.705 0.296 0.023 0.04
0 0.726 0.25 0.019 0.04
0 0.741 0.257 0.016 0.033
0 0.742 0.232 0.017 0.028
0 0.756 0.259 0.017 0.031
0 0.766 0.279 0.018 0.04
0 0.774 0.239 0.017 0.033
0 0.801 0.243 0.022 0.028
0 0.805 0.277 0.017 0.035
0 0.811 0.299 0.018 0.032
0 0.819 0.331 0.019 0.047
0 0.803 0.361 0.024 0.043
0 0.768 0.431 0.028 0.057
0 0.714 0.405 0.027 0.053
0 0.689 0.54 0.044 0.082
0 0.63 0.476 0.039 0.069
0 0.806 0.51 0.035 0.075
0 0.841 0.44 0.027 0.057
0 0.848 0.354 0.019 0.047
0 0.862 0.343 0.019 0.047
0 0.872 0.322 0.015 0.033
0 0.838 0.276 0.015 0.033
0 0.83 0.253 0.013 0.029
0 0.846 0.262 0.013 0.025
0 0.87 0.259 0.013 0.025
0 0.886 0.277 0.016 0.032
0 0.886 0.345 0.016 0.044
0 0.898 0.487 0.031 0.061
0 0.899 0.441 0.019 0.042
0 0.922 0.361 0.021 0.054
0 0.908 0.306 0.015 0.035
0 0.925 0.3 0.017 0.035
0 0.927 0.279 0.014 0.028
