0 0.015 0.429 0.027 0.052
0 0.235 0.342 0.017 0.035
0 0.259 0.373 0.021 0.044
0 0.292 0.376 0.022 0.041
0 0.292 0.307 0.02 0.038
0 0.336 0.362 0.022 0.041
0 0.362 0.336 0.019 0.038
0 0.358 0.302 0.013 0.034
0 0.389 0.329 0.019 0.032
0 0.41 0.339 0.023 0.039
0 0.414 0.303 0.02 0.03
0 0.412 0.274 0.016 0.031
0 0.399 0.269 0.015 0.03
0 0.434 0.253 0.016 0.032
0 0.453 0.267 0.016 0.034
0 0.44 0.366 0.023 0.047
0 0.477 0.303 0.022 0.037
0 0.479 0.268 0.015 0.028
0 0.475 0.238 0.016 0.035
0 0.512 0.269 0.016 0.028
0 0.525 0.28 0.021 0.035
0 0.524 0.253 0.014 0.03
0 0.538 0.252 0.016 0.035
0 0.506 0.324 0.02 0.039
0 0.562 0.281 0.017 0.032
0 0.586 0.271 0.016 0.031
0 0.579 0.247 0.016 0.028
0 0.579 0.227 0.017 0.028
0 0.563 0.231 0.015 0.028
0 0.604 0.251 0.016 0.028
0 0.605 0.226 0.014 0.025
0 0.616 0.209 0.016 0.03
0 0.538 0.357 0.025 0.054
0 0.47 0.413 0.03 0.061
0 0.534 0.431 0.035 0.055
0 0.598 0.452 0.038 0.066
0 0.643 0.449 0.035 0.068
0 0.618 0.367 0.022 0.051
0 0.604 0.338 0.021 0.035
0 0.64 0.302 0.021 0.045
0 0.64 0.252 0.016 0.032
0 0.631 0.22 0.012 0.031
0 0.646 0.229 0.016 0.032
0 0.663 0.212 0.012 0.027
0 0.679 0.226 0.013 0.027
0 0.704 0.228 0.014 0.03
0 0.709 0.251 0.016 0.031
0 0.681 0.273 0.016 0.041
0 0.66 0.372 0.025 0.058
0 0.653 0.342 0.019 0.035
0 0.694 0.358 0.024 0.044
0 0.739 0.406 0.029 0.054
0 0.719 0.484 0.041 0.072
0 0.79 0.43 0.027 0.056
0 0.818 0.366 0.022 0.055
0 0.731 0.291 0.017 0.037
0 0.738 0.262 0.016 0.034
0 0.751 0.238 0.016 0.023
0 0.753 0.25 0.012 0.024
0 0.765 0.265 0.014 0.028
0 0.78 0.286 0.015 0.034
0 0.783 0.25 0.013 0.024
0 0.794 0.25 0.013 0.028
0 0.82 0.269 0.016 0.031
0 0.825 0.313 0.02 0.037
0 0.847 0.344 0.02 0.045
0 0.861 0.286 0.016 0.03
0 0.847 0.26 0.017 0.035
0 0.877 0.255 0.012 0.032
0 0.903 0.288 0.016 0.035
0 0.892 0.319 0.017 0.032
0 0.867 0.372 0.025 0.054
0 0.874 0.345 0.018 0.041
0 0.851 0.472 0.03 0.063
0 0.83 0.525 0.038 0.073
0 0.919 0.47 0.032 0.056
0 0.919 0.327 0.02 0.047
0 0.938 0.351 0.023 0.039
0 0.94 0.286 0.016 0.03
