0 0.15 0.39 0.04 0.072
0 0.295 0.256 0.02 0.035
0 0.332 0.274 0.021 0.035
0 0.424 0.28 0.022 0.046
0 0.42 0.216 0.02 0.035
0 0.381 0.208 0.02 0.035
0 0.447 0.218 0.017 0.035
0 0.445 0.194 0.015 0.027
0 0.428 0.173 0.018 0.031
0 0.443 0.161 0.017 0.033
0 0.468 0.202 0.02 0.043
0 0.481 0.135 0.017 0.033
0 0.492 0.176 0.021 0.037
0 0.514 0.215 0.019 0.041
0 0.519 0.155 0.015 0.029
0 0.531 0.134 0.014 0.027
0 0.549 0.131 0.014 0.035
0 0.575 0.159 0.014 0.033
0 0.565 0.111 0.013 0.027
0 0.585 0.137 0.013 0.029
0 0.6 0.145 0.014 0.033
0 0.594 0.098 0.011 0.019
0 0.613 0.121 0.017 0.031
0 0.686 0.11 0.014 0.033
0 0.475 0.326 0.031 0.052
0 0.538 0.298 0.028 0.07
0 0.561 0.237 0.026 0.043
0 0.601 0.303 0.028 0.064
0 0.612 0.201 0.021 0.05
0 0.655 0.264 0.026 0.056
0 0.709 0.288 0.025 0.054
0 0.767 0.314 0.025 0.056
0 0.656 0.203 0.025 0.041
0 0.68 0.199 0.017 0.037
0 0.691 0.181 0.022 0.043
0 0.681 0.16 0.021 0.031
0 0.712 0.141 0.019 0.037
0 0.741 0.152 0.017 0.031
0 0.751 0.178 0.021 0.041
0 0.739 0.118 0.017 0.029
0 0.802 0.135 0.015 0.029
0 0.789 0.194 0.021 0.048
0 0.844 0.183 0.017 0.039
0 0.861 0.235 0.022 0.043
0 0.883 0.189 0.019 0.043
0 0.914 0.188 0.019 0.037
0 0.959 0.129 0.017 0.039
