0 0.08 0.496 0.059 0.111
0 0.259 0.284 0.017 0.04
0 0.288 0.256 0.015 0.03
0 0.312 0.235 0.021 0.042
0 0.348 0.222 0.02 0.042
0 0.376 0.202 0.02 0.035
0 0.652 0.097 0.012 0.032
0 0.69 0.104 0.017 0.038
0 0.453 0.145 0.013 0.03
0 0.411 0.171 0.012 0.03
0 0.555 0.113 0.017 0.04
0 0.59 0.1 0.012 0.027
0 0.484 0.136 0.014 0.03
0 0.873 0.128 0.013 0.027
0 0.817 0.125 0.015 0.04
0 0.74 0.114 0.018 0.032
0 0.747 0.116 0.015 0.03
0 0.769 0.117 0.014 0.028
0 0.781 0.119 0.01 0.025
0 0.535 0.132 0.017 0.038
0 0.525 0.131 0.012 0.033
0 0.348 0.275 0.016 0.038
0 0.412 0.22 0.013 0.035
0 0.462 0.196 0.019 0.04
0 0.487 0.19 0.022 0.042
0 0.492 0.224 0.023 0.047
0 0.571 0.17 0.024 0.045
0 0.536 0.194 0.016 0.033
0 0.628 0.146 0.02 0.037
0 0.688 0.154 0.017 0.035
0 0.4 0.286 0.021 0.05
0 0.482 0.315 0.024 0.055
0 0.551 0.308 0.024 0.055
0 0.606 0.213 0.02 0.053
0 0.648 0.178 0.018 0.04
0 0.662 0.206 0.018 0.037
0 0.715 0.188 0.017 0.047
0 0.746 0.179 0.014 0.04
0 0.606 0.323 0.029 0.051
0 0.664 0.259 0.024 0.04
0 0.679 0.341 0.024 0.058
0 0.711 0.282 0.03 0.055
0 0.747 0.254 0.022 0.047
0 0.784 0.284 0.03 0.056
0 0.805 0.176 0.018 0.04
0 0.829 0.17 0.016 0.035
0 0.853 0.188 0.021 0.053
0 0.901 0.13 0.012 0.032
0 0.928 0.154 0.013 0.03
0 0.893 0.194 0.022 0.04
0 0.872 0.227 0.022 0.045
0 0.818 0.233 0.021 0.048
0 0.932 0.284 0.031 0.05
0 0.927 0.203 0.022 0.038
0 0.299 0.267 0.017 0.042
0 0.376 0.226 0.02 0.033
0 0.373 0.209 0.023 0.027
0 0.47 0.158 0.018 0.037
0 0.548 0.159 0.019 0.04
0 0.625 0.096 0.009 0.017
0 0.57 0.237 0.019 0.045
0 0.669 0.121 0.017 0.03
0 0.727 0.143 0.016 0.043
0 0.841 0.147 0.018 0.035
0 0.704 0.219 0.023 0.04
0 0.795 0.137 0.011 0.035
0 0.452 0.217 0.021 0.038
0 0.585 0.152 0.018 0.038
0 0.748 0.155 0.019 0.032
0 0.621 0.116 0.015 0.027
0 0.641 0.122 0.013 0.025
