0 0.201 0.369 0.037 0.074
0 0.309 0.239 0.02 0.04
0 0.321 0.214 0.017 0.028
0 0.35 0.182 0.016 0.033
0 0.363 0.197 0.015 0.035
0 0.41 0.226 0.018 0.035
0 0.432 0.188 0.016 0.028
0 0.413 0.173 0.016 0.035
0 0.454 0.193 0.017 0.036
0 0.466 0.23 0.021 0.038
0 0.452 0.157 0.015 0.031
0 0.469 0.142 0.014 0.031
0 0.476 0.166 0.017 0.028
0 0.503 0.162 0.017 0.031
0 0.497 0.141 0.012 0.029
0 0.509 0.143 0.013 0.031
0 0.548 0.186 0.019 0.04
0 0.558 0.197 0.017 0.035
0 0.531 0.135 0.012 0.028
0 0.539 0.14 0.012 0.021
0 0.55 0.147 0.012 0.024
0 0.568 0.155 0.017 0.033
0 0.587 0.185 0.018 0.038
0 0.592 0.154 0.017 0.038
0 0.592 0.124 0.013 0.031
0 0.6 0.134 0.013 0.029
0 0.613 0.111 0.015 0.031
0 0.631 0.145 0.016 0.035
0 0.638 0.13 0.016 0.029
0 0.667 0.132 0.01 0.029
0 0.674 0.122 0.012 0.026
0 0.687 0.131 0.01 0.024
0 0.701 0.13 0.014 0.022
0 0.491 0.327 0.031 0.057
0 0.565 0.324 0.028 0.064
0 0.593 0.317 0.032 0.064
0 0.582 0.268 0.024 0.052
0 0.626 0.237 0.021 0.048
0 0.633 0.186 0.017 0.029
0 0.648 0.267 0.023 0.043
0 0.651 0.164 0.017 0.031
0 0.669 0.195 0.021 0.041
0 0.68 0.223 0.019 0.041
0 0.667 0.317 0.02 0.043
0 0.699 0.323 0.03 0.069
0 0.728 0.238 0.022 0.041
0 0.711 0.183 0.017 0.035
0 0.737 0.19 0.018 0.041
0 0.756 0.164 0.015 0.035
0 0.768 0.193 0.018 0.041
0 0.754 0.092 0.015 0.035
0 0.795 0.191 0.017 0.036
0 0.776 0.169 0.014 0.035
0 0.744 0.163 0.015 0.029
0 0.804 0.218 0.016 0.04
0 0.818 0.252 0.021 0.045
0 0.782 0.306 0.026 0.055
0 0.801 0.372 0.032 0.078
0 0.853 0.376 0.028 0.054
0 0.904 0.428 0.033 0.069
0 0.828 0.226 0.019 0.038
0 0.818 0.203 0.014 0.036
0 0.829 0.187 0.013 0.028
0 0.849 0.199 0.019 0.04
0 0.869 0.221 0.02 0.041
0 0.868 0.185 0.016 0.028
0 0.878 0.174 0.012 0.024
0 0.874 0.155 0.011 0.021
0 0.882 0.206 0.016 0.033
0 0.889 0.24 0.017 0.048
0 0.867 0.286 0.026 0.057
0 0.918 0.338 0.022 0.04
0 0.925 0.255 0.019 0.04
0 0.939 0.221 0.013 0.031
0 0.941 0.193 0.013 0.028
0 0.92 0.18 0.014 0.033
