0 0.13 0.508 0.05 0.114
0 0.24 0.252 0.017 0.04
0 0.247 0.267 0.02 0.043
0 0.292 0.229 0.019 0.04
0 0.311 0.232 0.02 0.041
0 0.323 0.202 0.018 0.038
0 0.344 0.21 0.02 0.04
0 0.365 0.202 0.017 0.035
0 0.378 0.191 0.015 0.03
0 0.38 0.251 0.021 0.047
0 0.403 0.183 0.015 0.037
0 0.416 0.218 0.017 0.037
0 0.453 0.286 0.023 0.053
0 0.446 0.163 0.017 0.03
0 0.446 0.185 0.017 0.038
0 0.477 0.157 0.016 0.034
0 0.491 0.168 0.017 0.04
0 0.509 0.147 0.013 0.032
0 0.529 0.163 0.017 0.04
0 0.537 0.155 0.015 0.038
0 0.508 0.198 0.02 0.037
0 0.484 0.233 0.022 0.049
0 0.561 0.205 0.017 0.035
0 0.565 0.136 0.017 0.034
0 0.569 0.155 0.016 0.037
0 0.589 0.188 0.017 0.035
0 0.594 0.165 0.017 0.035
0 0.589 0.135 0.017 0.032
0 0.611 0.117 0.016 0.029
0 0.617 0.149 0.016 0.03
0 0.622 0.17 0.014 0.038
0 0.632 0.189 0.015 0.037
0 0.626 0.278 0.024 0.059
0 0.588 0.316 0.028 0.046
0 0.613 0.353 0.029 0.059
0 0.642 0.129 0.013 0.035
0 0.672 0.136 0.016 0.029
0 0.666 0.148 0.016 0.034
0 0.67 0.174 0.013 0.03
0 0.686 0.177 0.013 0.034
0 0.7 0.132 0.015 0.032
0 0.719 0.15 0.016 0.035
0 0.708 0.204 0.018 0.043
0 0.672 0.235 0.022 0.055
0 0.668 0.382 0.025 0.059
0 0.732 0.369 0.026 0.061
0 0.756 0.186 0.015 0.03
0 0.745 0.197 0.015 0.038
0 0.75 0.22 0.018 0.04
0 0.733 0.248 0.02 0.055
0 0.761 0.275 0.022 0.047
0 0.78 0.171 0.017 0.026
0 0.785 0.204 0.017 0.04
0 0.815 0.185 0.015 0.038
0 0.823 0.214 0.017 0.041
0 0.803 0.231 0.017 0.044
0 0.81 0.293 0.022 0.056
0 0.85 0.207 0.017 0.037
0 0.87 0.223 0.018 0.034
0 0.884 0.22 0.017 0.04
0 0.912 0.221 0.017 0.04
0 0.905 0.246 0.015 0.035
0 0.935 0.257 0.016 0.038
0 0.953 0.236 0.014 0.041
0 0.93 0.309 0.015 0.049
0 0.892 0.276 0.018 0.04
0 0.878 0.297 0.018 0.043
0 0.864 0.319 0.019 0.053
0 0.887 0.371 0.022 0.066
0 0.875 0.461 0.027 0.081
0 0.801 0.42 0.03 0.09
0 0.964 0.423 0.026 0.059
0 0.953 0.361 0.021 0.056
0 0.976 0.345 0.017 0.043
0 0.991 0.268 0.014 0.035
0 0.98 0.292 0.013 0.035
0 0.978 0.315 0.016 0.044
