0 0.835 0.207 0.014 0.039
0 0.882 0.22 0.013 0.046
0 0.874 0.236 0.014 0.042
0 0.875 0.406 0.018 0.069
0 0.865 0.341 0.014 0.061
0 0.949 0.377 0.02 0.061
0 0.966 0.442 0.018 0.066
0 0.925 0.32 0.014 0.052
0 0.976 0.334 0.01 0.042
0 0.978 0.365 0.013 0.044
0 0.94 0.269 0.013 0.044
0 0.951 0.241 0.011 0.039
0 0.987 0.264 0.01 0.035
0 0.984 0.306 0.012 0.041
0 0.912 0.228 0.014 0.041
0 0.889 0.268 0.015 0.049
0 0.903 0.246 0.012 0.039
0 0.82 0.296 0.019 0.054
0 0.716 0.15 0.011 0.03
0 0.717 0.209 0.012 0.044
0 0.726 0.271 0.017 0.049
0 0.738 0.213 0.012 0.041
0 0.761 0.231 0.016 0.047
0 0.77 0.282 0.018 0.047
0 0.785 0.167 0.013 0.041
0 0.781 0.208 0.017 0.051
0 0.815 0.188 0.014 0.044
0 0.817 0.238 0.013 0.051
0 0.796 0.252 0.017 0.044
0 0.733 0.389 0.026 0.066
0 0.807 0.46 0.029 0.083
0 0.863 0.517 0.026 0.081
0 0.611 0.372 0.021 0.057
0 0.662 0.406 0.024 0.073
0 0.619 0.288 0.021 0.056
0 0.632 0.193 0.013 0.044
0 0.668 0.246 0.019 0.059
0 0.668 0.18 0.013 0.035
0 0.661 0.147 0.01 0.037
0 0.698 0.138 0.011 0.032
0 0.69 0.16 0.013 0.041
0 0.646 0.135 0.013 0.037
0 0.602 0.122 0.012 0.035
0 0.583 0.136 0.014 0.035
0 0.623 0.126 0.011 0.032
0 0.62 0.154 0.014 0.03
0 0.529 0.158 0.011 0.035
0 0.557 0.138 0.012 0.039
0 0.554 0.16 0.014 0.037
0 0.576 0.194 0.014 0.041
0 0.556 0.215 0.016 0.041
0 0.496 0.149 0.011 0.03
0 0.45 0.159 0.013 0.037
0 0.437 0.188 0.014 0.039
0 0.418 0.171 0.012 0.025
0 0.403 0.185 0.013 0.035
0 0.405 0.233 0.012 0.041
0 0.472 0.247 0.016 0.049
0 0.481 0.163 0.015 0.042
0 0.503 0.204 0.014 0.044
0 0.359 0.207 0.016 0.039
0 0.372 0.264 0.016 0.052
0 0.441 0.304 0.019 0.061
0 0.318 0.203 0.015 0.044
0 0.331 0.231 0.017 0.047
0 0.31 0.232 0.016 0.039
0 0.278 0.236 0.018 0.037
0 0.207 0.267 0.015 0.044
0 0.219 0.284 0.018 0.047
0 0.367 0.193 0.017 0.029
0 0.565 0.341 0.022 0.057
0 0.103 0.569 0.038 0.115
