0 0.168 0.487 0.041 0.08
0 0.25 0.263 0.015 0.032
0 0.272 0.26 0.018 0.033
0 0.292 0.266 0.019 0.042
0 0.31 0.268 0.019 0.048
0 0.309 0.219 0.019 0.033
0 0.33 0.22 0.018 0.037
0 0.349 0.22 0.018 0.04
0 0.344 0.262 0.021 0.04
0 0.368 0.273 0.018 0.042
0 0.372 0.186 0.013 0.028
0 0.395 0.21 0.019 0.033
0 0.405 0.274 0.025 0.053
0 0.43 0.237 0.021 0.037
0 0.416 0.184 0.015 0.03
0 0.402 0.176 0.015 0.032
0 0.448 0.187 0.02 0.033
0 0.473 0.23 0.022 0.045
0 0.481 0.195 0.016 0.033
0 0.5 0.194 0.018 0.035
0 0.482 0.169 0.013 0.028
0 0.472 0.158 0.017 0.032
0 0.457 0.144 0.013 0.027
0 0.495 0.125 0.012 0.027
0 0.538 0.186 0.018 0.035
0 0.555 0.157 0.013 0.03
0 0.57 0.164 0.016 0.038
0 0.565 0.142 0.011 0.027
0 0.55 0.125 0.014 0.03
0 0.576 0.125 0.012 0.03
0 0.596 0.134 0.011 0.028
0 0.613 0.134 0.014 0.033
0 0.621 0.141 0.013 0.028
0 0.646 0.126 0.011 0.032
0 0.65 0.109 0.009 0.023
0 0.674 0.114 0.012 0.028
0 0.627 0.184 0.017 0.035
0 0.551 0.24 0.023 0.047
0 0.492 0.305 0.03 0.058
0 0.577 0.288 0.025 0.058
0 0.6 0.33 0.033 0.068
0 0.619 0.25 0.027 0.053
0 0.675 0.239 0.025 0.05
0 0.671 0.195 0.02 0.043
0 0.661 0.171 0.016 0.035
0 0.684 0.144 0.017 0.035
0 0.705 0.145 0.013 0.027
0 0.72 0.16 0.017 0.037
0 0.701 0.181 0.018 0.038
0 0.718 0.223 0.026 0.052
0 0.713 0.274 0.026 0.05
0 0.772 0.276 0.023 0.055
0 0.776 0.226 0.025 0.052
0 0.735 0.196 0.022 0.048
0 0.757 0.164 0.016 0.037
0 0.774 0.184 0.015 0.037
0 0.741 0.146 0.017 0.032
0 0.739 0.116 0.014 0.028
0 0.765 0.129 0.015 0.032
0 0.787 0.149 0.014 0.033
0 0.803 0.164 0.018 0.045
0 0.844 0.339 0.031 0.057
0 0.858 0.25 0.028 0.055
0 0.85 0.219 0.025 0.04
0 0.834 0.145 0.017 0.03
0 0.864 0.149 0.016 0.038
0 0.879 0.164 0.013 0.035
0 0.896 0.151 0.013 0.032
0 0.893 0.193 0.019 0.038
0 0.92 0.224 0.017 0.04
0 0.916 0.265 0.025 0.053
