0 0.948 0.233 0.012 0.036
0 0.934 0.258 0.013 0.036
0 0.897 0.273 0.013 0.046
0 0.893 0.217 0.013 0.04
0 0.875 0.228 0.013 0.04
0 0.905 0.236 0.012 0.045
0 0.989 0.253 0.009 0.036
0 0.979 0.292 0.012 0.038
0 0.975 0.327 0.012 0.045
0 0.98 0.354 0.014 0.043
0 0.929 0.337 0.017 0.055
0 0.958 0.369 0.018 0.066
0 0.955 0.433 0.017 0.075
0 0.864 0.335 0.018 0.058
0 0.881 0.423 0.02 0.078
0 0.854 0.497 0.025 0.086
0 0.814 0.183 0.013 0.038
0 0.823 0.216 0.014 0.041
0 0.837 0.205 0.015 0.04
0 0.812 0.242 0.016 0.046
0 0.821 0.3 0.017 0.058
0 0.776 0.18 0.011 0.033
0 0.762 0.189 0.013 0.033
0 0.783 0.2 0.015 0.038
0 0.771 0.276 0.019 0.058
0 0.749 0.223 0.017 0.051
0 0.737 0.214 0.014 0.036
0 0.727 0.253 0.02 0.053
0 0.695 0.205 0.017 0.046
0 0.696 0.136 0.012 0.036
0 0.717 0.151 0.013 0.041
0 0.692 0.154 0.013 0.04
0 0.671 0.224 0.018 0.051
0 0.729 0.397 0.025 0.073
0 0.665 0.399 0.024 0.07
0 0.808 0.457 0.032 0.086
0 0.66 0.126 0.011 0.033
0 0.637 0.123 0.014 0.035
0 0.654 0.145 0.013 0.035
0 0.662 0.177 0.013 0.036
0 0.597 0.119 0.011 0.036
0 0.587 0.132 0.013 0.033
0 0.594 0.156 0.013 0.035
0 0.613 0.149 0.013 0.033
0 0.618 0.171 0.013 0.036
0 0.621 0.195 0.013 0.046
0 0.61 0.296 0.021 0.058
0 0.587 0.193 0.014 0.045
0 0.563 0.132 0.013 0.033
0 0.559 0.151 0.014 0.031
0 0.531 0.157 0.016 0.033
0 0.559 0.211 0.015 0.041
0 0.585 0.331 0.025 0.06
0 0.61 0.363 0.024 0.058
0 0.512 0.057 0.014 0.028
0 0.46 0.154 0.013 0.036
0 0.485 0.162 0.014 0.043
0 0.498 0.149 0.012 0.033
0 0.5 0.203 0.015 0.045
0 0.484 0.232 0.019 0.053
0 0.439 0.195 0.014 0.041
0 0.424 0.173 0.013 0.038
0 0.4 0.233 0.016 0.048
0 0.449 0.294 0.023 0.058
0 0.378 0.178 0.016 0.038
0 0.362 0.204 0.014 0.045
0 0.374 0.261 0.018 0.055
0 0.323 0.206 0.018 0.045
0 0.322 0.235 0.016 0.04
0 0.361 0.245 0.021 0.036
0 0.265 0.245 0.014 0.043
0 0.234 0.257 0.011 0.041
0 0.246 0.262 0.017 0.043
0 0.106 0.55 0.042 0.108
