0 0.091 0.25 0.016 0.03
0 0.195 0.358 0.035 0.073
0 0.22 0.336 0.043 0.086
0 0.208 0.261 0.035 0.062
0 0.229 0.199 0.023 0.047
0 0.276 0.158 0.023 0.047
0 0.345 0.201 0.019 0.043
0 0.363 0.208 0.022 0.043
0 0.391 0.196 0.02 0.041
0 0.436 0.24 0.032 0.065
0 0.436 0.18 0.026 0.058
0 0.423 0.146 0.019 0.041
0 0.398 0.14 0.022 0.037
0 0.381 0.153 0.018 0.037
0 0.455 0.151 0.019 0.041
0 0.475 0.203 0.025 0.062
0 0.489 0.136 0.019 0.047
0 0.472 0.124 0.014 0.032
0 0.509 0.125 0.014 0.03
0 0.528 0.154 0.016 0.043
0 0.548 0.178 0.018 0.041
0 0.554 0.158 0.019 0.036
0 0.541 0.137 0.017 0.028
0 0.533 0.064 0.014 0.024
0 0.547 0.062 0.014 0.022
0 0.568 0.065 0.017 0.026
0 0.582 0.154 0.018 0.036
0 0.628 0.148 0.023 0.049
0 0.63 0.113 0.02 0.032
0 0.664 0.113 0.019 0.039
0 0.683 0.115 0.016 0.036
0 0.695 0.098 0.018 0.032
0 0.732 0.087 0.018 0.032
0 0.698 0.158 0.015 0.036
0 0.71 0.179 0.02 0.039
0 0.62 0.266 0.027 0.058
0 0.417 0.364 0.052 0.095
0 0.694 0.308 0.032 0.071
0 0.729 0.297 0.023 0.049
0 0.753 0.261 0.023 0.05
0 0.748 0.201 0.022 0.05
0 0.738 0.157 0.017 0.034
0 0.75 0.129 0.019 0.037
0 0.765 0.167 0.017 0.039
0 0.783 0.129 0.02 0.037
0 0.807 0.154 0.018 0.036
0 0.8 0.21 0.017 0.036
0 0.737 0.375 0.034 0.08
0 0.82 0.378 0.031 0.071
0 0.866 0.441 0.04 0.09
0 0.853 0.307 0.025 0.064
0 0.809 0.256 0.025 0.049
0 0.876 0.186 0.028 0.062
0 0.926 0.298 0.028 0.065
0 0.939 0.173 0.025 0.058
