0 0.16 0.275 0.033 0.051
0 0.182 0.404 0.037 0.074
0 0.641 0.1 0.015 0.03
0 0.693 0.108 0.014 0.025
0 0.727 0.116 0.018 0.031
0 0.777 0.119 0.012 0.025
0 0.807 0.124 0.01 0.033
0 0.837 0.124 0.018 0.035
0 0.561 0.13 0.012 0.024
0 0.525 0.14 0.012 0.028
0 0.592 0.103 0.008 0.02
0 0.608 0.118 0.013 0.028
0 0.504 0.14 0.015 0.028
0 0.457 0.147 0.018 0.03
0 0.348 0.212 0.021 0.038
0 0.319 0.248 0.023 0.037
0 0.314 0.275 0.017 0.038
0 0.411 0.197 0.021 0.037
0 0.439 0.172 0.016 0.033
0 0.393 0.264 0.028 0.05
0 0.451 0.218 0.018 0.031
0 0.468 0.243 0.023 0.038
0 0.502 0.191 0.017 0.038
0 0.559 0.181 0.018 0.034
0 0.607 0.147 0.016 0.028
0 0.64 0.135 0.017 0.031
0 0.535 0.3 0.032 0.062
0 0.564 0.244 0.021 0.052
0 0.602 0.26 0.026 0.047
0 0.603 0.221 0.025 0.045
0 0.631 0.311 0.027 0.058
0 0.651 0.266 0.024 0.044
0 0.653 0.225 0.022 0.041
0 0.677 0.191 0.018 0.038
0 0.705 0.222 0.019 0.045
0 0.72 0.181 0.017 0.037
0 0.777 0.168 0.013 0.033
0 0.818 0.156 0.021 0.04
0 0.858 0.159 0.019 0.037
0 0.893 0.154 0.012 0.03
0 0.835 0.322 0.026 0.081
0 0.796 0.382 0.03 0.092
0 0.875 0.425 0.035 0.085
0 0.904 0.304 0.026 0.061
0 0.862 0.263 0.02 0.05
0 0.915 0.246 0.023 0.054
0 0.764 0.234 0.021 0.055
0 0.812 0.25 0.017 0.044
0 0.803 0.181 0.021 0.04
0 0.371 0.244 0.026 0.034
0 0.405 0.239 0.033 0.041
0 0.548 0.144 0.013 0.03
0 0.543 0.163 0.022 0.048
0 0.586 0.147 0.022 0.035
0 0.669 0.125 0.011 0.028
0 0.75 0.147 0.018 0.037
0 0.762 0.299 0.023 0.042
0 0.884 0.179 0.015 0.035
0 0.348 0.247 0.021 0.05
0 0.584 0.124 0.015 0.027
0 0.773 0.217 0.016 0.038
0 0.871 0.234 0.016 0.045
