0 0.353 0.212 0.019 0.041
0 0.405 0.248 0.022 0.045
0 0.433 0.217 0.014 0.034
0 0.455 0.222 0.019 0.041
0 0.514 0.22 0.019 0.036
0 0.517 0.184 0.017 0.029
0 0.553 0.193 0.015 0.038
0 0.599 0.171 0.02 0.031
0 0.638 0.137 0.014 0.033
0 0.72 0.063 0.014 0.029
0 0.733 0.183 0.019 0.041
0 0.681 0.194 0.018 0.033
0 0.656 0.257 0.022 0.045
0 0.744 0.278 0.022 0.055
0 0.794 0.26 0.02 0.041
0 0.866 0.344 0.022 0.05
0 0.887 0.296 0.018 0.05
0 0.855 0.233 0.015 0.038
0 0.866 0.2 0.015 0.038
0 0.913 0.224 0.016 0.034
0 0.948 0.21 0.015 0.038
0 0.952 0.283 0.017 0.041
