0 0.039 0.487 0.045 0.082
0 0.232 0.34 0.019 0.037
0 0.259 0.372 0.025 0.049
0 0.287 0.316 0.02 0.039
0 0.297 0.366 0.021 0.038
0 0.336 0.359 0.021 0.042
0 0.355 0.331 0.016 0.035
0 0.36 0.294 0.017 0.034
0 0.386 0.342 0.018 0.038
0 0.413 0.34 0.022 0.038
0 0.453 0.343 0.022 0.039
0 0.434 0.307 0.017 0.03
0 0.41 0.305 0.019 0.031
0 0.409 0.269 0.016 0.032
0 0.393 0.275 0.016 0.041
0 0.45 0.264 0.015 0.034
0 0.435 0.239 0.012 0.031
0 0.479 0.243 0.014 0.028
0 0.473 0.276 0.017 0.031
0 0.471 0.321 0.022 0.038
0 0.508 0.319 0.021 0.035
0 0.514 0.269 0.015 0.027
0 0.524 0.272 0.014 0.032
0 0.531 0.253 0.012 0.025
0 0.55 0.251 0.017 0.027
0 0.568 0.279 0.017 0.038
0 0.561 0.231 0.017 0.027
0 0.578 0.226 0.015 0.03
0 0.584 0.262 0.017 0.032
0 0.607 0.245 0.014 0.021
0 0.606 0.225 0.014 0.028
0 0.613 0.209 0.014 0.027
0 0.63 0.224 0.014 0.028
0 0.644 0.229 0.014 0.025
0 0.649 0.246 0.016 0.023
0 0.666 0.22 0.014 0.024
0 0.68 0.234 0.015 0.027
0 0.702 0.222 0.013 0.028
0 0.708 0.252 0.017 0.03
0 0.68 0.268 0.02 0.038
0 0.696 0.307 0.022 0.042
0 0.64 0.308 0.018 0.037
0 0.649 0.35 0.022 0.045
0 0.602 0.339 0.021 0.042
0 0.601 0.387 0.03 0.048
0 0.61 0.427 0.033 0.066
0 0.547 0.409 0.03 0.056
0 0.536 0.354 0.027 0.045
0 0.469 0.414 0.033 0.058
0 0.648 0.457 0.034 0.065
0 0.66 0.376 0.026 0.048
0 0.692 0.367 0.021 0.045
0 0.725 0.416 0.032 0.066
0 0.707 0.481 0.036 0.079
0 0.776 0.425 0.03 0.065
0 0.818 0.362 0.023 0.046
0 0.731 0.29 0.019 0.038
0 0.737 0.255 0.02 0.039
0 0.764 0.267 0.019 0.038
0 0.763 0.231 0.018 0.032
0 0.787 0.25 0.016 0.031
0 0.8 0.248 0.014 0.03
0 0.825 0.274 0.021 0.031
0 0.786 0.29 0.02 0.032
0 0.821 0.311 0.022 0.031
0 0.842 0.34 0.019 0.035
0 0.844 0.316 0.016 0.031
0 0.857 0.286 0.014 0.034
0 0.848 0.259 0.012 0.03
0 0.879 0.257 0.015 0.034
0 0.9 0.281 0.016 0.034
0 0.884 0.312 0.015 0.035
0 0.882 0.361 0.022 0.048
0 0.868 0.372 0.025 0.049
0 0.852 0.44 0.03 0.058
0 0.834 0.506 0.033 0.069
0 0.918 0.473 0.032 0.082
0 0.913 0.328 0.019 0.044
0 0.924 0.314 0.017 0.032
0 0.938 0.307 0.014 0.034
0 0.943 0.284 0.012 0.025
0 0.948 0.36 0.019 0.042
