0 0.268 0.256 0.011 0.028
0 0.278 0.247 0.009 0.028
0 0.297 0.263 0.019 0.048
0 0.363 0.252 0.022 0.059
0 0.392 0.269 0.018 0.038
0 0.363 0.198 0.016 0.029
0 0.407 0.222 0.017 0.033
0 0.445 0.228 0.018 0.041
0 0.417 0.162 0.012 0.024
0 0.45 0.185 0.016 0.035
0 0.467 0.163 0.017 0.026
0 0.479 0.187 0.013 0.038
0 0.498 0.163 0.012 0.033
0 0.517 0.203 0.018 0.04
0 0.525 0.167 0.013 0.029
0 0.543 0.172 0.016 0.033
0 0.531 0.124 0.012 0.028
0 0.556 0.11 0.012 0.022
0 0.564 0.131 0.013 0.031
0 0.581 0.169 0.022 0.035
0 0.586 0.137 0.012 0.029
0 0.602 0.154 0.015 0.028
0 0.594 0.104 0.011 0.024
0 0.616 0.101 0.01 0.026
0 0.639 0.103 0.011 0.026
0 0.67 0.104 0.012 0.026
0 0.701 0.1 0.01 0.028
0 0.643 0.132 0.012 0.026
0 0.494 0.296 0.028 0.054
0 0.531 0.329 0.022 0.047
0 0.556 0.25 0.022 0.041
0 0.607 0.21 0.02 0.036
0 0.607 0.264 0.019 0.041
0 0.612 0.321 0.033 0.066
0 0.656 0.173 0.018 0.038
0 0.681 0.154 0.014 0.031
0 0.658 0.212 0.023 0.04
0 0.675 0.329 0.025 0.067
0 0.707 0.266 0.025 0.048
0 0.703 0.234 0.023 0.029
0 0.706 0.182 0.016 0.043
0 0.731 0.186 0.019 0.05
0 0.75 0.22 0.019 0.054
0 0.761 0.276 0.029 0.055
0 0.751 0.331 0.034 0.064
0 0.789 0.406 0.032 0.076
0 0.776 0.157 0.016 0.041
0 0.786 0.212 0.017 0.048
0 0.824 0.137 0.015 0.029
0 0.837 0.118 0.011 0.033
0 0.857 0.142 0.015 0.028
0 0.872 0.125 0.01 0.029
0 0.884 0.149 0.012 0.022
0 0.896 0.14 0.014 0.031
0 0.92 0.162 0.013 0.035
0 0.878 0.17 0.017 0.033
0 0.823 0.203 0.018 0.05
0 0.873 0.21 0.021 0.043
0 0.921 0.212 0.016 0.038
0 0.805 0.239 0.022 0.04
0 0.862 0.254 0.017 0.045
0 0.922 0.254 0.017 0.041
0 0.84 0.332 0.025 0.062
0 0.912 0.295 0.028 0.055
0 0.899 0.4 0.029 0.078
0 0.829 0.154 0.016 0.035
0 0.611 0.134 0.015 0.029
0 0.492 0.193 0.015 0.035
0 0.388 0.198 0.013 0.033
0 0.397 0.199 0.017 0.036
