0 0.152 0.497 0.038 0.097
0 0.288 0.221 0.023 0.039
0 0.313 0.224 0.019 0.044
0 0.356 0.174 0.015 0.036
0 0.376 0.158 0.016 0.039
0 0.417 0.163 0.014 0.036
0 0.427 0.149 0.012 0.024
0 0.483 0.132 0.013 0.031
0 0.347 0.222 0.019 0.031
0 0.394 0.201 0.013 0.036
0 0.411 0.203 0.022 0.05
0 0.398 0.236 0.017 0.041
0 0.425 0.25 0.02 0.036
0 0.467 0.211 0.017 0.036
0 0.457 0.174 0.016 0.031
0 0.484 0.179 0.014 0.029
0 0.511 0.152 0.016 0.021
0 0.508 0.132 0.016 0.036
0 0.516 0.117 0.011 0.026
0 0.535 0.115 0.013 0.014
0 0.528 0.166 0.018 0.038
0 0.544 0.194 0.017 0.039
0 0.566 0.164 0.012 0.034
0 0.575 0.136 0.011 0.029
0 0.609 0.067 0.01 0.027
0 0.599 0.123 0.015 0.031
0 0.598 0.155 0.016 0.036
0 0.577 0.233 0.017 0.043
0 0.622 0.238 0.018 0.038
0 0.676 0.109 0.017 0.032
0 0.645 0.121 0.011 0.034
0 0.629 0.126 0.017 0.036
0 0.666 0.133 0.011 0.034
0 0.703 0.125 0.012 0.044
0 0.741 0.071 0.012 0.029
0 0.75 0.075 0.013 0.027
0 0.739 0.138 0.018 0.036
0 0.726 0.172 0.02 0.039
0 0.683 0.215 0.019 0.034
0 0.685 0.271 0.021 0.05
0 0.737 0.239 0.02 0.048
0 0.751 0.185 0.018 0.034
0 0.706 0.335 0.033 0.079
0 0.75 0.368 0.027 0.067
0 0.761 0.232 0.024 0.062
0 0.77 0.151 0.011 0.032
0 0.794 0.173 0.013 0.034
0 0.804 0.214 0.016 0.041
0 0.8 0.289 0.028 0.055
0 0.823 0.247 0.021 0.046
0 0.836 0.208 0.017 0.039
0 0.811 0.144 0.014 0.027
0 0.859 0.094 0.011 0.034
0 0.842 0.162 0.011 0.032
0 0.87 0.178 0.012 0.038
0 0.904 0.142 0.014 0.041
0 0.945 0.158 0.015 0.032
0 0.908 0.191 0.014 0.038
0 0.902 0.232 0.021 0.038
0 0.935 0.229 0.018 0.038
0 0.939 0.201 0.014 0.036
0 0.912 0.34 0.027 0.065
0 0.64 0.153 0.017 0.036
0 0.443 0.172 0.014 0.032
0 0.367 0.19 0.015 0.031
0 0.673 0.169 0.018 0.034
0 0.687 0.117 0.013 0.039
0 0.426 0.195 0.019 0.041
