0 0.208 0.441 0.043 0.094
0 0.274 0.267 0.017 0.037
0 0.304 0.25 0.013 0.034
0 0.321 0.261 0.014 0.039
0 0.33 0.255 0.017 0.031
0 0.334 0.219 0.013 0.032
0 0.366 0.247 0.021 0.042
0 0.34 0.221 0.015 0.031
0 0.4 0.257 0.017 0.042
0 0.424 0.264 0.019 0.044
0 0.391 0.188 0.013 0.027
0 0.409 0.172 0.012 0.028
0 0.425 0.182 0.013 0.037
0 0.441 0.156 0.012 0.03
0 0.464 0.161 0.013 0.031
0 0.457 0.219 0.016 0.037
0 0.478 0.188 0.013 0.028
0 0.481 0.227 0.018 0.042
0 0.444 0.154 0.009 0.025
0 0.496 0.128 0.009 0.021
0 0.507 0.184 0.013 0.038
0 0.52 0.15 0.013 0.03
0 0.485 0.305 0.021 0.045
0 0.538 0.308 0.025 0.047
0 0.553 0.257 0.021 0.054
0 0.548 0.196 0.016 0.039
0 0.552 0.166 0.017 0.035
0 0.554 0.142 0.014 0.034
0 0.6 0.111 0.017 0.031
0 0.587 0.158 0.016 0.031
0 0.625 0.13 0.013 0.027
0 0.642 0.116 0.012 0.028
0 0.664 0.122 0.012 0.032
0 0.653 0.17 0.017 0.041
0 0.614 0.207 0.019 0.042
0 0.61 0.253 0.024 0.052
0 0.652 0.218 0.019 0.049
0 0.645 0.264 0.023 0.056
0 0.684 0.313 0.025 0.059
0 0.703 0.281 0.025 0.059
0 0.687 0.183 0.018 0.041
0 0.704 0.228 0.022 0.048
0 0.721 0.151 0.015 0.037
0 0.751 0.144 0.012 0.031
0 0.764 0.121 0.013 0.03
0 0.739 0.194 0.015 0.038
0 0.751 0.228 0.018 0.044
0 0.759 0.173 0.01 0.034
0 0.79 0.274 0.019 0.049
0 0.776 0.346 0.032 0.073
0 0.783 0.214 0.016 0.035
0 0.808 0.228 0.019 0.048
0 0.847 0.314 0.022 0.061
0 0.832 0.137 0.011 0.028
0 0.875 0.146 0.012 0.03
0 0.802 0.135 0.013 0.031
0 0.821 0.158 0.012 0.037
0 0.838 0.195 0.015 0.042
0 0.82 0.209 0.014 0.045
0 0.855 0.256 0.02 0.049
0 0.891 0.251 0.021 0.045
0 0.887 0.202 0.013 0.032
0 0.873 0.217 0.018 0.045
0 0.787 0.159 0.011 0.035
0 0.802 0.178 0.013 0.032
