0 0.225 0.374 0.043 0.088
0 0.325 0.212 0.021 0.032
0 0.353 0.197 0.015 0.036
0 0.377 0.189 0.017 0.034
0 0.414 0.174 0.012 0.029
0 0.428 0.173 0.013 0.038
0 0.442 0.159 0.013 0.031
0 0.462 0.17 0.016 0.023
0 0.476 0.16 0.014 0.032
0 0.474 0.207 0.019 0.034
0 0.509 0.186 0.019 0.031
0 0.497 0.139 0.012 0.023
0 0.53 0.128 0.013 0.031
0 0.529 0.164 0.018 0.027
0 0.538 0.218 0.017 0.034
0 0.602 0.241 0.024 0.043
0 0.633 0.215 0.015 0.036
0 0.671 0.228 0.021 0.036
0 0.733 0.232 0.021 0.034
0 0.881 0.278 0.026 0.047
0 0.885 0.234 0.015 0.041
0 0.934 0.259 0.022 0.034
0 0.943 0.229 0.017 0.038
0 0.951 0.178 0.019 0.036
0 0.916 0.174 0.016 0.032
0 0.889 0.158 0.014 0.032
0 0.86 0.15 0.012 0.023
0 0.865 0.198 0.017 0.045
0 0.829 0.141 0.017 0.034
0 0.8 0.137 0.014 0.027
0 0.814 0.165 0.014 0.032
0 0.831 0.188 0.017 0.034
0 0.804 0.206 0.015 0.036
0 0.781 0.154 0.014 0.031
0 0.768 0.143 0.015 0.031
0 0.751 0.152 0.015 0.038
0 0.742 0.182 0.018 0.031
0 0.709 0.123 0.015 0.02
0 0.726 0.147 0.015 0.029
0 0.547 0.191 0.016 0.027
0 0.583 0.188 0.015 0.027
0 0.61 0.169 0.012 0.029
0 0.598 0.138 0.014 0.025
0 0.626 0.11 0.011 0.023
0 0.63 0.134 0.015 0.023
0 0.662 0.191 0.018 0.027
0 0.723 0.186 0.014 0.031
0 0.708 0.174 0.016 0.036
0 0.679 0.11 0.01 0.025
0 0.669 0.145 0.016 0.032
0 0.584 0.125 0.017 0.027
0 0.43 0.152 0.013 0.031
0 0.471 0.138 0.014 0.025
0 0.502 0.163 0.013 0.029
0 0.578 0.151 0.014 0.029
0 0.596 0.165 0.014 0.032
0 0.543 0.151 0.016 0.029
0 0.795 0.189 0.015 0.036
0 0.816 0.205 0.014 0.036
0 0.789 0.176 0.013 0.029
0 0.902 0.209 0.015 0.038
