0 0.164 0.488 0.049 0.102
0 0.358 0.203 0.019 0.039
0 0.399 0.215 0.018 0.034
0 0.357 0.234 0.017 0.034
0 0.388 0.273 0.024 0.041
0 0.457 0.226 0.021 0.042
0 0.415 0.163 0.02 0.034
0 0.486 0.142 0.016 0.036
0 0.509 0.13 0.014 0.029
0 0.532 0.125 0.013 0.029
0 0.564 0.131 0.013 0.031
0 0.581 0.124 0.012 0.034
0 0.56 0.181 0.019 0.034
0 0.475 0.341 0.032 0.058
0 0.522 0.326 0.025 0.053
0 0.615 0.25 0.027 0.066
0 0.651 0.22 0.023 0.058
0 0.698 0.263 0.033 0.075
0 0.671 0.361 0.035 0.071
0 0.78 0.273 0.033 0.068
0 0.858 0.131 0.016 0.031
0 0.825 0.301 0.032 0.066
0 0.899 0.303 0.029 0.063
0 0.894 0.085 0.018 0.041
0 0.921 0.156 0.012 0.034
