0 0.297 0.214 0.02 0.036
0 0.342 0.21 0.019 0.036
0 0.357 0.244 0.016 0.043
0 0.372 0.198 0.014 0.036
0 0.416 0.238 0.032 0.055
0 0.387 0.174 0.018 0.036
0 0.43 0.155 0.019 0.032
0 0.448 0.219 0.03 0.05
0 0.446 0.18 0.013 0.036
0 0.459 0.151 0.017 0.025
0 0.478 0.156 0.016 0.03
0 0.488 0.229 0.029 0.055
0 0.493 0.18 0.014 0.036
0 0.506 0.187 0.021 0.036
0 0.518 0.137 0.018 0.028
0 0.538 0.206 0.024 0.043
0 0.535 0.141 0.016 0.03
0 0.557 0.253 0.029 0.05
0 0.572 0.289 0.026 0.052
0 0.55 0.146 0.012 0.036
0 0.556 0.145 0.02 0.034
0 0.585 0.131 0.017 0.037
0 0.587 0.176 0.017 0.036
0 0.619 0.168 0.016 0.034
0 0.617 0.139 0.014 0.028
0 0.631 0.123 0.015 0.028
0 0.638 0.103 0.014 0.028
0 0.657 0.109 0.016 0.032
0 0.634 0.205 0.021 0.039
0 0.627 0.252 0.026 0.059
0 0.678 0.109 0.012 0.028
0 0.691 0.124 0.012 0.027
0 0.711 0.123 0.014 0.028
0 0.661 0.259 0.025 0.048
0 0.669 0.222 0.022 0.043
0 0.699 0.172 0.02 0.041
0 0.701 0.194 0.02 0.043
0 0.71 0.234 0.02 0.044
0 0.762 0.126 0.019 0.028
0 0.738 0.166 0.018 0.034
0 0.726 0.289 0.026 0.059
0 0.749 0.195 0.023 0.037
0 0.76 0.163 0.016 0.034
0 0.77 0.26 0.026 0.057
0 0.782 0.151 0.019 0.043
0 0.792 0.298 0.032 0.062
0 0.836 0.313 0.026 0.068
0 0.806 0.221 0.018 0.043
0 0.796 0.155 0.013 0.032
0 0.809 0.153 0.013 0.046
0 0.838 0.232 0.023 0.052
0 0.825 0.179 0.015 0.037
0 0.822 0.143 0.014 0.034
0 0.841 0.149 0.015 0.043
0 0.843 0.19 0.013 0.028
0 0.869 0.201 0.019 0.039
0 0.885 0.158 0.023 0.043
0 0.913 0.161 0.019 0.03
0 0.894 0.211 0.016 0.027
0 0.883 0.262 0.025 0.055
0 0.898 0.345 0.034 0.06
0 0.918 0.299 0.025 0.053
0 0.926 0.215 0.015 0.036
0 0.938 0.181 0.017 0.036
0 0.717 0.153 0.024 0.039
0 0.657 0.15 0.027 0.044
0 0.5 0.139 0.021 0.036
0 0.444 0.256 0.036 0.046
0 0.398 0.237 0.014 0.043
0 0.946 0.222 0.015 0.037
0 0.396 0.193 0.015 0.034
