0 0.124 0.484 0.052 0.111
0 0.256 0.283 0.017 0.031
0 0.268 0.271 0.017 0.031
0 0.29 0.285 0.02 0.033
0 0.303 0.257 0.016 0.035
0 0.313 0.285 0.018 0.036
0 0.314 0.233 0.016 0.033
0 0.337 0.238 0.017 0.04
0 0.342 0.283 0.023 0.041
0 0.363 0.228 0.018 0.046
0 0.372 0.224 0.015 0.036
0 0.402 0.295 0.027 0.053
0 0.401 0.234 0.017 0.033
0 0.391 0.204 0.017 0.035
0 0.412 0.177 0.017 0.033
0 0.435 0.219 0.019 0.036
0 0.463 0.236 0.022 0.05
0 0.455 0.201 0.022 0.04
0 0.432 0.194 0.016 0.028
0 0.449 0.153 0.016 0.028
0 0.476 0.165 0.018 0.03
0 0.476 0.147 0.013 0.023
0 0.486 0.137 0.011 0.023
0 0.508 0.189 0.013 0.028
0 0.515 0.164 0.017 0.038
0 0.532 0.14 0.016 0.036
0 0.54 0.193 0.02 0.04
0 0.554 0.153 0.019 0.033
0 0.572 0.173 0.023 0.033
0 0.561 0.119 0.017 0.033
0 0.587 0.147 0.017 0.026
0 0.619 0.141 0.016 0.031
0 0.595 0.099 0.015 0.026
0 0.626 0.105 0.012 0.025
0 0.651 0.099 0.011 0.026
0 0.65 0.12 0.012 0.021
0 0.667 0.12 0.015 0.035
0 0.698 0.104 0.017 0.03
0 0.561 0.252 0.023 0.046
0 0.485 0.312 0.025 0.053
0 0.543 0.318 0.03 0.058
0 0.585 0.373 0.036 0.063
0 0.673 0.347 0.03 0.069
0 0.611 0.263 0.025 0.051
0 0.611 0.21 0.023 0.045
0 0.647 0.174 0.02 0.035
0 0.664 0.209 0.022 0.045
0 0.663 0.257 0.023 0.054
0 0.684 0.183 0.02 0.043
0 0.701 0.224 0.022 0.048
0 0.726 0.287 0.028 0.059
0 0.751 0.256 0.021 0.056
0 0.782 0.285 0.024 0.061
0 0.728 0.2 0.022 0.045
0 0.684 0.159 0.024 0.041
0 0.718 0.135 0.017 0.033
0 0.73 0.113 0.015 0.031
0 0.745 0.135 0.013 0.026
0 0.741 0.169 0.016 0.035
0 0.766 0.158 0.017 0.033
0 0.768 0.137 0.016 0.033
0 0.75 0.118 0.013 0.028
0 0.777 0.125 0.012 0.03
0 0.797 0.137 0.016 0.03
0 0.803 0.125 0.013 0.023
0 0.833 0.134 0.015 0.031
0 0.817 0.169 0.017 0.035
0 0.798 0.183 0.016 0.04
0 0.818 0.262 0.023 0.045
0 0.847 0.191 0.017 0.043
0 0.866 0.215 0.02 0.036
0 0.885 0.198 0.022 0.04
0 0.864 0.161 0.017 0.035
0 0.864 0.138 0.011 0.028
0 0.89 0.162 0.02 0.036
0 0.898 0.143 0.015 0.031
0 0.924 0.205 0.02 0.043
0 0.927 0.171 0.017 0.041
0 0.924 0.295 0.029 0.059
