0 0.045 0.413 0.038 0.071
0 0.259 0.287 0.019 0.032
0 0.306 0.267 0.018 0.042
0 0.297 0.251 0.019 0.03
0 0.311 0.234 0.016 0.03
0 0.326 0.282 0.019 0.038
0 0.347 0.275 0.017 0.045
0 0.331 0.25 0.015 0.028
0 0.377 0.214 0.013 0.03
0 0.385 0.217 0.013 0.035
0 0.408 0.3 0.025 0.045
0 0.389 0.199 0.012 0.03
0 0.415 0.225 0.015 0.035
0 0.415 0.174 0.015 0.028
0 0.436 0.192 0.015 0.032
0 0.45 0.194 0.016 0.033
0 0.454 0.228 0.016 0.04
0 0.472 0.23 0.02 0.045
0 0.467 0.193 0.014 0.03
0 0.464 0.168 0.014 0.027
0 0.476 0.156 0.014 0.027
0 0.493 0.195 0.015 0.028
0 0.491 0.163 0.015 0.03
0 0.489 0.139 0.01 0.022
0 0.53 0.135 0.015 0.028
0 0.525 0.163 0.014 0.027
0 0.549 0.159 0.017 0.038
0 0.542 0.201 0.018 0.043
0 0.56 0.143 0.013 0.027
0 0.565 0.11 0.013 0.022
0 0.581 0.164 0.02 0.04
0 0.596 0.115 0.015 0.028
0 0.607 0.102 0.013 0.028
0 0.633 0.1 0.012 0.025
0 0.658 0.098 0.013 0.027
0 0.693 0.104 0.013 0.035
0 0.679 0.126 0.014 0.033
0 0.644 0.126 0.013 0.023
0 0.617 0.125 0.014 0.02
0 0.614 0.154 0.016 0.035
0 0.599 0.147 0.014 0.035
0 0.697 0.149 0.015 0.035
0 0.72 0.145 0.014 0.033
0 0.747 0.126 0.012 0.03
0 0.761 0.109 0.012 0.035
0 0.779 0.134 0.012 0.032
0 0.786 0.121 0.011 0.03
0 0.801 0.139 0.014 0.032
0 0.816 0.138 0.013 0.023
0 0.842 0.145 0.015 0.032
0 0.845 0.166 0.013 0.037
0 0.862 0.154 0.013 0.038
0 0.876 0.134 0.013 0.028
0 0.879 0.157 0.014 0.032
0 0.888 0.174 0.013 0.035
0 0.906 0.131 0.012 0.03
0 0.907 0.169 0.012 0.028
0 0.936 0.158 0.01 0.027
0 0.94 0.179 0.013 0.03
0 0.936 0.212 0.015 0.035
0 0.895 0.202 0.013 0.035
0 0.878 0.221 0.016 0.05
0 0.854 0.19 0.016 0.042
0 0.812 0.185 0.015 0.032
0 0.773 0.174 0.014 0.03
0 0.756 0.158 0.013 0.033
0 0.748 0.174 0.017 0.037
0 0.744 0.204 0.015 0.047
0 0.712 0.184 0.021 0.04
0 0.655 0.183 0.016 0.033
0 0.663 0.212 0.024 0.048
0 0.702 0.223 0.02 0.047
0 0.76 0.248 0.021 0.047
0 0.829 0.252 0.022 0.056
0 0.934 0.286 0.021 0.056
0 0.792 0.292 0.025 0.061
0 0.732 0.282 0.029 0.055
0 0.67 0.258 0.024 0.051
0 0.611 0.207 0.021 0.038
0 0.587 0.24 0.024 0.042
0 0.618 0.26 0.026 0.051
0 0.618 0.33 0.028 0.068
0 0.693 0.324 0.03 0.063
0 0.492 0.308 0.026 0.051
0 0.561 0.291 0.025 0.06
