0 0.225 0.398 0.047 0.094
0 0.281 0.224 0.016 0.044
0 0.312 0.214 0.018 0.033
0 0.317 0.233 0.018 0.04
0 0.333 0.182 0.014 0.035
0 0.364 0.187 0.017 0.042
0 0.376 0.175 0.014 0.028
0 0.397 0.162 0.021 0.024
0 0.388 0.202 0.018 0.037
0 0.356 0.247 0.019 0.044
0 0.406 0.231 0.021 0.037
0 0.419 0.25 0.023 0.045
0 0.417 0.183 0.018 0.031
0 0.423 0.157 0.014 0.028
0 0.444 0.192 0.018 0.035
0 0.445 0.147 0.012 0.03
0 0.465 0.134 0.014 0.028
0 0.467 0.157 0.015 0.031
0 0.479 0.196 0.018 0.044
0 0.478 0.178 0.016 0.031
0 0.495 0.147 0.014 0.031
0 0.499 0.119 0.009 0.024
0 0.51 0.13 0.021 0.03
0 0.519 0.17 0.016 0.03
0 0.531 0.147 0.016 0.033
0 0.547 0.151 0.015 0.033
0 0.544 0.126 0.015 0.031
0 0.563 0.143 0.013 0.035
0 0.572 0.115 0.014 0.028
0 0.6 0.113 0.015 0.028
0 0.605 0.127 0.016 0.033
0 0.619 0.133 0.015 0.035
0 0.627 0.115 0.015 0.038
0 0.64 0.111 0.014 0.03
0 0.65 0.117 0.014 0.035
0 0.675 0.122 0.014 0.035
0 0.681 0.107 0.012 0.026
0 0.701 0.106 0.015 0.028
0 0.671 0.175 0.017 0.035
0 0.64 0.153 0.019 0.037
0 0.578 0.167 0.019 0.037
0 0.555 0.185 0.019 0.035
0 0.746 0.126 0.014 0.035
0 0.731 0.146 0.016 0.033
0 0.733 0.175 0.018 0.035
0 0.749 0.193 0.019 0.04
0 0.707 0.186 0.018 0.033
0 0.717 0.242 0.023 0.047
0 0.661 0.24 0.019 0.044
0 0.672 0.272 0.021 0.052
0 0.614 0.245 0.024 0.058
0 0.613 0.212 0.019 0.037
0 0.558 0.234 0.03 0.056
0 0.657 0.346 0.031 0.07
0 0.742 0.377 0.034 0.066
0 0.755 0.246 0.021 0.052
0 0.793 0.287 0.022 0.054
0 0.834 0.257 0.02 0.047
0 0.843 0.218 0.019 0.042
0 0.816 0.186 0.015 0.037
0 0.797 0.203 0.02 0.037
0 0.784 0.163 0.013 0.033
0 0.775 0.145 0.015 0.024
0 0.778 0.13 0.012 0.03
0 0.805 0.142 0.013 0.033
0 0.82 0.139 0.012 0.033
0 0.839 0.166 0.018 0.042
0 0.868 0.165 0.014 0.044
0 0.885 0.235 0.018 0.054
0 0.917 0.25 0.016 0.056
0 0.935 0.21 0.015 0.044
0 0.952 0.228 0.015 0.04
0 0.902 0.199 0.015 0.031
0 0.905 0.154 0.012 0.028
0 0.916 0.334 0.023 0.058
