0 0.036 0.41 0.022 0.042
0 0.239 0.35 0.014 0.03
0 0.264 0.383 0.016 0.034
0 0.341 0.368 0.019 0.037
0 0.296 0.316 0.016 0.03
0 0.365 0.302 0.016 0.032
0 0.388 0.336 0.012 0.027
0 0.414 0.346 0.017 0.039
0 0.414 0.31 0.017 0.027
0 0.415 0.283 0.014 0.027
0 0.396 0.268 0.012 0.026
0 0.435 0.264 0.012 0.021
0 0.452 0.276 0.013 0.024
0 0.44 0.315 0.014 0.026
0 0.467 0.348 0.018 0.04
0 0.476 0.312 0.015 0.033
0 0.483 0.279 0.012 0.029
0 0.47 0.26 0.013 0.021
0 0.481 0.244 0.017 0.024
0 0.519 0.278 0.013 0.029
0 0.527 0.26 0.009 0.021
0 0.532 0.244 0.012 0.021
0 0.546 0.279 0.014 0.033
0 0.567 0.3 0.015 0.03
0 0.513 0.331 0.02 0.037
0 0.591 0.269 0.014 0.032
0 0.568 0.241 0.013 0.029
0 0.585 0.233 0.011 0.024
0 0.612 0.231 0.015 0.029
0 0.619 0.215 0.016 0.023
0 0.467 0.428 0.027 0.044
0 0.545 0.364 0.025 0.04
0 0.555 0.42 0.027 0.06
0 0.621 0.435 0.027 0.05
0 0.622 0.377 0.023 0.043
0 0.608 0.343 0.018 0.036
0 0.64 0.309 0.018 0.04
0 0.648 0.256 0.012 0.026
0 0.61 0.264 0.013 0.024
0 0.637 0.228 0.009 0.026
0 0.649 0.234 0.012 0.016
0 0.666 0.222 0.011 0.023
0 0.686 0.24 0.012 0.024
0 0.708 0.234 0.011 0.03
0 0.685 0.281 0.015 0.034
0 0.667 0.378 0.022 0.05
0 0.699 0.367 0.018 0.04
0 0.691 0.456 0.032 0.056
0 0.713 0.501 0.034 0.073
0 0.741 0.415 0.027 0.047
0 0.736 0.3 0.017 0.03
0 0.716 0.268 0.015 0.029
0 0.75 0.254 0.012 0.03
0 0.763 0.236 0.012 0.026
0 0.761 0.279 0.014 0.03
0 0.773 0.264 0.012 0.029
0 0.784 0.301 0.017 0.043
0 0.789 0.251 0.012 0.026
0 0.8 0.263 0.013 0.027
0 0.828 0.277 0.016 0.026
0 0.851 0.267 0.012 0.027
0 0.83 0.307 0.014 0.032
0 0.83 0.521 0.028 0.059
0 0.789 0.44 0.022 0.052
0 0.855 0.454 0.027 0.052
0 0.928 0.481 0.032 0.06
0 0.822 0.379 0.02 0.044
0 0.828 0.344 0.012 0.026
0 0.855 0.323 0.017 0.036
0 0.873 0.387 0.019 0.049
0 0.891 0.362 0.015 0.036
0 0.896 0.329 0.015 0.027
0 0.928 0.34 0.017 0.04
0 0.947 0.359 0.019 0.039
0 0.91 0.298 0.015 0.032
0 0.865 0.289 0.014 0.026
0 0.873 0.277 0.013 0.03
0 0.886 0.262 0.015 0.032
0 0.947 0.288 0.013 0.029
0 0.936 0.299 0.012 0.024
0 0.296 0.388 0.02 0.039
0 0.363 0.346 0.019 0.033
