0 0.354 0.193 0.012 0.038
0 0.387 0.242 0.017 0.035
0 0.4 0.17 0.014 0.033
0 0.398 0.22 0.015 0.031
0 0.426 0.183 0.013 0.033
0 0.432 0.217 0.016 0.042
0 0.418 0.268 0.02 0.046
0 0.446 0.155 0.011 0.029
0 0.455 0.183 0.014 0.033
0 0.476 0.136 0.011 0.027
0 0.47 0.198 0.015 0.031
0 0.485 0.149 0.01 0.024
0 0.499 0.129 0.012 0.024
0 0.481 0.241 0.016 0.044
0 0.504 0.204 0.016 0.035
0 0.52 0.165 0.014 0.035
0 0.532 0.149 0.011 0.035
0 0.544 0.144 0.011 0.024
0 0.534 0.204 0.016 0.042
0 0.55 0.174 0.018 0.029
0 0.578 0.122 0.012 0.029
0 0.577 0.151 0.013 0.035
0 0.589 0.171 0.014 0.038
0 0.605 0.105 0.01 0.024
0 0.6 0.134 0.011 0.027
0 0.652 0.118 0.012 0.031
0 0.684 0.136 0.013 0.024
0 0.699 0.132 0.013 0.037
0 0.591 0.242 0.02 0.042
0 0.616 0.249 0.024 0.055
0 0.641 0.221 0.02 0.04
0 0.635 0.306 0.026 0.064
0 0.702 0.33 0.025 0.06
0 0.707 0.194 0.015 0.044
0 0.713 0.168 0.015 0.04
0 0.725 0.154 0.014 0.031
0 0.759 0.143 0.017 0.018
0 0.782 0.136 0.013 0.035
0 0.761 0.167 0.016 0.038
0 0.778 0.178 0.012 0.031
0 0.79 0.17 0.011 0.037
0 0.756 0.205 0.02 0.048
0 0.791 0.217 0.013 0.038
0 0.775 0.242 0.016 0.046
0 0.741 0.269 0.025 0.062
0 0.827 0.38 0.039 0.113
0 0.823 0.277 0.021 0.053
0 0.836 0.228 0.014 0.035
0 0.828 0.191 0.013 0.035
0 0.832 0.165 0.014 0.038
0 0.862 0.196 0.014 0.037
0 0.869 0.187 0.012 0.038
0 0.897 0.201 0.012 0.044
0 0.889 0.212 0.016 0.033
0 0.938 0.169 0.014 0.031
0 0.941 0.196 0.013 0.029
0 0.933 0.207 0.014 0.033
0 0.934 0.25 0.015 0.038
0 0.886 0.246 0.02 0.049
0 0.857 0.264 0.02 0.049
0 0.851 0.324 0.024 0.059
0 0.923 0.303 0.021 0.055
0 0.732 0.192 0.015 0.033
0 0.662 0.139 0.012 0.033
0 0.633 0.146 0.013 0.029
0 0.472 0.174 0.012 0.026
0 0.465 0.224 0.015 0.042
