0 0.205 0.327 0.043 0.069
0 0.296 0.196 0.013 0.032
0 0.315 0.201 0.016 0.032
0 0.333 0.198 0.016 0.026
0 0.358 0.159 0.012 0.022
0 0.356 0.183 0.018 0.026
0 0.384 0.206 0.017 0.032
0 0.386 0.177 0.016 0.028
0 0.41 0.209 0.018 0.032
0 0.413 0.171 0.017 0.034
0 0.422 0.149 0.015 0.028
0 0.444 0.203 0.02 0.037
0 0.432 0.123 0.012 0.028
0 0.456 0.133 0.012 0.023
0 0.481 0.148 0.015 0.028
0 0.481 0.115 0.01 0.02
0 0.497 0.12 0.011 0.022
0 0.502 0.153 0.012 0.025
0 0.512 0.183 0.017 0.032
0 0.527 0.118 0.012 0.023
0 0.533 0.159 0.017 0.031
0 0.553 0.109 0.013 0.023
0 0.566 0.135 0.017 0.029
0 0.569 0.163 0.018 0.029
0 0.599 0.14 0.016 0.031
0 0.58 0.109 0.011 0.026
0 0.591 0.099 0.01 0.018
0 0.606 0.114 0.013 0.025
0 0.623 0.101 0.011 0.026
0 0.636 0.112 0.014 0.025
0 0.704 0.09 0.011 0.02
0 0.695 0.109 0.012 0.028
0 0.721 0.092 0.01 0.02
0 0.499 0.244 0.023 0.054
0 0.55 0.251 0.024 0.055
0 0.571 0.216 0.02 0.045
0 0.61 0.227 0.024 0.054
0 0.61 0.306 0.025 0.054
0 0.644 0.194 0.018 0.04
0 0.675 0.167 0.018 0.035
0 0.694 0.213 0.023 0.045
0 0.69 0.27 0.027 0.049
0 0.721 0.203 0.023 0.039
0 0.741 0.254 0.019 0.043
0 0.724 0.159 0.019 0.037
0 0.75 0.144 0.018 0.029
0 0.766 0.122 0.013 0.028
0 0.783 0.132 0.014 0.023
0 0.806 0.133 0.015 0.035
0 0.767 0.21 0.019 0.043
0 0.799 0.192 0.02 0.035
0 0.791 0.263 0.022 0.055
0 0.759 0.325 0.033 0.059
0 0.825 0.23 0.022 0.045
0 0.844 0.27 0.028 0.046
0 0.841 0.317 0.033 0.057
0 0.877 0.237 0.021 0.045
0 0.896 0.201 0.018 0.039
0 0.944 0.202 0.019 0.037
0 0.934 0.25 0.021 0.042
0 0.93 0.294 0.026 0.048
0 0.913 0.375 0.035 0.072
0 0.741 0.125 0.013 0.028
0 0.67 0.128 0.016 0.028
0 0.667 0.094 0.011 0.025
0 0.663 0.106 0.011 0.023
0 0.629 0.136 0.015 0.029
0 0.45 0.173 0.016 0.032
0 0.457 0.192 0.015 0.035
0 0.51 0.132 0.013 0.023
0 0.511 0.107 0.012 0.023
0 0.534 0.109 0.01 0.022
