0 0.068 0.535 0.053 0.114
0 0.253 0.276 0.019 0.028
0 0.276 0.262 0.017 0.033
0 0.298 0.258 0.019 0.038
0 0.317 0.273 0.02 0.035
0 0.338 0.265 0.019 0.035
0 0.312 0.231 0.014 0.025
0 0.342 0.221 0.016 0.032
0 0.365 0.214 0.016 0.033
0 0.378 0.211 0.016 0.036
0 0.388 0.198 0.014 0.025
0 0.404 0.284 0.023 0.043
0 0.406 0.172 0.013 0.025
0 0.429 0.168 0.015 0.032
0 0.425 0.216 0.013 0.028
0 0.442 0.221 0.016 0.035
0 0.468 0.235 0.023 0.045
0 0.46 0.197 0.016 0.028
0 0.454 0.168 0.013 0.022
0 0.471 0.149 0.014 0.023
0 0.45 0.138 0.007 0.013
0 0.481 0.138 0.011 0.023
0 0.501 0.171 0.014 0.027
0 0.475 0.167 0.015 0.025
0 0.513 0.192 0.019 0.035
0 0.486 0.296 0.027 0.048
0 0.539 0.196 0.016 0.033
0 0.547 0.165 0.018 0.038
0 0.566 0.163 0.014 0.035
0 0.533 0.133 0.013 0.027
0 0.553 0.119 0.011 0.03
0 0.579 0.124 0.013 0.022
0 0.574 0.145 0.017 0.032
0 0.617 0.138 0.013 0.028
0 0.6 0.099 0.012 0.022
0 0.619 0.1 0.01 0.022
0 0.63 0.121 0.012 0.023
0 0.636 0.102 0.012 0.022
0 0.668 0.122 0.014 0.028
0 0.687 0.098 0.014 0.03
0 0.549 0.291 0.025 0.051
0 0.567 0.245 0.021 0.036
0 0.556 0.226 0.018 0.027
0 0.605 0.205 0.019 0.041
0 0.605 0.247 0.02 0.04
0 0.6 0.323 0.025 0.048
0 0.67 0.333 0.026 0.066
0 0.655 0.252 0.022 0.046
0 0.715 0.279 0.024 0.05
0 0.774 0.292 0.023 0.05
0 0.757 0.226 0.021 0.043
0 0.702 0.223 0.021 0.041
0 0.66 0.205 0.019 0.045
0 0.655 0.17 0.019 0.045
0 0.688 0.176 0.017 0.036
0 0.689 0.144 0.014 0.03
0 0.698 0.136 0.016 0.033
0 0.729 0.123 0.012 0.033
0 0.747 0.108 0.011 0.023
0 0.746 0.134 0.016 0.033
0 0.758 0.129 0.014 0.033
0 0.759 0.16 0.016 0.032
0 0.74 0.182 0.019 0.036
0 0.789 0.118 0.011 0.02
0 0.795 0.135 0.014 0.032
0 0.805 0.129 0.013 0.027
0 0.794 0.183 0.015 0.028
0 0.806 0.167 0.014 0.027
0 0.824 0.142 0.016 0.035
0 0.842 0.148 0.014 0.032
0 0.84 0.187 0.016 0.032
0 0.822 0.186 0.015 0.023
0 0.859 0.152 0.013 0.028
0 0.863 0.129 0.013 0.027
0 0.898 0.136 0.012 0.03
0 0.885 0.163 0.015 0.033
0 0.877 0.186 0.016 0.03
0 0.864 0.223 0.019 0.045
0 0.913 0.291 0.02 0.048
0 0.919 0.189 0.016 0.036
0 0.925 0.161 0.015 0.03
