0 0.105 0.421 0.042 0.086
0 0.299 0.217 0.015 0.037
0 0.312 0.233 0.019 0.035
0 0.325 0.246 0.019 0.042
0 0.353 0.246 0.024 0.042
0 0.33 0.188 0.017 0.037
0 0.336 0.206 0.019 0.032
0 0.359 0.192 0.019 0.04
0 0.397 0.2 0.016 0.034
0 0.385 0.25 0.019 0.045
0 0.414 0.247 0.025 0.05
0 0.42 0.21 0.019 0.044
0 0.442 0.228 0.024 0.042
0 0.385 0.205 0.014 0.04
0 0.486 0.224 0.018 0.037
0 0.43 0.166 0.015 0.034
0 0.434 0.144 0.019 0.035
0 0.447 0.171 0.015 0.032
0 0.46 0.159 0.013 0.032
0 0.471 0.144 0.015 0.035
0 0.495 0.18 0.016 0.034
0 0.524 0.185 0.016 0.034
0 0.495 0.152 0.013 0.029
0 0.509 0.146 0.013 0.027
0 0.506 0.118 0.014 0.024
0 0.528 0.129 0.013 0.027
0 0.545 0.127 0.014 0.029
0 0.554 0.185 0.014 0.037
0 0.546 0.167 0.012 0.025
0 0.565 0.154 0.013 0.032
0 0.55 0.147 0.012 0.022
0 0.576 0.128 0.013 0.03
0 0.582 0.115 0.011 0.025
0 0.586 0.17 0.019 0.034
0 0.618 0.156 0.016 0.03
0 0.597 0.134 0.018 0.03
0 0.608 0.114 0.011 0.024
0 0.624 0.125 0.015 0.032
0 0.662 0.124 0.015 0.025
0 0.661 0.103 0.013 0.029
0 0.686 0.126 0.015 0.03
0 0.694 0.11 0.014 0.025
0 0.714 0.111 0.015 0.034
0 0.693 0.156 0.019 0.037
0 0.722 0.159 0.017 0.039
0 0.71 0.185 0.019 0.04
0 0.715 0.218 0.02 0.045
0 0.687 0.235 0.023 0.047
0 0.676 0.197 0.019 0.044
0 0.628 0.234 0.023 0.049
0 0.62 0.201 0.018 0.035
0 0.573 0.239 0.027 0.052
0 0.504 0.28 0.031 0.059
0 0.553 0.297 0.034 0.071
0 0.603 0.332 0.025 0.072
0 0.669 0.339 0.036 0.074
0 0.728 0.297 0.025 0.059
0 0.765 0.245 0.024 0.049
0 0.755 0.191 0.019 0.042
0 0.755 0.154 0.014 0.025
0 0.748 0.132 0.014 0.032
0 0.774 0.138 0.013 0.034
0 0.79 0.155 0.017 0.035
0 0.807 0.155 0.016 0.039
0 0.793 0.236 0.022 0.052
0 0.82 0.243 0.02 0.052
0 0.787 0.297 0.024 0.057
0 0.745 0.386 0.031 0.079
0 0.807 0.425 0.039 0.074
0 0.843 0.319 0.03 0.064
0 0.871 0.255 0.02 0.047
0 0.887 0.227 0.016 0.047
0 0.888 0.431 0.033 0.082
0 0.909 0.341 0.027 0.071
0 0.918 0.28 0.023 0.055
0 0.932 0.227 0.018 0.054
