0 0.278 0.257 0.015 0.029
0 0.294 0.268 0.017 0.03
0 0.372 0.265 0.014 0.037
0 0.36 0.223 0.014 0.03
0 0.366 0.2 0.016 0.029
0 0.407 0.229 0.024 0.057
0 0.441 0.229 0.018 0.04
0 0.466 0.231 0.017 0.037
0 0.445 0.19 0.011 0.032
0 0.409 0.174 0.012 0.02
0 0.397 0.197 0.013 0.034
0 0.462 0.158 0.013 0.025
0 0.465 0.194 0.015 0.024
0 0.518 0.2 0.02 0.032
0 0.486 0.204 0.014 0.034
0 0.488 0.169 0.015 0.029
0 0.503 0.132 0.01 0.025
0 0.54 0.134 0.012 0.022
0 0.551 0.126 0.011 0.024
0 0.562 0.137 0.011 0.027
0 0.585 0.171 0.014 0.029
0 0.539 0.191 0.015 0.022
0 0.524 0.171 0.011 0.022
0 0.599 0.16 0.013 0.027
0 0.579 0.142 0.012 0.027
0 0.584 0.125 0.013 0.027
0 0.592 0.104 0.011 0.022
0 0.606 0.115 0.012 0.024
0 0.638 0.107 0.011 0.022
0 0.638 0.137 0.011 0.024
0 0.648 0.137 0.012 0.024
0 0.665 0.116 0.012 0.027
0 0.696 0.107 0.011 0.029
0 0.613 0.219 0.019 0.037
0 0.522 0.281 0.02 0.046
0 0.558 0.259 0.018 0.035
0 0.561 0.301 0.021 0.042
0 0.601 0.331 0.024 0.052
0 0.609 0.264 0.02 0.046
0 0.67 0.211 0.016 0.037
0 0.654 0.175 0.015 0.034
0 0.671 0.167 0.012 0.03
0 0.686 0.184 0.014 0.03
0 0.693 0.23 0.019 0.035
0 0.678 0.308 0.029 0.046
0 0.743 0.355 0.032 0.062
0 0.786 0.394 0.029 0.076
0 0.888 0.361 0.028 0.071
0 0.907 0.301 0.022 0.059
0 0.907 0.261 0.018 0.032
0 0.917 0.234 0.017 0.046
0 0.913 0.204 0.017 0.04
0 0.917 0.159 0.012 0.027
0 0.811 0.314 0.026 0.051
0 0.762 0.273 0.024 0.051
0 0.724 0.255 0.024 0.047
0 0.722 0.2 0.02 0.035
0 0.76 0.216 0.018 0.044
0 0.776 0.203 0.014 0.032
0 0.798 0.242 0.023 0.039
0 0.816 0.209 0.016 0.034
0 0.867 0.209 0.014 0.037
0 0.862 0.255 0.018 0.047
0 0.889 0.185 0.014 0.034
0 0.881 0.169 0.013 0.027
0 0.889 0.148 0.016 0.032
0 0.848 0.167 0.012 0.027
0 0.853 0.137 0.012 0.024
0 0.821 0.143 0.013 0.024
0 0.826 0.127 0.011 0.022
0 0.792 0.159 0.014 0.03
0 0.773 0.167 0.014 0.03
0 0.743 0.154 0.014 0.029
0 0.759 0.132 0.012 0.027
0 0.735 0.121 0.014 0.027
