0 0.109 0.261 0.017 0.046
0 0.297 0.236 0.013 0.033
0 0.299 0.214 0.014 0.026
0 0.338 0.22 0.014 0.035
0 0.359 0.223 0.015 0.037
0 0.358 0.196 0.014 0.028
0 0.351 0.177 0.013 0.033
0 0.381 0.198 0.014 0.028
0 0.385 0.229 0.015 0.039
0 0.398 0.21 0.015 0.033
0 0.419 0.234 0.014 0.029
0 0.412 0.256 0.018 0.037
0 0.411 0.16 0.011 0.026
0 0.43 0.164 0.012 0.029
0 0.452 0.158 0.014 0.029
0 0.45 0.197 0.017 0.033
0 0.467 0.207 0.018 0.039
0 0.429 0.192 0.013 0.026
0 0.505 0.181 0.016 0.031
0 0.501 0.156 0.014 0.028
0 0.493 0.14 0.012 0.026
0 0.508 0.129 0.01 0.022
0 0.537 0.134 0.015 0.028
0 0.53 0.175 0.017 0.037
0 0.565 0.184 0.015 0.033
0 0.547 0.175 0.013 0.022
0 0.572 0.161 0.015 0.028
0 0.557 0.136 0.012 0.029
0 0.561 0.127 0.011 0.018
0 0.584 0.136 0.012 0.029
0 0.605 0.121 0.008 0.017
0 0.62 0.12 0.012 0.022
0 0.602 0.141 0.014 0.02
0 0.614 0.159 0.013 0.031
0 0.647 0.117 0.013 0.024
0 0.653 0.104 0.008 0.017
0 0.666 0.108 0.009 0.02
0 0.671 0.122 0.011 0.02
0 0.662 0.145 0.014 0.033
0 0.641 0.152 0.014 0.028
0 0.631 0.14 0.012 0.022
0 0.678 0.182 0.014 0.033
0 0.689 0.134 0.012 0.028
0 0.693 0.111 0.011 0.024
0 0.716 0.114 0.012 0.026
0 0.634 0.212 0.017 0.033
0 0.603 0.228 0.021 0.044
0 0.648 0.246 0.022 0.042
0 0.69 0.221 0.017 0.041
0 0.699 0.257 0.02 0.042
0 0.705 0.314 0.029 0.057
0 0.756 0.382 0.028 0.068
0 0.711 0.18 0.015 0.029
0 0.725 0.179 0.016 0.037
0 0.743 0.148 0.015 0.035
0 0.745 0.169 0.016 0.033
0 0.739 0.238 0.018 0.041
0 0.769 0.201 0.016 0.041
0 0.773 0.249 0.021 0.041
0 0.768 0.134 0.013 0.029
0 0.788 0.134 0.011 0.029
0 0.794 0.147 0.01 0.026
0 0.812 0.141 0.01 0.024
0 0.809 0.17 0.012 0.024
0 0.808 0.208 0.012 0.037
0 0.826 0.204 0.013 0.029
0 0.807 0.286 0.026 0.046
0 0.844 0.253 0.022 0.05
0 0.851 0.215 0.014 0.029
0 0.84 0.177 0.011 0.026
0 0.846 0.167 0.011 0.024
0 0.843 0.138 0.011 0.026
0 0.863 0.154 0.012 0.028
0 0.882 0.165 0.01 0.024
0 0.878 0.18 0.012 0.028
0 0.89 0.236 0.016 0.037
0 0.903 0.219 0.016 0.037
0 0.917 0.183 0.013 0.031
0 0.921 0.156 0.013 0.02
0 0.958 0.195 0.014 0.029
0 0.945 0.214 0.014 0.029
0 0.932 0.227 0.014 0.026
0 0.938 0.25 0.017 0.039
0 0.911 0.356 0.026 0.057
