0 0.173 0.499 0.034 0.072
0 0.275 0.237 0.012 0.032
0 0.297 0.255 0.015 0.027
0 0.309 0.214 0.012 0.029
0 0.316 0.237 0.015 0.034
0 0.34 0.248 0.017 0.04
0 0.345 0.211 0.012 0.032
0 0.353 0.227 0.015 0.037
0 0.364 0.24 0.014 0.04
0 0.377 0.185 0.014 0.032
0 0.391 0.185 0.015 0.035
0 0.388 0.216 0.016 0.039
0 0.393 0.262 0.017 0.034
0 0.427 0.254 0.018 0.039
0 0.416 0.184 0.014 0.032
0 0.447 0.18 0.014 0.037
0 0.461 0.223 0.015 0.04
0 0.474 0.226 0.016 0.039
0 0.456 0.147 0.01 0.022
0 0.47 0.154 0.012 0.017
0 0.476 0.165 0.01 0.018
0 0.484 0.138 0.012 0.027
0 0.496 0.144 0.012 0.02
0 0.48 0.188 0.016 0.027
0 0.503 0.186 0.015 0.027
0 0.52 0.162 0.014 0.029
0 0.523 0.187 0.015 0.032
0 0.551 0.156 0.012 0.027
0 0.563 0.148 0.011 0.022
0 0.561 0.118 0.013 0.029
0 0.583 0.121 0.011 0.027
0 0.591 0.139 0.012 0.027
0 0.582 0.16 0.014 0.035
0 0.609 0.119 0.011 0.027
0 0.615 0.143 0.012 0.023
0 0.632 0.133 0.013 0.025
0 0.638 0.111 0.011 0.023
0 0.625 0.198 0.016 0.034
0 0.653 0.174 0.015 0.032
0 0.682 0.12 0.012 0.025
0 0.567 0.284 0.023 0.044
0 0.519 0.297 0.021 0.034
0 0.55 0.245 0.018 0.027
0 0.62 0.247 0.02 0.04
0 0.642 0.314 0.025 0.05
0 0.671 0.216 0.02 0.032
0 0.681 0.251 0.017 0.052
0 0.705 0.277 0.022 0.054
0 0.765 0.273 0.023 0.054
0 0.754 0.236 0.02 0.045
0 0.708 0.213 0.023 0.034
0 0.696 0.182 0.018 0.039
0 0.69 0.148 0.014 0.029
0 0.714 0.131 0.012 0.03
0 0.721 0.159 0.014 0.029
0 0.731 0.133 0.014 0.022
0 0.748 0.133 0.013 0.032
0 0.763 0.123 0.013 0.025
0 0.736 0.188 0.017 0.034
0 0.765 0.157 0.017 0.032
0 0.784 0.147 0.013 0.029
0 0.8 0.153 0.014 0.027
0 0.776 0.201 0.021 0.05
0 0.826 0.15 0.011 0.022
0 0.845 0.156 0.013 0.023
0 0.846 0.174 0.015 0.03
0 0.837 0.194 0.014 0.039
0 0.862 0.231 0.019 0.045
0 0.84 0.294 0.023 0.049
0 0.895 0.195 0.015 0.035
0 0.885 0.17 0.013 0.029
0 0.89 0.155 0.013 0.025
0 0.929 0.244 0.018 0.035
0 0.931 0.263 0.023 0.04
