0 0.13 0.224 0.017 0.032
0 0.122 0.253 0.019 0.039
0 0.171 0.232 0.019 0.041
0 0.21 0.432 0.036 0.077
0 0.298 0.202 0.02 0.029
0 0.31 0.212 0.011 0.029
0 0.344 0.222 0.016 0.043
0 0.411 0.239 0.015 0.039
0 0.435 0.151 0.012 0.022
0 0.452 0.096 0.014 0.026
0 0.473 0.158 0.015 0.034
0 0.482 0.185 0.015 0.029
0 0.498 0.158 0.012 0.032
0 0.557 0.189 0.014 0.037
0 0.628 0.264 0.017 0.041
0 0.896 0.203 0.018 0.044
0 0.885 0.25 0.021 0.039
0 0.918 0.244 0.014 0.039
0 0.934 0.208 0.016 0.041
0 0.954 0.233 0.021 0.056
0 0.424 0.152 0.016 0.032
