0 0.09 0.283 0.021 0.049
0 0.279 0.238 0.016 0.031
0 0.294 0.234 0.014 0.028
0 0.332 0.226 0.016 0.031
0 0.351 0.185 0.015 0.03
0 0.355 0.201 0.016 0.028
0 0.351 0.231 0.019 0.031
0 0.379 0.242 0.018 0.033
0 0.38 0.208 0.015 0.028
0 0.393 0.215 0.019 0.038
0 0.412 0.241 0.021 0.038
0 0.406 0.177 0.015 0.028
0 0.403 0.168 0.013 0.023
0 0.428 0.168 0.012 0.017
0 0.425 0.194 0.014 0.024
0 0.43 0.209 0.015 0.03
0 0.448 0.203 0.015 0.024
0 0.462 0.218 0.019 0.033
0 0.447 0.257 0.022 0.038
0 0.451 0.164 0.016 0.03
0 0.49 0.158 0.012 0.024
0 0.501 0.161 0.014 0.026
0 0.506 0.136 0.011 0.019
0 0.534 0.14 0.015 0.03
0 0.529 0.189 0.016 0.028
0 0.509 0.192 0.014 0.03
0 0.541 0.168 0.014 0.03
0 0.554 0.135 0.013 0.026
0 0.558 0.147 0.015 0.03
0 0.562 0.191 0.015 0.035
0 0.572 0.171 0.014 0.033
0 0.58 0.149 0.013 0.028
0 0.598 0.083 0.012 0.021
0 0.621 0.11 0.01 0.019
0 0.62 0.128 0.012 0.021
0 0.6 0.152 0.013 0.026
0 0.61 0.17 0.013 0.028
0 0.63 0.148 0.012 0.026
0 0.646 0.128 0.014 0.026
0 0.664 0.117 0.012 0.023
0 0.667 0.13 0.012 0.021
0 0.648 0.163 0.012 0.024
0 0.685 0.142 0.014 0.028
0 0.691 0.12 0.011 0.021
0 0.713 0.125 0.014 0.024
0 0.599 0.235 0.02 0.036
0 0.644 0.261 0.026 0.04
0 0.675 0.192 0.017 0.033
0 0.688 0.229 0.018 0.038
0 0.693 0.276 0.018 0.042
0 0.703 0.32 0.026 0.061
0 0.721 0.194 0.016 0.031
0 0.706 0.188 0.019 0.033
0 0.74 0.158 0.014 0.028
0 0.744 0.178 0.018 0.033
0 0.76 0.206 0.018 0.033
0 0.741 0.241 0.018 0.038
0 0.775 0.253 0.019 0.047
0 0.8 0.297 0.025 0.045
0 0.808 0.222 0.018 0.035
0 0.829 0.272 0.022 0.047
0 0.848 0.228 0.017 0.036
0 0.918 0.36 0.026 0.054
0 0.93 0.266 0.018 0.038
0 0.952 0.227 0.015 0.031
0 0.942 0.216 0.015 0.033
0 0.959 0.202 0.013 0.03
0 0.952 0.195 0.011 0.023
0 0.919 0.164 0.014 0.023
0 0.914 0.188 0.014 0.033
0 0.907 0.192 0.013 0.033
0 0.9 0.22 0.013 0.04
0 0.887 0.247 0.02 0.042
0 0.877 0.19 0.016 0.03
0 0.882 0.168 0.013 0.024
0 0.862 0.164 0.011 0.026
0 0.846 0.173 0.015 0.03
0 0.838 0.188 0.012 0.024
0 0.824 0.217 0.016 0.024
0 0.801 0.178 0.013 0.023
0 0.809 0.143 0.011 0.023
0 0.842 0.147 0.01 0.023
0 0.791 0.159 0.012 0.026
0 0.779 0.155 0.013 0.023
0 0.786 0.141 0.012 0.021
0 0.765 0.145 0.013 0.03
0 0.753 0.389 0.031 0.062
