0 0.137 0.563 0.037 0.075
0 0.221 0.35 0.018 0.035
0 0.257 0.361 0.023 0.041
0 0.291 0.362 0.022 0.042
0 0.312 0.39 0.025 0.051
0 0.302 0.306 0.017 0.032
0 0.353 0.3 0.016 0.032
0 0.347 0.34 0.023 0.037
0 0.379 0.328 0.016 0.04
0 0.386 0.276 0.019 0.038
0 0.405 0.296 0.015 0.035
0 0.409 0.332 0.02 0.04
0 0.435 0.347 0.019 0.047
0 0.406 0.268 0.017 0.03
0 0.425 0.276 0.017 0.03
0 0.423 0.25 0.014 0.025
0 0.44 0.3 0.016 0.032
0 0.466 0.309 0.018 0.034
0 0.474 0.273 0.016 0.03
0 0.449 0.25 0.014 0.028
0 0.467 0.239 0.012 0.025
0 0.49 0.277 0.018 0.037
0 0.514 0.252 0.013 0.027
0 0.521 0.273 0.017 0.031
0 0.532 0.257 0.014 0.031
0 0.556 0.215 0.013 0.021
0 0.572 0.239 0.011 0.025
0 0.594 0.223 0.014 0.025
0 0.606 0.209 0.014 0.028
0 0.618 0.218 0.011 0.027
0 0.592 0.254 0.015 0.032
0 0.624 0.265 0.014 0.032
0 0.546 0.281 0.017 0.034
0 0.461 0.407 0.026 0.058
0 0.501 0.326 0.019 0.045
0 0.563 0.268 0.018 0.037
0 0.529 0.376 0.026 0.056
0 0.526 0.432 0.03 0.054
0 0.574 0.446 0.033 0.064
0 0.59 0.373 0.027 0.051
0 0.59 0.323 0.023 0.047
0 0.627 0.298 0.023 0.045
0 0.626 0.47 0.033 0.075
0 0.661 0.371 0.027 0.052
0 0.638 0.34 0.021 0.045
0 0.682 0.347 0.023 0.044
0 0.692 0.297 0.02 0.04
0 0.662 0.285 0.02 0.044
0 0.664 0.232 0.01 0.027
0 0.66 0.208 0.012 0.023
0 0.674 0.223 0.013 0.031
0 0.698 0.245 0.012 0.035
0 0.728 0.259 0.014 0.03
0 0.73 0.242 0.014 0.024
0 0.736 0.231 0.014 0.027
0 0.699 0.511 0.035 0.083
0 0.715 0.402 0.03 0.055
0 0.767 0.442 0.031 0.059
0 0.799 0.542 0.036 0.081
0 0.831 0.461 0.033 0.058
0 0.845 0.412 0.029 0.056
0 0.797 0.362 0.024 0.048
0 0.81 0.346 0.018 0.042
0 0.75 0.299 0.017 0.038
0 0.755 0.278 0.012 0.025
0 0.774 0.266 0.018 0.032
0 0.769 0.242 0.014 0.03
0 0.79 0.261 0.014 0.028
0 0.811 0.307 0.018 0.041
0 0.804 0.284 0.014 0.034
0 0.828 0.264 0.014 0.034
0 0.844 0.274 0.015 0.042
0 0.838 0.309 0.018 0.048
0 0.859 0.258 0.014 0.031
0 0.885 0.284 0.018 0.04
0 0.877 0.323 0.014 0.035
0 0.871 0.356 0.021 0.051
0 0.899 0.41 0.023 0.061
0 0.901 0.483 0.027 0.065
0 0.915 0.351 0.02 0.044
0 0.906 0.314 0.017 0.037
0 0.92 0.308 0.013 0.04
