0 0.352 0.214 0.017 0.033
0 0.422 0.234 0.019 0.033
0 0.437 0.22 0.012 0.033
0 0.455 0.226 0.017 0.048
0 0.49 0.235 0.026 0.04
0 0.519 0.192 0.015 0.04
0 0.554 0.197 0.019 0.037
0 0.606 0.182 0.018 0.03
0 0.641 0.151 0.011 0.028
0 0.685 0.199 0.027 0.037
0 0.735 0.192 0.017 0.037
0 0.66 0.263 0.026 0.042
0 0.723 0.314 0.023 0.057
0 0.786 0.255 0.019 0.04
0 0.859 0.244 0.023 0.033
0 0.867 0.21 0.011 0.033
0 0.916 0.232 0.019 0.03
0 0.954 0.223 0.014 0.035
0 0.893 0.296 0.019 0.038
0 0.871 0.34 0.021 0.058
0 0.469 0.093 0.017 0.022
