0 0.899 0.134 0.008 0.026
0 0.923 0.159 0.008 0.025
0 0.928 0.159 0.011 0.031
0 0.916 0.193 0.013 0.036
0 0.913 0.281 0.019 0.053
0 0.887 0.179 0.011 0.035
0 0.878 0.201 0.017 0.04
0 0.867 0.217 0.017 0.038
0 0.859 0.141 0.011 0.028
0 0.845 0.156 0.013 0.035
0 0.839 0.184 0.015 0.041
0 0.824 0.144 0.013 0.035
0 0.809 0.169 0.015 0.031
0 0.804 0.131 0.01 0.025
0 0.784 0.12 0.009 0.026
0 0.79 0.142 0.01 0.03
0 0.791 0.188 0.016 0.04
0 0.777 0.137 0.011 0.033
0 0.763 0.163 0.015 0.043
0 0.696 0.101 0.011 0.026
0 0.744 0.114 0.013 0.03
0 0.737 0.121 0.013 0.031
0 0.739 0.142 0.014 0.03
0 0.754 0.227 0.02 0.045
0 0.734 0.195 0.013 0.036
0 0.699 0.218 0.019 0.05
0 0.691 0.177 0.015 0.04
0 0.681 0.163 0.015 0.035
0 0.661 0.127 0.012 0.03
0 0.704 0.149 0.014 0.038
0 0.64 0.191 0.019 0.038
0 0.658 0.211 0.019 0.04
0 0.654 0.264 0.02 0.053
0 0.598 0.223 0.018 0.04
0 0.601 0.269 0.021 0.046
0 0.671 0.33 0.025 0.063
0 0.602 0.326 0.024 0.051
0 0.713 0.285 0.021 0.051
0 0.778 0.298 0.024 0.058
0 0.637 0.107 0.009 0.026
0 0.637 0.128 0.011 0.025
0 0.618 0.113 0.011 0.021
0 0.596 0.112 0.01 0.026
0 0.565 0.115 0.009 0.021
0 0.581 0.125 0.009 0.023
0 0.581 0.16 0.013 0.033
0 0.532 0.134 0.011 0.025
0 0.524 0.145 0.013 0.033
0 0.538 0.166 0.015 0.031
0 0.551 0.149 0.013 0.033
0 0.522 0.215 0.018 0.038
0 0.565 0.253 0.02 0.051
0 0.554 0.293 0.022 0.054
0 0.504 0.174 0.015 0.035
0 0.483 0.136 0.009 0.025
0 0.469 0.164 0.012 0.035
0 0.489 0.203 0.015 0.033
0 0.451 0.173 0.012 0.03
0 0.465 0.197 0.015 0.035
0 0.471 0.226 0.019 0.043
0 0.477 0.309 0.02 0.051
0 0.447 0.159 0.012 0.021
0 0.445 0.223 0.016 0.036
0 0.436 0.206 0.014 0.03
0 0.426 0.177 0.011 0.025
0 0.416 0.22 0.015 0.035
0 0.381 0.203 0.011 0.03
0 0.375 0.225 0.015 0.038
0 0.405 0.294 0.018 0.05
0 0.342 0.23 0.014 0.035
0 0.352 0.237 0.014 0.028
0 0.337 0.277 0.016 0.04
0 0.307 0.233 0.012 0.025
0 0.256 0.276 0.013 0.025
0 0.296 0.265 0.016 0.035
0 0.316 0.27 0.016 0.038
0 0.047 0.402 0.028 0.068
