0 0.066 0.293 0.024 0.053
0 0.288 0.219 0.017 0.034
0 0.31 0.215 0.014 0.034
0 0.329 0.217 0.015 0.034
0 0.349 0.216 0.019 0.032
0 0.369 0.228 0.015 0.038
0 0.327 0.183 0.015 0.032
0 0.365 0.182 0.014 0.029
0 0.374 0.167 0.013 0.027
0 0.375 0.206 0.016 0.029
0 0.406 0.239 0.017 0.036
0 0.441 0.242 0.018 0.04
0 0.448 0.208 0.016 0.032
0 0.434 0.199 0.014 0.029
0 0.416 0.2 0.018 0.038
0 0.403 0.164 0.014 0.036
0 0.424 0.15 0.012 0.03
0 0.441 0.149 0.014 0.029
0 0.478 0.144 0.012 0.025
0 0.467 0.133 0.011 0.027
0 0.509 0.179 0.016 0.03
0 0.491 0.192 0.013 0.027
0 0.494 0.119 0.009 0.017
0 0.511 0.146 0.015 0.023
0 0.545 0.16 0.016 0.027
0 0.552 0.183 0.017 0.038
0 0.581 0.168 0.017 0.036
0 0.589 0.14 0.012 0.029
0 0.638 0.151 0.015 0.025
0 0.619 0.136 0.014 0.029
0 0.592 0.106 0.008 0.021
0 0.557 0.116 0.012 0.023
0 0.527 0.115 0.012 0.025
0 0.561 0.145 0.014 0.025
0 0.546 0.138 0.012 0.021
0 0.533 0.14 0.009 0.021
0 0.603 0.111 0.008 0.021
0 0.643 0.112 0.009 0.023
0 0.649 0.146 0.011 0.023
0 0.615 0.115 0.009 0.021
0 0.673 0.113 0.012 0.029
0 0.686 0.109 0.009 0.025
0 0.707 0.109 0.011 0.025
0 0.572 0.24 0.022 0.048
0 0.613 0.24 0.023 0.048
0 0.666 0.181 0.014 0.034
0 0.697 0.172 0.014 0.036
0 0.715 0.181 0.015 0.038
0 0.725 0.144 0.015 0.03
0 0.743 0.131 0.012 0.03
0 0.703 0.315 0.027 0.055
0 0.691 0.255 0.019 0.046
0 0.676 0.23 0.017 0.042
0 0.717 0.23 0.019 0.042
0 0.742 0.202 0.017 0.038
0 0.729 0.178 0.013 0.032
0 0.766 0.128 0.009 0.029
0 0.777 0.139 0.011 0.027
0 0.787 0.161 0.016 0.029
0 0.799 0.131 0.008 0.023
0 0.761 0.236 0.021 0.046
0 0.792 0.201 0.017 0.044
0 0.764 0.345 0.027 0.063
0 0.778 0.283 0.021 0.053
0 0.813 0.283 0.018 0.042
0 0.837 0.217 0.015 0.034
0 0.812 0.134 0.009 0.021
0 0.841 0.151 0.012 0.025
0 0.851 0.145 0.008 0.025
0 0.866 0.171 0.014 0.034
0 0.89 0.172 0.014 0.032
0 0.925 0.201 0.015 0.032
0 0.945 0.185 0.012 0.032
0 0.915 0.22 0.016 0.036
0 0.897 0.221 0.016 0.032
0 0.93 0.254 0.018 0.04
0 0.878 0.233 0.017 0.044
0 0.903 0.153 0.012 0.029
0 0.818 0.167 0.017 0.034
0 0.903 0.364 0.026 0.059
