0 0.117 0.571 0.029 0.072
0 0.069 0.496 0.025 0.069
0 0.064 0.403 0.024 0.058
0 0.207 0.439 0.025 0.065
0 0.223 0.348 0.021 0.058
0 0.237 0.31 0.019 0.05
0 0.17 0.28 0.015 0.05
0 0.122 0.214 0.016 0.036
0 0.043 0.229 0.015 0.039
0 0.034 0.251 0.015 0.036
0 0.151 0.169 0.015 0.033
0 0.175 0.197 0.015 0.041
0 0.21 0.145 0.013 0.029
0 0.222 0.155 0.013 0.033
0 0.239 0.14 0.013 0.033
0 0.284 0.214 0.017 0.045
0 0.289 0.186 0.018 0.036
0 0.302 0.243 0.017 0.039
0 0.34 0.227 0.017 0.039
0 0.375 0.188 0.013 0.036
0 0.399 0.182 0.013 0.034
0 0.456 0.283 0.017 0.051
0 0.54 0.497 0.028 0.065
0 0.54 0.315 0.018 0.057
0 0.665 0.35 0.021 0.045
0 0.604 0.264 0.017 0.038
0 0.562 0.216 0.02 0.045
0 0.698 0.285 0.02 0.045
0 0.769 0.381 0.024 0.055
0 0.69 0.227 0.014 0.036
0 0.764 0.218 0.015 0.038
0 0.8 0.248 0.015 0.036
0 0.91 0.378 0.019 0.046
0 0.842 0.304 0.015 0.039
0 0.838 0.289 0.016 0.033
0 0.64 0.167 0.014 0.036
0 0.608 0.131 0.013 0.033
0 0.586 0.151 0.013 0.034
0 0.545 0.193 0.012 0.036
0 0.553 0.15 0.01 0.029
0 0.567 0.113 0.012 0.031
0 0.53 0.095 0.012 0.033
0 0.488 0.191 0.014 0.036
0 0.467 0.234 0.016 0.043
0 0.465 0.172 0.016 0.038
0 0.447 0.145 0.011 0.039
0 0.461 0.136 0.012 0.034
0 0.488 0.128 0.011 0.029
0 0.471 0.091 0.01 0.021
0 0.423 0.103 0.013 0.031
0 0.397 0.111 0.013 0.029
0 0.354 0.104 0.014 0.033
