0 0.146 0.535 0.056 0.111
0 0.219 0.355 0.016 0.037
0 0.263 0.343 0.023 0.047
0 0.292 0.36 0.022 0.044
0 0.288 0.303 0.016 0.031
0 0.34 0.347 0.022 0.042
0 0.36 0.326 0.019 0.042
0 0.356 0.289 0.016 0.031
0 0.38 0.337 0.02 0.04
0 0.408 0.339 0.021 0.039
0 0.405 0.307 0.019 0.033
0 0.439 0.347 0.019 0.049
0 0.437 0.302 0.018 0.037
0 0.396 0.251 0.016 0.029
0 0.414 0.26 0.017 0.033
0 0.44 0.261 0.013 0.028
0 0.465 0.299 0.016 0.029
0 0.467 0.267 0.015 0.028
0 0.459 0.246 0.016 0.025
0 0.467 0.235 0.014 0.024
0 0.491 0.277 0.017 0.032
0 0.505 0.256 0.017 0.028
0 0.521 0.254 0.015 0.031
0 0.517 0.309 0.018 0.04
0 0.513 0.293 0.018 0.031
0 0.545 0.289 0.018 0.036
0 0.536 0.251 0.014 0.031
0 0.545 0.228 0.016 0.028
0 0.556 0.256 0.017 0.037
0 0.569 0.242 0.016 0.026
0 0.568 0.218 0.014 0.028
0 0.589 0.251 0.014 0.035
0 0.59 0.235 0.016 0.031
0 0.605 0.206 0.014 0.029
0 0.621 0.21 0.014 0.022
0 0.633 0.249 0.017 0.033
0 0.652 0.223 0.013 0.032
0 0.667 0.231 0.013 0.031
0 0.691 0.221 0.014 0.028
0 0.697 0.258 0.016 0.035
0 0.668 0.267 0.019 0.032
0 0.628 0.299 0.018 0.036
0 0.594 0.322 0.021 0.042
0 0.531 0.37 0.026 0.054
0 0.537 0.401 0.031 0.06
0 0.499 0.375 0.028 0.067
0 0.609 0.426 0.032 0.06
0 0.604 0.368 0.025 0.044
0 0.64 0.341 0.02 0.046
0 0.683 0.348 0.02 0.049
0 0.661 0.447 0.033 0.064
0 0.647 0.392 0.031 0.054
0 0.674 0.319 0.021 0.043
0 0.714 0.285 0.016 0.04
0 0.726 0.397 0.027 0.054
0 0.695 0.519 0.035 0.075
0 0.757 0.442 0.029 0.067
0 0.788 0.504 0.031 0.069
0 0.799 0.36 0.023 0.047
0 0.81 0.341 0.019 0.043
0 0.804 0.306 0.018 0.032
0 0.76 0.286 0.019 0.039
0 0.753 0.263 0.016 0.031
0 0.734 0.252 0.017 0.029
0 0.723 0.265 0.015 0.033
0 0.742 0.226 0.013 0.029
0 0.771 0.247 0.018 0.029
0 0.808 0.274 0.018 0.031
0 0.8 0.257 0.014 0.022
0 0.826 0.263 0.014 0.036
0 0.849 0.263 0.018 0.039
0 0.86 0.258 0.012 0.032
0 0.85 0.317 0.022 0.039
0 0.876 0.326 0.019 0.042
0 0.886 0.292 0.017 0.032
0 0.86 0.368 0.023 0.047
0 0.845 0.41 0.023 0.049
0 0.831 0.451 0.035 0.067
0 0.898 0.471 0.03 0.075
0 0.89 0.389 0.021 0.047
0 0.915 0.353 0.017 0.04
0 0.926 0.328 0.015 0.036
0 0.919 0.3 0.015 0.031
0 0.916 0.277 0.014 0.026
