0 0.095 0.343 0.043 0.074
0 0.281 0.222 0.02 0.04
0 0.313 0.224 0.019 0.04
0 0.333 0.22 0.017 0.04
0 0.349 0.224 0.02 0.043
0 0.378 0.237 0.023 0.043
0 0.404 0.235 0.019 0.04
0 0.43 0.248 0.021 0.042
0 0.42 0.202 0.02 0.042
0 0.372 0.204 0.016 0.023
0 0.391 0.192 0.018 0.032
0 0.371 0.186 0.017 0.028
0 0.348 0.175 0.015 0.032
0 0.377 0.17 0.018 0.026
0 0.413 0.161 0.015 0.03
0 0.429 0.157 0.015 0.03
0 0.441 0.163 0.013 0.026
0 0.455 0.209 0.019 0.04
0 0.454 0.189 0.017 0.026
0 0.495 0.166 0.017 0.038
0 0.516 0.183 0.018 0.034
0 0.555 0.183 0.016 0.038
0 0.483 0.148 0.016 0.028
0 0.499 0.12 0.012 0.025
0 0.503 0.14 0.015 0.026
0 0.533 0.159 0.014 0.03
0 0.53 0.122 0.014 0.028
0 0.55 0.127 0.013 0.026
0 0.547 0.158 0.014 0.028
0 0.566 0.144 0.014 0.034
0 0.579 0.177 0.02 0.04
0 0.596 0.164 0.015 0.028
0 0.599 0.119 0.013 0.026
0 0.61 0.119 0.012 0.026
0 0.608 0.139 0.012 0.028
0 0.625 0.135 0.013 0.032
0 0.644 0.155 0.015 0.034
0 0.649 0.116 0.013 0.028
0 0.69 0.125 0.015 0.026
0 0.712 0.114 0.015 0.04
0 0.69 0.109 0.011 0.021
0 0.578 0.236 0.026 0.049
0 0.619 0.253 0.03 0.053
0 0.616 0.212 0.023 0.045
0 0.662 0.199 0.018 0.043
0 0.679 0.231 0.02 0.053
0 0.699 0.26 0.022 0.051
0 0.71 0.324 0.032 0.085
0 0.77 0.363 0.029 0.072
0 0.733 0.234 0.024 0.053
0 0.719 0.185 0.021 0.045
0 0.733 0.182 0.015 0.04
0 0.734 0.145 0.017 0.036
0 0.753 0.135 0.013 0.032
0 0.772 0.136 0.015 0.038
0 0.762 0.245 0.022 0.051
0 0.76 0.198 0.016 0.034
0 0.795 0.166 0.015 0.034
0 0.786 0.282 0.033 0.057
0 0.816 0.267 0.024 0.057
0 0.794 0.208 0.022 0.042
0 0.815 0.219 0.017 0.038
0 0.825 0.18 0.017 0.034
0 0.833 0.139 0.013 0.025
0 0.79 0.137 0.012 0.028
0 0.847 0.156 0.016 0.032
0 0.857 0.148 0.013 0.025
0 0.867 0.182 0.015 0.04
0 0.84 0.221 0.021 0.038
0 0.916 0.315 0.028 0.062
0 0.889 0.233 0.018 0.043
0 0.902 0.219 0.016 0.042
0 0.899 0.192 0.015 0.032
0 0.908 0.179 0.012 0.025
0 0.911 0.153 0.012 0.026
0 0.921 0.225 0.019 0.049
0 0.934 0.25 0.019 0.045
0 0.933 0.206 0.016 0.034
0 0.946 0.185 0.015 0.042
