0 0.185 0.336 0.046 0.092
0 0.378 0.199 0.018 0.042
0 0.382 0.175 0.019 0.031
0 0.416 0.216 0.021 0.044
0 0.39 0.272 0.026 0.045
0 0.424 0.185 0.024 0.035
0 0.481 0.183 0.027 0.045
0 0.479 0.156 0.017 0.037
0 0.457 0.228 0.021 0.04
0 0.517 0.197 0.024 0.052
0 0.538 0.197 0.02 0.042
0 0.554 0.071 0.014 0.03
0 0.579 0.127 0.015 0.033
0 0.622 0.154 0.024 0.049
0 0.606 0.247 0.022 0.047
0 0.637 0.247 0.029 0.061
0 0.626 0.31 0.034 0.068
0 0.734 0.293 0.031 0.066
0 0.686 0.182 0.017 0.038
0 0.711 0.161 0.019 0.038
0 0.712 0.202 0.017 0.042
0 0.744 0.17 0.019 0.033
0 0.756 0.147 0.016 0.033
0 0.782 0.145 0.019 0.038
0 0.77 0.175 0.017 0.037
0 0.784 0.185 0.015 0.031
0 0.802 0.174 0.013 0.037
0 0.806 0.22 0.025 0.049
0 0.755 0.207 0.02 0.044
0 0.838 0.276 0.025 0.052
0 0.876 0.289 0.029 0.058
0 0.915 0.291 0.025 0.052
0 0.919 0.218 0.018 0.042
0 0.941 0.241 0.019 0.042
0 0.946 0.212 0.016 0.033
