0 0.079 0.546 0.048 0.098
0 0.204 0.278 0.021 0.05
0 0.23 0.272 0.025 0.048
0 0.28 0.238 0.02 0.045
0 0.311 0.238 0.019 0.042
0 0.311 0.211 0.019 0.048
0 0.33 0.226 0.017 0.048
0 0.348 0.216 0.018 0.045
0 0.366 0.262 0.018 0.051
0 0.398 0.242 0.02 0.043
0 0.368 0.198 0.018 0.04
0 0.39 0.195 0.016 0.038
0 0.433 0.194 0.019 0.043
0 0.444 0.166 0.018 0.037
0 0.47 0.242 0.022 0.043
0 0.432 0.321 0.023 0.066
0 0.494 0.207 0.019 0.043
0 0.482 0.176 0.016 0.038
0 0.467 0.172 0.017 0.037
0 0.455 0.165 0.012 0.029
0 0.495 0.154 0.017 0.037
0 0.518 0.172 0.022 0.043
0 0.55 0.214 0.018 0.038
0 0.553 0.142 0.013 0.04
0 0.563 0.164 0.014 0.03
0 0.578 0.137 0.015 0.034
0 0.598 0.129 0.014 0.034
0 0.607 0.157 0.017 0.032
0 0.607 0.183 0.014 0.037
0 0.582 0.177 0.018 0.034
0 0.622 0.2 0.018 0.042
0 0.63 0.133 0.015 0.038
0 0.655 0.149 0.014 0.035
0 0.657 0.187 0.018 0.038
0 0.667 0.134 0.016 0.037
0 0.691 0.141 0.014 0.035
0 0.709 0.154 0.014 0.038
0 0.689 0.17 0.018 0.038
0 0.569 0.214 0.018 0.038
0 0.575 0.33 0.023 0.054
0 0.597 0.382 0.03 0.064
0 0.614 0.288 0.027 0.054
0 0.664 0.25 0.022 0.053
0 0.697 0.219 0.018 0.042
0 0.658 0.389 0.026 0.061
0 0.725 0.386 0.03 0.062
0 0.795 0.442 0.032 0.08
0 0.874 0.471 0.035 0.072
0 0.726 0.26 0.022 0.053
0 0.752 0.29 0.021 0.042
0 0.743 0.229 0.017 0.045
0 0.747 0.188 0.016 0.037
0 0.771 0.184 0.015 0.042
0 0.782 0.204 0.014 0.04
0 0.797 0.254 0.018 0.054
0 0.813 0.29 0.026 0.056
0 0.82 0.226 0.017 0.042
0 0.809 0.188 0.018 0.04
0 0.841 0.213 0.015 0.035
0 0.869 0.226 0.014 0.04
0 0.879 0.224 0.013 0.035
0 0.9 0.253 0.014 0.035
0 0.907 0.228 0.013 0.03
0 0.889 0.291 0.02 0.045
0 0.868 0.31 0.021 0.053
0 0.848 0.368 0.023 0.061
0 0.887 0.386 0.025 0.067
0 0.927 0.323 0.02 0.051
0 0.929 0.271 0.018 0.046
0 0.948 0.244 0.016 0.043
0 0.955 0.426 0.023 0.067
0 0.947 0.369 0.022 0.059
0 0.973 0.354 0.02 0.054
0 0.974 0.309 0.014 0.035
0 0.986 0.26 0.016 0.046
