0 0.072 0.294 0.02 0.038
0 0.319 0.231 0.02 0.042
0 0.35 0.202 0.017 0.036
0 0.426 0.267 0.023 0.049
0 0.418 0.21 0.02 0.038
0 0.428 0.156 0.017 0.04
0 0.456 0.181 0.024 0.036
0 0.45 0.231 0.02 0.042
0 0.491 0.223 0.018 0.04
0 0.487 0.174 0.025 0.042
0 0.474 0.135 0.014 0.028
0 0.493 0.138 0.014 0.027
0 0.52 0.136 0.017 0.03
0 0.541 0.133 0.015 0.03
0 0.548 0.191 0.018 0.038
0 0.553 0.165 0.016 0.03
0 0.572 0.143 0.014 0.028
0 0.603 0.142 0.017 0.03
0 0.637 0.121 0.012 0.027
0 0.601 0.274 0.024 0.047
0 0.635 0.214 0.021 0.042
0 0.674 0.226 0.024 0.044
0 0.674 0.187 0.02 0.044
0 0.639 0.304 0.029 0.074
0 0.684 0.367 0.036 0.076
0 0.678 0.295 0.024 0.059
0 0.74 0.233 0.024 0.049
0 0.749 0.176 0.02 0.038
0 0.71 0.172 0.021 0.042
0 0.81 0.246 0.025 0.049
0 0.821 0.292 0.025 0.061
0 0.852 0.311 0.028 0.072
0 0.879 0.289 0.025 0.051
0 0.917 0.362 0.033 0.068
0 0.915 0.435 0.042 0.085
0 0.934 0.23 0.018 0.044
