0 0.158 0.351 0.032 0.066
0 0.245 0.284 0.018 0.038
0 0.275 0.256 0.02 0.044
0 0.288 0.287 0.021 0.035
0 0.343 0.278 0.021 0.041
0 0.374 0.283 0.018 0.041
0 0.365 0.255 0.013 0.038
0 0.378 0.236 0.015 0.04
0 0.379 0.184 0.013 0.028
0 0.356 0.232 0.014 0.03
0 0.402 0.183 0.015 0.03
0 0.416 0.176 0.015 0.04
0 0.441 0.229 0.019 0.04
0 0.447 0.185 0.012 0.031
0 0.463 0.191 0.018 0.04
0 0.467 0.228 0.021 0.041
0 0.443 0.162 0.011 0.025
0 0.478 0.147 0.012 0.023
0 0.477 0.174 0.017 0.038
0 0.508 0.184 0.016 0.035
0 0.51 0.151 0.018 0.031
0 0.495 0.143 0.011 0.028
0 0.521 0.14 0.013 0.026
0 0.543 0.19 0.018 0.048
0 0.56 0.18 0.019 0.04
0 0.557 0.135 0.016 0.03
0 0.548 0.129 0.018 0.03
0 0.583 0.138 0.015 0.031
0 0.59 0.115 0.016 0.026
0 0.612 0.14 0.019 0.033
0 0.611 0.109 0.016 0.03
0 0.637 0.104 0.013 0.026
0 0.652 0.132 0.015 0.03
0 0.642 0.135 0.013 0.026
0 0.661 0.113 0.013 0.031
0 0.698 0.105 0.015 0.03
0 0.689 0.142 0.02 0.036
0 0.652 0.172 0.018 0.044
0 0.621 0.203 0.019 0.043
0 0.61 0.26 0.023 0.049
0 0.555 0.251 0.028 0.058
0 0.525 0.326 0.034 0.059
0 0.484 0.307 0.026 0.061
0 0.609 0.322 0.032 0.061
0 0.708 0.314 0.03 0.064
0 0.742 0.354 0.035 0.076
0 0.801 0.398 0.033 0.068
0 0.898 0.424 0.038 0.084
0 0.897 0.329 0.03 0.059
0 0.828 0.307 0.028 0.058
0 0.767 0.271 0.026 0.048
0 0.723 0.247 0.024 0.049
0 0.704 0.227 0.022 0.043
0 0.656 0.217 0.023 0.046
0 0.702 0.178 0.02 0.046
0 0.722 0.197 0.024 0.048
0 0.744 0.23 0.023 0.051
0 0.728 0.139 0.015 0.031
0 0.728 0.118 0.017 0.031
0 0.759 0.135 0.012 0.03
0 0.771 0.144 0.017 0.038
0 0.805 0.156 0.018 0.038
0 0.777 0.208 0.018 0.048
0 0.805 0.245 0.023 0.049
0 0.82 0.211 0.019 0.046
0 0.821 0.143 0.015 0.035
0 0.825 0.119 0.015 0.031
0 0.85 0.143 0.013 0.031
0 0.857 0.134 0.011 0.028
0 0.85 0.174 0.017 0.035
0 0.872 0.211 0.02 0.043
0 0.861 0.266 0.018 0.048
0 0.91 0.262 0.025 0.046
0 0.916 0.194 0.02 0.04
0 0.882 0.156 0.014 0.035
0 0.894 0.138 0.012 0.026
