0 0.157 0.27 0.025 0.048
0 0.209 0.381 0.048 0.092
0 0.219 0.267 0.03 0.054
0 0.294 0.25 0.021 0.041
0 0.336 0.278 0.024 0.041
0 0.349 0.258 0.023 0.049
0 0.391 0.199 0.018 0.033
0 0.419 0.233 0.019 0.033
0 0.442 0.232 0.024 0.043
0 0.433 0.278 0.03 0.053
0 0.435 0.172 0.02 0.034
0 0.45 0.193 0.02 0.031
0 0.482 0.202 0.018 0.043
0 0.479 0.157 0.015 0.031
0 0.459 0.153 0.013 0.023
0 0.51 0.168 0.017 0.031
0 0.492 0.135 0.015 0.021
0 0.53 0.149 0.019 0.031
0 0.545 0.131 0.016 0.031
0 0.567 0.149 0.017 0.033
0 0.569 0.116 0.015 0.025
0 0.59 0.162 0.014 0.031
0 0.594 0.13 0.015 0.033
0 0.603 0.108 0.012 0.028
0 0.624 0.122 0.013 0.023
0 0.626 0.149 0.014 0.026
0 0.706 0.107 0.013 0.033
0 0.49 0.324 0.027 0.054
0 0.562 0.305 0.033 0.064
0 0.581 0.242 0.027 0.054
0 0.62 0.249 0.025 0.048
0 0.625 0.316 0.041 0.064
0 0.634 0.2 0.028 0.049
0 0.673 0.259 0.027 0.046
0 0.694 0.204 0.022 0.056
0 0.701 0.163 0.022 0.038
0 0.72 0.177 0.018 0.036
0 0.73 0.213 0.023 0.043
0 0.732 0.284 0.026 0.062
0 0.793 0.318 0.03 0.057
0 0.774 0.186 0.02 0.039
0 0.77 0.149 0.021 0.038
0 0.726 0.137 0.021 0.034
0 0.757 0.121 0.019 0.031
0 0.764 0.116 0.014 0.028
0 0.781 0.123 0.016 0.036
0 0.816 0.131 0.016 0.036
0 0.831 0.131 0.015 0.03
0 0.817 0.186 0.019 0.043
0 0.84 0.158 0.016 0.034
0 0.865 0.188 0.018 0.038
0 0.892 0.227 0.023 0.044
0 0.922 0.19 0.02 0.041
0 0.953 0.189 0.019 0.046
