0 0.208 0.412 0.053 0.094
0 0.348 0.186 0.02 0.035
0 0.375 0.194 0.016 0.037
0 0.389 0.161 0.012 0.03
0 0.396 0.211 0.018 0.03
0 0.404 0.239 0.022 0.033
0 0.434 0.209 0.018 0.037
0 0.433 0.179 0.015 0.031
0 0.443 0.154 0.013 0.026
0 0.458 0.173 0.015 0.035
0 0.466 0.202 0.019 0.041
0 0.481 0.228 0.021 0.048
0 0.477 0.181 0.018 0.033
0 0.472 0.141 0.015 0.026
0 0.492 0.14 0.015 0.031
0 0.499 0.124 0.01 0.022
0 0.525 0.166 0.018 0.039
0 0.508 0.192 0.021 0.035
0 0.536 0.194 0.018 0.035
0 0.55 0.17 0.018 0.033
0 0.545 0.134 0.015 0.024
0 0.561 0.144 0.017 0.028
0 0.594 0.151 0.018 0.031
0 0.582 0.174 0.022 0.033
0 0.597 0.134 0.012 0.024
0 0.591 0.113 0.013 0.03
0 0.609 0.106 0.01 0.022
0 0.63 0.13 0.016 0.026
0 0.654 0.113 0.011 0.03
0 0.665 0.131 0.018 0.031
0 0.69 0.124 0.016 0.026
0 0.709 0.119 0.011 0.028
0 0.574 0.24 0.021 0.046
0 0.618 0.242 0.027 0.057
0 0.63 0.213 0.027 0.044
0 0.646 0.303 0.029 0.057
0 0.69 0.355 0.033 0.057
0 0.741 0.262 0.031 0.057
0 0.748 0.232 0.022 0.046
0 0.76 0.199 0.018 0.035
0 0.74 0.176 0.021 0.037
0 0.724 0.154 0.016 0.037
0 0.713 0.156 0.017 0.031
0 0.71 0.19 0.019 0.039
0 0.749 0.141 0.015 0.03
0 0.763 0.166 0.017 0.031
0 0.785 0.131 0.016 0.028
0 0.799 0.155 0.015 0.028
0 0.78 0.191 0.02 0.037
0 0.795 0.211 0.019 0.037
0 0.841 0.233 0.021 0.041
0 0.828 0.272 0.024 0.059
0 0.858 0.304 0.029 0.052
0 0.861 0.269 0.026 0.048
0 0.895 0.245 0.018 0.035
0 0.863 0.194 0.017 0.033
0 0.83 0.19 0.018 0.035
0 0.841 0.155 0.017 0.031
0 0.878 0.179 0.013 0.031
0 0.898 0.207 0.015 0.037
0 0.937 0.323 0.026 0.057
0 0.946 0.224 0.017 0.037
0 0.952 0.198 0.016 0.037
0 0.94 0.166 0.013 0.028
