0 0.125 0.476 0.041 0.084
0 0.233 0.346 0.019 0.039
0 0.266 0.351 0.019 0.042
0 0.298 0.365 0.02 0.042
0 0.288 0.311 0.018 0.041
0 0.344 0.368 0.024 0.048
0 0.365 0.332 0.015 0.035
0 0.36 0.298 0.015 0.038
0 0.389 0.341 0.018 0.035
0 0.411 0.339 0.02 0.036
0 0.442 0.35 0.021 0.044
0 0.398 0.262 0.014 0.033
0 0.412 0.303 0.016 0.033
0 0.44 0.311 0.017 0.035
0 0.473 0.31 0.018 0.036
0 0.419 0.272 0.014 0.03
0 0.428 0.263 0.013 0.026
0 0.432 0.282 0.015 0.033
0 0.465 0.249 0.014 0.03
0 0.472 0.244 0.012 0.035
0 0.471 0.27 0.015 0.032
0 0.5 0.27 0.016 0.038
0 0.509 0.262 0.013 0.033
0 0.519 0.286 0.016 0.044
0 0.511 0.32 0.018 0.036
0 0.506 0.385 0.028 0.061
0 0.548 0.409 0.028 0.057
0 0.543 0.375 0.021 0.048
0 0.539 0.256 0.015 0.036
0 0.56 0.224 0.012 0.028
0 0.571 0.226 0.012 0.026
0 0.564 0.255 0.015 0.035
0 0.564 0.281 0.015 0.039
0 0.605 0.258 0.015 0.035
0 0.606 0.228 0.011 0.032
0 0.612 0.21 0.011 0.032
0 0.629 0.225 0.013 0.029
0 0.637 0.251 0.012 0.032
0 0.66 0.222 0.013 0.026
0 0.672 0.231 0.014 0.03
0 0.69 0.231 0.014 0.032
0 0.669 0.279 0.019 0.041
0 0.601 0.329 0.024 0.045
0 0.635 0.311 0.02 0.041
0 0.647 0.348 0.021 0.051
0 0.666 0.372 0.025 0.055
0 0.691 0.358 0.02 0.052
0 0.612 0.428 0.031 0.064
0 0.67 0.449 0.036 0.065
0 0.703 0.263 0.014 0.038
0 0.722 0.289 0.016 0.035
0 0.743 0.228 0.012 0.032
0 0.747 0.274 0.013 0.036
0 0.764 0.287 0.014 0.039
0 0.783 0.273 0.015 0.035
0 0.78 0.24 0.014 0.033
0 0.809 0.253 0.012 0.033
0 0.838 0.266 0.012 0.036
0 0.856 0.27 0.012 0.035
0 0.871 0.263 0.012 0.033
0 0.893 0.295 0.015 0.042
0 0.932 0.288 0.011 0.03
0 0.93 0.316 0.013 0.032
0 0.926 0.359 0.018 0.036
0 0.854 0.284 0.015 0.032
0 0.886 0.323 0.017 0.036
0 0.845 0.31 0.015 0.036
0 0.815 0.307 0.017 0.036
0 0.812 0.282 0.014 0.033
0 0.865 0.345 0.017 0.049
0 0.808 0.353 0.019 0.044
0 0.808 0.369 0.02 0.044
0 0.915 0.402 0.024 0.055
0 0.855 0.418 0.023 0.052
0 0.908 0.469 0.028 0.067
0 0.844 0.448 0.025 0.049
0 0.741 0.405 0.028 0.055
0 0.785 0.413 0.028 0.057
0 0.801 0.497 0.031 0.06
0 0.709 0.517 0.038 0.081
