0 0.207 0.436 0.055 0.117
0 0.252 0.393 0.047 0.091
0 0.281 0.191 0.025 0.05
0 0.346 0.248 0.023 0.054
0 0.363 0.264 0.022 0.049
0 0.398 0.185 0.023 0.04
0 0.422 0.217 0.022 0.052
0 0.441 0.236 0.021 0.042
0 0.446 0.183 0.021 0.04
0 0.429 0.284 0.025 0.047
0 0.469 0.195 0.019 0.044
0 0.465 0.15 0.022 0.032
0 0.48 0.131 0.015 0.03
0 0.527 0.138 0.018 0.045
0 0.508 0.17 0.021 0.045
0 0.532 0.202 0.024 0.045
0 0.551 0.151 0.018 0.037
0 0.557 0.109 0.012 0.027
0 0.575 0.156 0.018 0.03
0 0.637 0.059 0.015 0.037
0 0.482 0.314 0.031 0.064
0 0.616 0.241 0.032 0.045
0 0.671 0.246 0.027 0.059
0 0.675 0.161 0.015 0.047
0 0.706 0.146 0.018 0.037
0 0.73 0.154 0.02 0.04
0 0.736 0.139 0.02 0.037
0 0.751 0.097 0.015 0.037
0 0.745 0.169 0.019 0.037
0 0.713 0.276 0.025 0.059
0 0.762 0.285 0.027 0.06
0 0.793 0.182 0.02 0.042
0 0.806 0.12 0.017 0.035
0 0.841 0.174 0.02 0.049
0 0.865 0.221 0.019 0.054
