0 0.072 0.289 0.032 0.055
0 0.278 0.218 0.019 0.031
0 0.289 0.239 0.016 0.031
0 0.317 0.229 0.018 0.038
0 0.33 0.203 0.014 0.04
0 0.347 0.229 0.016 0.042
0 0.351 0.26 0.021 0.046
0 0.359 0.191 0.018 0.042
0 0.379 0.208 0.013 0.038
0 0.384 0.174 0.015 0.031
0 0.419 0.157 0.015 0.032
0 0.431 0.151 0.013 0.031
0 0.421 0.201 0.015 0.044
0 0.411 0.237 0.018 0.038
0 0.428 0.246 0.02 0.042
0 0.444 0.2 0.014 0.034
0 0.457 0.187 0.012 0.031
0 0.446 0.162 0.015 0.031
0 0.486 0.186 0.02 0.032
0 0.479 0.207 0.019 0.036
0 0.482 0.13 0.012 0.023
0 0.489 0.144 0.014 0.029
0 0.507 0.117 0.013 0.025
0 0.519 0.149 0.012 0.027
0 0.525 0.129 0.01 0.025
0 0.532 0.176 0.012 0.031
0 0.54 0.154 0.015 0.029
0 0.557 0.137 0.013 0.031
0 0.566 0.122 0.011 0.023
0 0.558 0.18 0.016 0.044
0 0.579 0.156 0.013 0.032
0 0.585 0.135 0.015 0.027
0 0.607 0.11 0.01 0.029
0 0.607 0.138 0.016 0.029
0 0.636 0.115 0.009 0.027
0 0.642 0.134 0.012 0.027
0 0.653 0.154 0.013 0.032
0 0.659 0.135 0.011 0.027
0 0.656 0.113 0.011 0.031
0 0.684 0.125 0.013 0.025
0 0.686 0.112 0.011 0.025
0 0.714 0.106 0.012 0.025
0 0.616 0.161 0.016 0.04
0 0.669 0.183 0.016 0.034
0 0.596 0.22 0.02 0.036
0 0.647 0.236 0.02 0.048
0 0.65 0.202 0.017 0.034
0 0.69 0.222 0.021 0.036
0 0.696 0.268 0.022 0.044
0 0.705 0.309 0.029 0.073
0 0.716 0.185 0.016 0.034
0 0.739 0.144 0.013 0.032
0 0.752 0.158 0.017 0.038
0 0.755 0.2 0.018 0.038
0 0.726 0.244 0.02 0.038
0 0.761 0.258 0.021 0.046
0 0.769 0.351 0.028 0.065
0 0.81 0.285 0.02 0.052
0 0.776 0.122 0.012 0.027
0 0.805 0.137 0.013 0.023
0 0.803 0.165 0.016 0.025
0 0.805 0.202 0.016 0.038
0 0.818 0.192 0.016 0.036
0 0.836 0.168 0.015 0.034
0 0.831 0.137 0.011 0.019
0 0.849 0.153 0.012 0.031
0 0.866 0.149 0.012 0.027
0 0.84 0.246 0.02 0.042
0 0.86 0.219 0.017 0.044
0 0.896 0.231 0.015 0.042
0 0.88 0.175 0.015 0.032
0 0.884 0.164 0.014 0.031
0 0.921 0.146 0.013 0.032
0 0.919 0.177 0.012 0.032
0 0.91 0.197 0.016 0.034
0 0.899 0.212 0.014 0.038
0 0.942 0.244 0.019 0.053
0 0.947 0.204 0.013 0.034
0 0.962 0.191 0.014 0.031
0 0.954 0.176 0.013 0.027
0 0.922 0.331 0.026 0.063
