0 0.12 0.398 0.052 0.097
0 0.28 0.23 0.024 0.038
0 0.305 0.223 0.018 0.028
0 0.314 0.229 0.014 0.032
0 0.336 0.2 0.018 0.038
0 0.353 0.223 0.02 0.04
0 0.359 0.247 0.022 0.044
0 0.362 0.195 0.017 0.036
0 0.384 0.217 0.016 0.032
0 0.379 0.17 0.014 0.026
0 0.41 0.241 0.019 0.04
0 0.402 0.174 0.015 0.03
0 0.42 0.159 0.011 0.024
0 0.435 0.161 0.012 0.024
0 0.417 0.201 0.016 0.032
0 0.433 0.201 0.012 0.036
0 0.444 0.189 0.012 0.028
0 0.445 0.242 0.02 0.042
0 0.471 0.199 0.02 0.036
0 0.475 0.192 0.022 0.03
0 0.476 0.156 0.014 0.03
0 0.485 0.148 0.012 0.022
0 0.494 0.161 0.011 0.036
0 0.498 0.127 0.009 0.024
0 0.506 0.152 0.015 0.03
0 0.529 0.129 0.014 0.024
0 0.543 0.136 0.012 0.026
0 0.557 0.132 0.012 0.026
0 0.569 0.137 0.014 0.032
0 0.537 0.166 0.017 0.03
0 0.524 0.181 0.019 0.036
0 0.555 0.188 0.018 0.038
0 0.57 0.168 0.015 0.034
0 0.585 0.177 0.016 0.036
0 0.594 0.168 0.014 0.026
0 0.602 0.118 0.01 0.026
0 0.609 0.14 0.015 0.026
0 0.631 0.155 0.015 0.032
0 0.627 0.137 0.014 0.024
0 0.633 0.116 0.011 0.022
0 0.657 0.115 0.011 0.028
0 0.655 0.15 0.016 0.03
0 0.657 0.222 0.019 0.05
0 0.654 0.188 0.017 0.042
0 0.593 0.233 0.019 0.048
0 0.637 0.245 0.023 0.048
0 0.676 0.113 0.008 0.02
0 0.699 0.127 0.011 0.028
0 0.678 0.137 0.015 0.028
0 0.686 0.228 0.017 0.042
0 0.68 0.263 0.019 0.05
0 0.713 0.325 0.027 0.062
0 0.761 0.355 0.024 0.066
0 0.713 0.241 0.019 0.044
0 0.73 0.148 0.015 0.03
0 0.701 0.18 0.019 0.046
0 0.745 0.187 0.017 0.032
0 0.756 0.133 0.011 0.028
0 0.769 0.13 0.01 0.026
0 0.787 0.144 0.014 0.026
0 0.804 0.137 0.011 0.028
0 0.796 0.171 0.014 0.032
0 0.801 0.207 0.017 0.04
0 0.767 0.236 0.02 0.046
0 0.793 0.299 0.027 0.062
0 0.821 0.137 0.011 0.024
0 0.842 0.154 0.011 0.026
0 0.859 0.152 0.01 0.03
0 0.829 0.177 0.014 0.04
0 0.823 0.2 0.016 0.034
0 0.847 0.229 0.017 0.044
0 0.829 0.252 0.023 0.048
0 0.908 0.159 0.014 0.028
0 0.867 0.185 0.016 0.036
0 0.905 0.185 0.015 0.028
0 0.942 0.183 0.015 0.028
0 0.935 0.196 0.017 0.026
0 0.938 0.214 0.014 0.034
0 0.927 0.242 0.015 0.038
0 0.93 0.273 0.017 0.046
0 0.904 0.226 0.015 0.042
0 0.905 0.201 0.014 0.036
0 0.894 0.238 0.019 0.042
0 0.908 0.334 0.025 0.064
