0 0.18 0.475 0.048 0.087
0 0.345 0.23 0.022 0.047
0 0.371 0.237 0.021 0.043
0 0.423 0.195 0.018 0.04
0 0.43 0.256 0.026 0.055
0 0.452 0.2 0.019 0.036
0 0.453 0.16 0.018 0.036
0 0.471 0.172 0.018 0.033
0 0.492 0.163 0.016 0.028
0 0.468 0.124 0.016 0.023
0 0.491 0.114 0.016 0.029
0 0.535 0.107 0.017 0.031
0 0.57 0.108 0.014 0.033
0 0.582 0.127 0.019 0.033
0 0.533 0.21 0.029 0.062
0 0.487 0.307 0.032 0.069
0 0.671 0.231 0.023 0.052
0 0.736 0.256 0.026 0.055
0 0.786 0.263 0.025 0.059
0 0.89 0.189 0.018 0.045
0 0.821 0.148 0.019 0.04
0 0.818 0.1 0.014 0.033
0 0.765 0.086 0.017 0.04
0 0.751 0.103 0.014 0.033
0 0.727 0.133 0.017 0.033
0 0.704 0.115 0.021 0.05
0 0.719 0.117 0.018 0.036
