0 0.299 0.184 0.015 0.031
0 0.412 0.209 0.013 0.029
0 0.446 0.231 0.017 0.035
0 0.444 0.182 0.015 0.033
0 0.461 0.135 0.01 0.025
0 0.481 0.171 0.015 0.031
0 0.459 0.201 0.012 0.029
0 0.548 0.167 0.012 0.027
0 0.559 0.19 0.016 0.031
0 0.632 0.12 0.013 0.031
0 0.626 0.26 0.019 0.039
0 0.628 0.215 0.016 0.041
0 0.67 0.219 0.017 0.039
0 0.676 0.176 0.013 0.033
0 0.638 0.337 0.031 0.052
0 0.676 0.291 0.019 0.043
0 0.731 0.23 0.023 0.041
0 0.824 0.259 0.018 0.037
0 0.857 0.256 0.018 0.054
0 0.824 0.387 0.044 0.118
0 0.933 0.241 0.015 0.043
