0 0.875 0.146 0.011 0.032
0 0.888 0.192 0.012 0.032
0 0.892 0.215 0.018 0.043
0 0.928 0.259 0.021 0.049
0 0.875 0.252 0.02 0.05
0 0.859 0.328 0.021 0.06
0 0.854 0.192 0.015 0.038
0 0.794 0.284 0.02 0.063
0 0.843 0.218 0.018 0.045
0 0.833 0.232 0.019 0.049
0 0.787 0.195 0.015 0.043
0 0.802 0.155 0.013 0.036
0 0.81 0.179 0.016 0.039
0 0.821 0.169 0.014 0.036
0 0.734 0.157 0.014 0.032
0 0.758 0.153 0.014 0.035
0 0.771 0.174 0.015 0.036
0 0.758 0.225 0.019 0.045
0 0.727 0.222 0.017 0.043
0 0.742 0.262 0.027 0.056
0 0.746 0.351 0.031 0.071
0 0.684 0.32 0.026 0.074
0 0.673 0.252 0.02 0.054
0 0.629 0.235 0.023 0.054
0 0.655 0.225 0.019 0.045
0 0.653 0.171 0.016 0.038
0 0.692 0.207 0.015 0.038
0 0.688 0.174 0.015 0.031
0 0.678 0.126 0.011 0.026
0 0.65 0.124 0.014 0.028
0 0.617 0.102 0.011 0.022
0 0.596 0.163 0.012 0.031
0 0.588 0.148 0.012 0.033
0 0.615 0.146 0.012 0.031
0 0.624 0.139 0.012 0.026
0 0.506 0.132 0.009 0.02
0 0.552 0.155 0.013 0.028
0 0.548 0.195 0.015 0.038
0 0.533 0.177 0.016 0.036
0 0.519 0.191 0.016 0.039
0 0.578 0.238 0.022 0.043
0 0.494 0.209 0.018 0.038
0 0.45 0.161 0.011 0.029
0 0.462 0.169 0.013 0.035
0 0.455 0.228 0.015 0.043
0 0.499 0.298 0.023 0.049
0 0.549 0.319 0.027 0.052
0 0.37 0.209 0.017 0.031
0 0.404 0.191 0.012 0.028
0 0.425 0.217 0.015 0.04
0 0.407 0.281 0.019 0.049
0 0.365 0.281 0.016 0.046
0 0.335 0.225 0.015 0.04
0 0.362 0.25 0.017 0.033
0 0.321 0.261 0.013 0.033
0 0.333 0.262 0.017 0.042
0 0.281 0.252 0.013 0.028
0 0.277 0.27 0.016 0.035
0 0.202 0.427 0.04 0.092
