0 0.88 0.424 0.032 0.081
0 0.797 0.39 0.027 0.079
0 0.836 0.32 0.024 0.063
0 0.89 0.303 0.024 0.054
0 0.857 0.253 0.021 0.049
0 0.871 0.237 0.018 0.053
0 0.906 0.256 0.019 0.049
0 0.914 0.245 0.022 0.049
0 0.895 0.158 0.013 0.031
0 0.89 0.179 0.016 0.035
0 0.855 0.167 0.014 0.035
0 0.838 0.124 0.012 0.028
0 0.82 0.146 0.01 0.032
0 0.8 0.18 0.016 0.036
0 0.823 0.221 0.017 0.035
0 0.815 0.236 0.017 0.04
0 0.808 0.122 0.012 0.029
0 0.781 0.116 0.009 0.028
0 0.779 0.163 0.013 0.031
0 0.732 0.114 0.01 0.026
0 0.751 0.143 0.013 0.026
0 0.745 0.167 0.016 0.033
0 0.716 0.167 0.013 0.028
0 0.725 0.181 0.016 0.036
0 0.707 0.218 0.017 0.043
0 0.775 0.208 0.018 0.042
0 0.767 0.226 0.016 0.039
0 0.767 0.295 0.018 0.04
0 0.692 0.109 0.012 0.028
0 0.667 0.124 0.012 0.025
0 0.677 0.192 0.015 0.042
0 0.653 0.227 0.017 0.04
0 0.658 0.262 0.021 0.059
0 0.638 0.098 0.01 0.025
0 0.645 0.113 0.01 0.025
0 0.639 0.133 0.013 0.038
0 0.591 0.102 0.006 0.017
0 0.61 0.114 0.009 0.02
0 0.609 0.15 0.012 0.032
0 0.564 0.128 0.01 0.024
0 0.586 0.15 0.013 0.029
0 0.603 0.214 0.016 0.038
0 0.604 0.26 0.02 0.054
0 0.632 0.297 0.025 0.061
0 0.566 0.248 0.017 0.047
0 0.544 0.283 0.026 0.061
0 0.563 0.177 0.014 0.033
0 0.548 0.163 0.014 0.031
0 0.528 0.14 0.012 0.026
0 0.506 0.138 0.008 0.022
0 0.516 0.162 0.012 0.025
0 0.501 0.185 0.017 0.046
0 0.492 0.159 0.01 0.022
0 0.454 0.146 0.01 0.026
0 0.466 0.158 0.01 0.026
0 0.438 0.171 0.01 0.029
0 0.45 0.17 0.012 0.025
0 0.45 0.214 0.015 0.038
0 0.465 0.238 0.021 0.046
0 0.414 0.195 0.012 0.029
0 0.398 0.232 0.016 0.035
0 0.389 0.264 0.017 0.036
0 0.316 0.246 0.015 0.038
0 0.328 0.258 0.016 0.036
0 0.349 0.243 0.015 0.042
0 0.349 0.213 0.017 0.036
0 0.371 0.236 0.015 0.032
0 0.358 0.259 0.019 0.039
0 0.208 0.407 0.037 0.078
