0 0.086 0.466 0.042 0.09
0 0.183 0.289 0.02 0.053
0 0.215 0.278 0.017 0.053
0 0.258 0.236 0.019 0.041
0 0.299 0.209 0.025 0.048
0 0.302 0.236 0.016 0.034
0 0.316 0.216 0.016 0.044
0 0.341 0.209 0.021 0.054
0 0.382 0.187 0.016 0.037
0 0.366 0.261 0.024 0.049
0 0.382 0.242 0.021 0.042
0 0.43 0.163 0.017 0.037
0 0.425 0.191 0.019 0.042
0 0.441 0.161 0.011 0.044
0 0.488 0.154 0.019 0.049
0 0.487 0.204 0.02 0.041
0 0.465 0.25 0.017 0.037
0 0.43 0.312 0.023 0.049
0 0.513 0.161 0.016 0.044
0 0.547 0.212 0.025 0.041
0 0.552 0.133 0.02 0.036
0 0.552 0.165 0.022 0.037
0 0.572 0.194 0.019 0.041
0 0.573 0.138 0.02 0.046
0 0.592 0.121 0.013 0.036
0 0.627 0.129 0.018 0.044
0 0.603 0.149 0.022 0.041
0 0.611 0.179 0.019 0.049
0 0.618 0.199 0.01 0.036
0 0.65 0.131 0.018 0.041
0 0.663 0.128 0.018 0.042
0 0.656 0.175 0.019 0.041
0 0.687 0.132 0.018 0.044
0 0.706 0.163 0.017 0.031
0 0.686 0.176 0.02 0.039
0 0.691 0.214 0.026 0.044
0 0.67 0.224 0.024 0.051
0 0.613 0.29 0.026 0.051
0 0.569 0.334 0.024 0.063
0 0.608 0.381 0.031 0.059
0 0.659 0.415 0.025 0.063
0 0.725 0.271 0.02 0.056
0 0.742 0.229 0.021 0.048
0 0.747 0.294 0.02 0.037
0 0.731 0.424 0.027 0.07
0 0.791 0.452 0.025 0.092
0 0.748 0.196 0.02 0.046
0 0.77 0.194 0.018 0.051
0 0.807 0.191 0.018 0.039
0 0.787 0.21 0.021 0.036
0 0.796 0.251 0.02 0.058
0 0.822 0.232 0.02 0.046
0 0.832 0.218 0.017 0.046
0 0.814 0.298 0.022 0.056
0 0.87 0.234 0.024 0.048
0 0.874 0.228 0.016 0.039
0 0.904 0.227 0.016 0.046
0 0.905 0.259 0.013 0.046
0 0.891 0.281 0.034 0.053
0 0.873 0.315 0.02 0.049
0 0.869 0.368 0.022 0.058
0 0.887 0.406 0.022 0.065
0 0.935 0.267 0.014 0.046
0 0.952 0.244 0.017 0.051
0 0.928 0.344 0.022 0.042
0 0.986 0.255 0.015 0.044
0 0.981 0.304 0.02 0.044
0 0.976 0.328 0.025 0.048
0 0.979 0.362 0.025 0.054
0 0.956 0.381 0.023 0.063
0 0.955 0.478 0.02 0.066
0 0.855 0.497 0.026 0.097
0 0.353 0.197 0.025 0.041
