0 0.784 0.414 0.043 0.118
0 0.783 0.291 0.024 0.055
0 0.91 0.4 0.037 0.097
0 0.983 0.277 0.032 0.069
0 0.904 0.323 0.023 0.061
0 0.882 0.242 0.015 0.043
0 0.89 0.198 0.012 0.035
0 0.926 0.198 0.014 0.035
0 0.912 0.245 0.015 0.04
0 0.912 0.278 0.018 0.057
0 0.729 0.147 0.014 0.035
0 0.72 0.221 0.018 0.047
0 0.664 0.221 0.017 0.043
0 0.629 0.231 0.023 0.052
0 0.653 0.107 0.011 0.024
0 0.619 0.109 0.009 0.024
0 0.579 0.113 0.01 0.021
0 0.596 0.125 0.017 0.038
0 0.533 0.153 0.013 0.036
0 0.558 0.178 0.018 0.043
0 0.416 0.157 0.011 0.026
0 0.448 0.149 0.012 0.031
0 0.476 0.146 0.013 0.033
0 0.489 0.161 0.014 0.035
0 0.47 0.185 0.013 0.035
0 0.449 0.208 0.017 0.042
0 0.415 0.211 0.018 0.042
0 0.393 0.199 0.016 0.038
0 0.341 0.213 0.016 0.045
0 0.366 0.229 0.017 0.042
0 0.388 0.247 0.017 0.043
0 0.257 0.218 0.019 0.052
0 0.205 0.235 0.019 0.05
0 0.125 0.445 0.052 0.111
