0 0.212 0.361 0.05 0.097
0 0.329 0.2 0.019 0.036
0 0.368 0.123 0.019 0.032
0 0.411 0.186 0.014 0.028
0 0.43 0.172 0.017 0.036
0 0.44 0.143 0.012 0.034
0 0.453 0.144 0.01 0.024
0 0.472 0.155 0.014 0.034
0 0.462 0.171 0.017 0.03
0 0.465 0.202 0.019 0.032
0 0.464 0.14 0.014 0.024
0 0.487 0.146 0.016 0.028
0 0.509 0.144 0.012 0.024
0 0.497 0.136 0.01 0.02
0 0.522 0.13 0.013 0.028
0 0.522 0.187 0.016 0.034
0 0.543 0.196 0.02 0.036
0 0.544 0.157 0.012 0.03
0 0.57 0.134 0.013 0.032
0 0.58 0.128 0.017 0.032
0 0.599 0.138 0.018 0.032
0 0.585 0.162 0.017 0.036
0 0.621 0.171 0.019 0.034
0 0.617 0.107 0.011 0.024
0 0.643 0.123 0.013 0.028
0 0.652 0.141 0.014 0.026
0 0.659 0.115 0.01 0.024
0 0.669 0.118 0.011 0.022
0 0.69 0.113 0.013 0.032
0 0.711 0.122 0.012 0.026
0 0.596 0.243 0.022 0.051
0 0.633 0.211 0.023 0.051
0 0.661 0.22 0.021 0.053
0 0.668 0.207 0.019 0.034
0 0.689 0.173 0.019 0.034
0 0.71 0.182 0.017 0.032
0 0.742 0.207 0.024 0.045
0 0.741 0.175 0.016 0.038
0 0.755 0.143 0.013 0.026
0 0.759 0.133 0.011 0.022
0 0.769 0.18 0.017 0.04
0 0.78 0.144 0.014 0.036
0 0.798 0.167 0.014 0.034
0 0.807 0.158 0.013 0.032
0 0.827 0.133 0.013 0.03
0 0.826 0.181 0.016 0.038
0 0.841 0.188 0.016 0.032
0 0.81 0.204 0.018 0.036
0 0.789 0.218 0.019 0.042
0 0.715 0.168 0.017 0.028
0 0.87 0.291 0.02 0.051
0 0.885 0.23 0.018 0.042
0 0.893 0.206 0.021 0.04
0 0.874 0.157 0.01 0.03
0 0.85 0.152 0.012 0.032
0 0.917 0.179 0.014 0.034
0 0.938 0.195 0.012 0.03
0 0.938 0.172 0.011 0.02
0 0.918 0.267 0.018 0.047
