0 0.345 0.235 0.02 0.038
0 0.356 0.311 0.021 0.039
0 0.392 0.301 0.02 0.038
0 0.402 0.227 0.019 0.034
0 0.368 0.202 0.015 0.028
0 0.397 0.189 0.011 0.031
0 0.411 0.204 0.018 0.034
0 0.461 0.233 0.018 0.033
0 0.493 0.231 0.02 0.039
0 0.494 0.205 0.019 0.033
0 0.479 0.19 0.014 0.03
0 0.463 0.207 0.016 0.026
0 0.453 0.184 0.015 0.028
0 0.58 0.144 0.014 0.026
0 0.494 0.309 0.025 0.044
0 0.632 0.252 0.021 0.048
0 0.672 0.062 0.011 0.023
0 0.714 0.193 0.019 0.043
0 0.759 0.246 0.019 0.052
0 0.928 0.23 0.017 0.039
