0 0.833 0.258 0.012 0.028
0 0.842 0.281 0.014 0.033
0 0.852 0.268 0.013 0.031
0 0.871 0.261 0.011 0.031
0 0.888 0.278 0.015 0.036
0 0.93 0.316 0.012 0.028
0 0.931 0.286 0.01 0.027
0 0.925 0.35 0.014 0.043
0 0.883 0.337 0.015 0.038
0 0.864 0.334 0.014 0.041
0 0.907 0.481 0.024 0.067
0 0.842 0.464 0.024 0.056
0 0.829 0.396 0.02 0.054
0 0.815 0.511 0.025 0.067
0 0.803 0.244 0.01 0.03
0 0.816 0.273 0.011 0.03
0 0.798 0.292 0.015 0.034
0 0.818 0.344 0.017 0.044
0 0.807 0.36 0.024 0.05
0 0.77 0.437 0.024 0.064
0 0.737 0.254 0.014 0.033
0 0.759 0.257 0.012 0.03
0 0.763 0.286 0.013 0.041
0 0.776 0.239 0.012 0.024
0 0.698 0.259 0.013 0.031
0 0.706 0.299 0.016 0.043
0 0.714 0.415 0.024 0.06
0 0.691 0.528 0.031 0.075
0 0.627 0.482 0.029 0.07
0 0.663 0.367 0.022 0.047
0 0.637 0.353 0.017 0.043
0 0.594 0.4 0.022 0.05
0 0.573 0.46 0.028 0.066
0 0.675 0.321 0.02 0.037
0 0.684 0.359 0.02 0.048
0 0.662 0.209 0.01 0.02
0 0.676 0.217 0.012 0.024
0 0.664 0.281 0.015 0.038
0 0.633 0.223 0.012 0.027
0 0.605 0.208 0.009 0.023
0 0.594 0.252 0.011 0.028
0 0.598 0.231 0.011 0.027
0 0.559 0.219 0.01 0.024
0 0.567 0.248 0.014 0.037
0 0.545 0.246 0.011 0.036
0 0.549 0.276 0.014 0.038
0 0.503 0.27 0.013 0.03
0 0.515 0.28 0.016 0.038
0 0.497 0.328 0.015 0.043
0 0.527 0.385 0.021 0.051
0 0.539 0.41 0.027 0.057
0 0.469 0.413 0.029 0.063
0 0.439 0.264 0.012 0.03
0 0.457 0.248 0.014 0.028
0 0.454 0.278 0.015 0.034
0 0.462 0.321 0.02 0.04
0 0.444 0.351 0.02 0.041
0 0.405 0.335 0.018 0.037
0 0.429 0.314 0.017 0.044
0 0.387 0.268 0.015 0.034
0 0.348 0.3 0.012 0.027
0 0.382 0.34 0.014 0.038
0 0.401 0.302 0.011 0.028
0 0.314 0.391 0.023 0.047
0 0.283 0.316 0.015 0.031
0 0.294 0.36 0.019 0.046
0 0.257 0.363 0.018 0.044
0 0.226 0.345 0.014 0.034
0 0.143 0.543 0.033 0.075
