0 0.033 0.295 0.019 0.035
0 0.228 0.167 0.018 0.04
0 0.283 0.226 0.021 0.043
0 0.34 0.207 0.019 0.043
0 0.365 0.226 0.023 0.04
0 0.384 0.205 0.018 0.042
0 0.403 0.231 0.023 0.04
0 0.437 0.212 0.023 0.05
0 0.469 0.19 0.016 0.033
0 0.416 0.149 0.015 0.031
0 0.445 0.141 0.014 0.029
0 0.464 0.153 0.02 0.038
0 0.491 0.161 0.018 0.035
0 0.483 0.133 0.019 0.033
0 0.555 0.178 0.021 0.047
0 0.583 0.046 0.017 0.029
0 0.607 0.122 0.018 0.04
0 0.616 0.107 0.014 0.026
0 0.642 0.104 0.014 0.028
0 0.656 0.103 0.012 0.029
0 0.596 0.231 0.025 0.045
0 0.624 0.232 0.027 0.059
0 0.66 0.233 0.028 0.047
0 0.697 0.166 0.021 0.04
0 0.733 0.161 0.021 0.042
0 0.734 0.144 0.014 0.031
0 0.728 0.227 0.025 0.049
0 0.792 0.31 0.029 0.069
0 0.909 0.348 0.028 0.069
0 0.855 0.204 0.016 0.043
0 0.888 0.237 0.022 0.047
0 0.889 0.205 0.016 0.033
0 0.873 0.166 0.013 0.038
0 0.9 0.181 0.014 0.04
0 0.922 0.238 0.026 0.047
0 0.915 0.301 0.025 0.054
0 0.928 0.203 0.019 0.038
0 0.937 0.202 0.013 0.029
0 0.944 0.114 0.015 0.038
