0 0.052 0.412 0.034 0.067
0 0.251 0.268 0.014 0.035
0 0.281 0.265 0.019 0.028
0 0.32 0.245 0.016 0.03
0 0.335 0.217 0.017 0.03
0 0.363 0.223 0.021 0.035
0 0.364 0.188 0.019 0.035
0 0.391 0.187 0.018 0.033
0 0.411 0.194 0.014 0.037
0 0.399 0.285 0.03 0.043
0 0.361 0.263 0.022 0.028
0 0.34 0.26 0.02 0.035
0 0.44 0.228 0.022 0.032
0 0.474 0.233 0.019 0.032
0 0.464 0.15 0.017 0.02
0 0.49 0.129 0.016 0.027
0 0.522 0.213 0.019 0.048
0 0.493 0.199 0.019 0.03
0 0.566 0.243 0.026 0.055
0 0.574 0.172 0.02 0.033
0 0.544 0.165 0.018 0.03
0 0.499 0.302 0.03 0.05
0 0.541 0.307 0.023 0.06
0 0.612 0.311 0.036 0.052
0 0.614 0.266 0.022 0.042
0 0.632 0.2 0.017 0.033
0 0.669 0.258 0.028 0.042
0 0.698 0.29 0.026 0.048
0 0.666 0.208 0.019 0.038
0 0.69 0.22 0.023 0.042
0 0.701 0.18 0.019 0.037
0 0.717 0.164 0.02 0.037
0 0.75 0.239 0.022 0.04
0 0.791 0.262 0.027 0.053
0 0.837 0.326 0.025 0.057
0 0.857 0.267 0.02 0.05
0 0.921 0.272 0.024 0.043
0 0.908 0.225 0.016 0.037
0 0.826 0.222 0.022 0.04
0 0.777 0.193 0.019 0.038
0 0.753 0.164 0.019 0.028
0 0.737 0.205 0.024 0.03
0 0.739 0.118 0.014 0.022
0 0.788 0.15 0.02 0.03
0 0.808 0.128 0.02 0.022
0 0.833 0.144 0.016 0.028
0 0.835 0.184 0.019 0.043
0 0.863 0.157 0.011 0.04
0 0.895 0.15 0.012 0.03
0 0.89 0.205 0.011 0.038
0 0.642 0.148 0.018 0.022
0 0.679 0.113 0.013 0.028
0 0.691 0.148 0.012 0.025
0 0.67 0.174 0.018 0.02
0 0.588 0.139 0.017 0.023
0 0.561 0.134 0.016 0.023
0 0.612 0.144 0.017 0.027
0 0.639 0.119 0.013 0.022
0 0.613 0.116 0.013 0.018
0 0.765 0.137 0.014 0.023
