0 0.09 0.46 0.028 0.07
0 0.287 0.266 0.014 0.033
0 0.277 0.24 0.014 0.034
0 0.308 0.25 0.015 0.028
0 0.332 0.256 0.016 0.036
0 0.32 0.216 0.013 0.033
0 0.332 0.219 0.013 0.028
0 0.353 0.23 0.014 0.033
0 0.363 0.248 0.018 0.039
0 0.376 0.227 0.015 0.031
0 0.372 0.193 0.013 0.034
0 0.385 0.186 0.013 0.028
0 0.417 0.191 0.013 0.028
0 0.39 0.262 0.019 0.033
0 0.423 0.257 0.018 0.043
0 0.432 0.226 0.02 0.033
0 0.462 0.233 0.018 0.046
0 0.478 0.199 0.021 0.028
0 0.44 0.179 0.015 0.026
0 0.452 0.189 0.014 0.023
0 0.462 0.147 0.013 0.025
0 0.498 0.17 0.015 0.033
0 0.476 0.134 0.012 0.021
0 0.538 0.184 0.021 0.036
0 0.533 0.16 0.013 0.028
0 0.545 0.152 0.012 0.026
0 0.564 0.172 0.016 0.03
0 0.562 0.126 0.014 0.036
0 0.601 0.152 0.017 0.026
0 0.587 0.127 0.014 0.028
0 0.608 0.129 0.017 0.025
0 0.628 0.139 0.015 0.03
0 0.636 0.123 0.01 0.026
0 0.659 0.123 0.01 0.026
0 0.484 0.302 0.026 0.054
0 0.539 0.306 0.027 0.061
0 0.602 0.316 0.034 0.057
0 0.572 0.22 0.019 0.043
0 0.6 0.198 0.021 0.043
0 0.647 0.218 0.019 0.043
0 0.644 0.265 0.021 0.048
0 0.61 0.27 0.03 0.044
0 0.709 0.282 0.024 0.043
0 0.694 0.233 0.024 0.043
0 0.664 0.184 0.017 0.033
0 0.684 0.192 0.015 0.036
0 0.685 0.167 0.012 0.03
0 0.704 0.166 0.017 0.031
0 0.702 0.141 0.012 0.026
0 0.728 0.198 0.016 0.041
0 0.749 0.234 0.023 0.041
0 0.765 0.273 0.026 0.054
0 0.83 0.325 0.025 0.057
0 0.859 0.234 0.024 0.049
0 0.914 0.258 0.019 0.044
0 0.911 0.222 0.015 0.034
0 0.885 0.203 0.016 0.033
0 0.887 0.175 0.016 0.03
0 0.888 0.147 0.014 0.028
0 0.847 0.163 0.014 0.028
0 0.839 0.191 0.016 0.038
0 0.822 0.203 0.018 0.043
0 0.788 0.173 0.018 0.038
0 0.767 0.205 0.021 0.039
0 0.759 0.171 0.015 0.031
0 0.774 0.143 0.016 0.025
0 0.798 0.133 0.012 0.03
0 0.82 0.137 0.014 0.031
0 0.757 0.127 0.016 0.031
0 0.742 0.148 0.015 0.03
0 0.738 0.122 0.014 0.025
