0 0.071 0.294 0.025 0.038
0 0.341 0.223 0.019 0.033
0 0.347 0.183 0.02 0.035
0 0.416 0.206 0.019 0.033
0 0.448 0.217 0.02 0.037
0 0.484 0.22 0.02 0.033
0 0.522 0.272 0.026 0.043
0 0.556 0.302 0.024 0.057
0 0.602 0.303 0.034 0.064
0 0.573 0.242 0.015 0.042
0 0.421 0.177 0.017 0.028
0 0.428 0.154 0.016 0.023
0 0.449 0.181 0.015 0.028
0 0.47 0.192 0.018 0.03
0 0.488 0.146 0.013 0.028
0 0.502 0.15 0.014 0.028
0 0.502 0.125 0.013 0.024
0 0.537 0.157 0.012 0.021
0 0.526 0.123 0.012 0.026
0 0.542 0.128 0.015 0.026
0 0.539 0.189 0.019 0.033
0 0.564 0.17 0.019 0.03
0 0.588 0.173 0.017 0.03
0 0.589 0.112 0.014 0.023
0 0.681 0.323 0.025 0.059
0 0.754 0.333 0.017 0.054
0 0.835 0.367 0.026 0.049
0 0.849 0.307 0.024 0.047
0 0.912 0.339 0.017 0.045
0 0.868 0.27 0.021 0.038
0 0.795 0.287 0.02 0.042
0 0.72 0.239 0.024 0.037
0 0.666 0.217 0.018 0.035
0 0.63 0.205 0.019 0.035
0 0.595 0.143 0.013 0.024
0 0.605 0.122 0.01 0.031
0 0.618 0.134 0.01 0.028
0 0.638 0.15 0.011 0.028
0 0.634 0.105 0.011 0.019
0 0.657 0.107 0.01 0.016
0 0.677 0.127 0.013 0.024
0 0.688 0.11 0.012 0.019
0 0.706 0.122 0.011 0.017
0 0.723 0.146 0.012 0.021
0 0.703 0.199 0.017 0.03
0 0.743 0.175 0.013 0.03
0 0.749 0.127 0.013 0.021
0 0.773 0.185 0.011 0.026
0 0.787 0.19 0.015 0.035
0 0.797 0.167 0.013 0.021
0 0.779 0.141 0.014 0.021
0 0.844 0.157 0.015 0.021
0 0.872 0.17 0.013 0.035
0 0.908 0.174 0.015 0.035
0 0.896 0.186 0.012 0.021
0 0.887 0.204 0.016 0.033
0 0.847 0.187 0.015 0.033
0 0.837 0.214 0.016 0.031
0 0.81 0.197 0.015 0.031
0 0.926 0.244 0.015 0.037
0 0.941 0.208 0.016 0.03
0 0.94 0.177 0.015 0.03
