0 0.119 0.58 0.048 0.086
0 0.212 0.352 0.019 0.04
0 0.241 0.385 0.021 0.051
0 0.27 0.394 0.025 0.047
0 0.275 0.32 0.022 0.04
0 0.325 0.379 0.025 0.054
0 0.351 0.337 0.017 0.04
0 0.345 0.306 0.021 0.034
0 0.38 0.348 0.023 0.041
0 0.405 0.343 0.02 0.049
0 0.403 0.312 0.022 0.035
0 0.4 0.285 0.013 0.021
0 0.387 0.271 0.013 0.031
0 0.432 0.253 0.013 0.035
0 0.447 0.264 0.013 0.035
0 0.465 0.278 0.018 0.035
0 0.468 0.245 0.011 0.025
0 0.474 0.233 0.015 0.028
0 0.447 0.352 0.02 0.046
0 0.433 0.319 0.02 0.046
0 0.467 0.328 0.021 0.047
0 0.498 0.33 0.025 0.041
0 0.507 0.273 0.017 0.035
0 0.523 0.283 0.02 0.041
0 0.523 0.247 0.018 0.035
0 0.545 0.259 0.019 0.04
0 0.561 0.285 0.022 0.046
0 0.586 0.261 0.019 0.038
0 0.572 0.22 0.012 0.026
0 0.585 0.207 0.017 0.031
0 0.616 0.255 0.018 0.032
0 0.623 0.208 0.018 0.031
0 0.643 0.208 0.016 0.034
0 0.654 0.226 0.015 0.029
0 0.651 0.257 0.019 0.037
0 0.681 0.211 0.017 0.035
0 0.693 0.234 0.016 0.034
0 0.7 0.22 0.017 0.038
0 0.686 0.283 0.021 0.04
0 0.724 0.264 0.02 0.038
0 0.733 0.309 0.019 0.041
0 0.698 0.332 0.023 0.043
0 0.648 0.317 0.023 0.04
0 0.611 0.337 0.03 0.046
0 0.542 0.38 0.029 0.055
0 0.474 0.433 0.038 0.057
0 0.533 0.449 0.037 0.077
0 0.601 0.467 0.035 0.077
0 0.646 0.488 0.034 0.075
0 0.673 0.387 0.031 0.061
0 0.662 0.352 0.021 0.04
0 0.626 0.393 0.03 0.054
0 0.723 0.571 0.041 0.077
0 0.71 0.383 0.027 0.055
0 0.741 0.425 0.031 0.063
0 0.797 0.442 0.033 0.063
0 0.854 0.543 0.041 0.084
0 0.883 0.49 0.034 0.077
0 0.951 0.491 0.035 0.078
0 0.888 0.407 0.027 0.06
0 0.84 0.373 0.024 0.051
0 0.854 0.353 0.019 0.038
0 0.829 0.315 0.019 0.038
0 0.802 0.286 0.019 0.038
0 0.788 0.274 0.018 0.04
0 0.77 0.273 0.021 0.044
0 0.759 0.245 0.02 0.034
0 0.808 0.244 0.016 0.041
0 0.838 0.247 0.017 0.028
0 0.85 0.271 0.017 0.037
0 0.873 0.261 0.011 0.029
0 0.884 0.279 0.016 0.037
0 0.903 0.265 0.016 0.037
0 0.88 0.335 0.02 0.051
0 0.905 0.348 0.022 0.047
0 0.93 0.332 0.022 0.038
0 0.932 0.299 0.019 0.04
0 0.95 0.335 0.021 0.051
0 0.956 0.317 0.015 0.034
0 0.975 0.291 0.011 0.025
0 0.979 0.313 0.012 0.038
0 0.977 0.38 0.021 0.046
