0 0.085 0.554 0.053 0.117
0 0.226 0.265 0.018 0.044
0 0.238 0.263 0.018 0.053
0 0.279 0.236 0.021 0.046
0 0.307 0.236 0.019 0.039
0 0.312 0.208 0.02 0.038
0 0.338 0.225 0.02 0.049
0 0.373 0.263 0.022 0.059
0 0.353 0.207 0.017 0.036
0 0.365 0.189 0.017 0.033
0 0.415 0.176 0.015 0.036
0 0.395 0.242 0.016 0.038
0 0.429 0.308 0.022 0.057
0 0.434 0.186 0.017 0.041
0 0.425 0.161 0.013 0.03
0 0.457 0.164 0.013 0.033
0 0.475 0.172 0.017 0.044
0 0.469 0.241 0.02 0.049
0 0.498 0.206 0.019 0.041
0 0.496 0.147 0.014 0.034
0 0.516 0.168 0.019 0.044
0 0.526 0.158 0.016 0.041
0 0.551 0.216 0.016 0.048
0 0.575 0.194 0.017 0.049
0 0.557 0.161 0.017 0.036
0 0.555 0.134 0.014 0.034
0 0.578 0.135 0.014 0.034
0 0.597 0.132 0.017 0.041
0 0.606 0.144 0.014 0.028
0 0.611 0.164 0.014 0.033
0 0.613 0.19 0.016 0.043
0 0.658 0.179 0.014 0.036
0 0.653 0.148 0.013 0.033
0 0.632 0.125 0.015 0.036
0 0.651 0.119 0.013 0.031
0 0.686 0.151 0.013 0.036
0 0.691 0.136 0.012 0.033
0 0.71 0.152 0.016 0.041
0 0.575 0.328 0.022 0.059
0 0.595 0.366 0.026 0.069
0 0.609 0.286 0.027 0.062
0 0.659 0.245 0.025 0.054
0 0.657 0.407 0.029 0.069
0 0.72 0.401 0.027 0.071
0 0.696 0.211 0.02 0.054
0 0.712 0.271 0.023 0.066
0 0.741 0.227 0.018 0.049
0 0.754 0.275 0.018 0.048
0 0.797 0.452 0.029 0.079
0 0.852 0.491 0.029 0.092
0 0.876 0.397 0.023 0.074
0 0.862 0.338 0.023 0.056
0 0.8 0.309 0.025 0.059
0 0.794 0.238 0.018 0.053
0 0.777 0.212 0.014 0.039
0 0.755 0.199 0.015 0.039
0 0.771 0.181 0.011 0.026
0 0.768 0.2 0.013 0.033
0 0.808 0.189 0.014 0.039
0 0.815 0.229 0.018 0.044
0 0.869 0.233 0.018 0.043
0 0.902 0.224 0.017 0.044
0 0.898 0.253 0.014 0.039
0 0.888 0.276 0.019 0.053
0 0.925 0.341 0.02 0.048
0 0.946 0.37 0.022 0.057
0 0.949 0.438 0.025 0.084
0 0.973 0.361 0.022 0.056
0 0.969 0.312 0.015 0.043
0 0.98 0.255 0.015 0.036
0 0.926 0.262 0.015 0.044
0 0.947 0.241 0.014 0.039
