0 0.128 0.617 0.031 0.087
0 0.075 0.501 0.024 0.073
0 0.061 0.413 0.023 0.06
0 0.044 0.251 0.016 0.042
0 0.046 0.22 0.015 0.036
0 0.13 0.208 0.015 0.038
0 0.159 0.157 0.015 0.034
0 0.171 0.181 0.015 0.042
0 0.189 0.206 0.014 0.038
0 0.178 0.277 0.016 0.049
0 0.22 0.453 0.031 0.074
0 0.23 0.346 0.022 0.056
0 0.244 0.303 0.017 0.058
0 0.214 0.128 0.012 0.031
0 0.22 0.146 0.012 0.034
0 0.253 0.133 0.011 0.034
0 0.292 0.168 0.016 0.038
0 0.292 0.212 0.018 0.047
0 0.304 0.227 0.015 0.044
0 0.345 0.221 0.018 0.042
0 0.384 0.175 0.016 0.042
0 0.364 0.09 0.014 0.034
0 0.403 0.1 0.013 0.04
0 0.416 0.172 0.015 0.036
0 0.466 0.279 0.018 0.054
0 0.477 0.22 0.019 0.051
0 0.54 0.481 0.027 0.069
0 0.56 0.313 0.023 0.06
0 0.613 0.24 0.017 0.038
0 0.681 0.337 0.023 0.056
0 0.788 0.384 0.025 0.06
0 0.857 0.283 0.015 0.047
0 0.875 0.298 0.016 0.047
0 0.93 0.377 0.019 0.044
0 0.816 0.241 0.015 0.04
0 0.777 0.21 0.015 0.038
0 0.704 0.221 0.018 0.042
0 0.713 0.283 0.019 0.047
0 0.656 0.155 0.014 0.034
0 0.619 0.109 0.012 0.033
0 0.595 0.135 0.015 0.038
0 0.575 0.207 0.019 0.044
0 0.554 0.164 0.014 0.031
0 0.499 0.175 0.015 0.038
0 0.47 0.172 0.013 0.031
0 0.462 0.131 0.015 0.036
0 0.483 0.121 0.013 0.034
0 0.481 0.077 0.013 0.027
0 0.511 0.108 0.012 0.027
0 0.542 0.078 0.012 0.029
0 0.582 0.1 0.013 0.036
0 0.433 0.091 0.012 0.036
