0 0.033 0.426 0.025 0.065
0 0.231 0.341 0.016 0.039
0 0.256 0.37 0.018 0.044
0 0.294 0.363 0.021 0.041
0 0.285 0.308 0.016 0.039
0 0.33 0.358 0.02 0.042
0 0.351 0.329 0.016 0.032
0 0.35 0.296 0.014 0.032
0 0.383 0.265 0.013 0.027
0 0.4 0.271 0.012 0.031
0 0.403 0.302 0.017 0.037
0 0.401 0.336 0.021 0.039
0 0.427 0.311 0.016 0.035
0 0.43 0.271 0.014 0.037
0 0.422 0.244 0.013 0.031
0 0.442 0.342 0.019 0.046
0 0.455 0.414 0.027 0.058
0 0.464 0.305 0.015 0.034
0 0.463 0.272 0.013 0.028
0 0.464 0.243 0.012 0.031
0 0.456 0.244 0.009 0.027
0 0.496 0.269 0.013 0.032
0 0.493 0.318 0.02 0.038
0 0.507 0.278 0.015 0.034
0 0.527 0.301 0.016 0.034
0 0.521 0.353 0.023 0.041
0 0.533 0.408 0.027 0.046
0 0.515 0.254 0.013 0.031
0 0.531 0.251 0.016 0.037
0 0.549 0.223 0.011 0.025
0 0.56 0.226 0.013 0.022
0 0.56 0.246 0.013 0.029
0 0.565 0.265 0.014 0.029
0 0.588 0.225 0.011 0.029
0 0.593 0.211 0.011 0.025
0 0.607 0.225 0.014 0.032
0 0.585 0.247 0.013 0.022
0 0.582 0.337 0.022 0.045
0 0.582 0.394 0.024 0.049
0 0.582 0.44 0.032 0.058
0 0.617 0.47 0.031 0.074
0 0.64 0.372 0.023 0.051
0 0.628 0.35 0.018 0.037
0 0.615 0.308 0.019 0.037
0 0.621 0.231 0.012 0.032
0 0.626 0.251 0.014 0.031
0 0.65 0.223 0.014 0.025
0 0.657 0.236 0.013 0.028
0 0.673 0.228 0.014 0.028
0 0.681 0.252 0.014 0.032
0 0.67 0.308 0.018 0.041
0 0.669 0.358 0.022 0.045
0 0.704 0.408 0.027 0.052
0 0.685 0.487 0.039 0.08
0 0.749 0.432 0.027 0.069
0 0.704 0.291 0.016 0.035
0 0.712 0.258 0.016 0.039
0 0.721 0.246 0.01 0.029
0 0.735 0.233 0.014 0.028
0 0.735 0.268 0.011 0.029
0 0.746 0.287 0.014 0.042
0 0.761 0.254 0.011 0.025
0 0.754 0.251 0.013 0.028
0 0.794 0.27 0.015 0.032
0 0.816 0.258 0.014 0.034
0 0.826 0.282 0.014 0.038
0 0.831 0.274 0.012 0.034
0 0.845 0.265 0.012 0.037
0 0.864 0.284 0.013 0.034
0 0.905 0.284 0.012 0.022
0 0.903 0.31 0.013 0.032
0 0.887 0.31 0.013 0.034
0 0.881 0.329 0.013 0.032
0 0.855 0.316 0.016 0.037
0 0.891 0.353 0.02 0.039
0 0.854 0.36 0.017 0.042
0 0.813 0.32 0.015 0.042
0 0.79 0.313 0.016 0.034
0 0.811 0.338 0.019 0.042
0 0.834 0.371 0.023 0.053
0 0.874 0.459 0.026 0.06
0 0.821 0.454 0.031 0.052
0 0.786 0.361 0.022 0.048
0 0.792 0.511 0.032 0.066
