0 0.169 0.48 0.065 0.128
0 0.312 0.239 0.021 0.044
0 0.344 0.201 0.022 0.054
0 0.415 0.202 0.02 0.048
0 0.411 0.163 0.017 0.038
0 0.431 0.176 0.014 0.034
0 0.451 0.199 0.025 0.05
0 0.481 0.23 0.022 0.046
0 0.45 0.145 0.018 0.036
0 0.527 0.206 0.026 0.063
0 0.568 0.253 0.029 0.054
0 0.559 0.179 0.016 0.036
0 0.51 0.137 0.015 0.029
0 0.467 0.153 0.013 0.031
0 0.491 0.168 0.018 0.033
0 0.47 0.186 0.017 0.034
0 0.471 0.134 0.012 0.027
0 0.489 0.144 0.013 0.027
0 0.542 0.139 0.014 0.029
0 0.535 0.121 0.013 0.023
0 0.552 0.122 0.014 0.029
0 0.562 0.139 0.015 0.029
0 0.588 0.157 0.02 0.034
0 0.625 0.141 0.016 0.033
0 0.656 0.139 0.016 0.033
0 0.635 0.196 0.019 0.048
0 0.622 0.242 0.026 0.048
0 0.629 0.306 0.031 0.067
0 0.662 0.28 0.022 0.061
0 0.665 0.224 0.024 0.054
0 0.666 0.184 0.021 0.046
0 0.701 0.16 0.014 0.04
0 0.718 0.239 0.022 0.056
0 0.703 0.197 0.019 0.042
0 0.736 0.18 0.019 0.042
0 0.755 0.149 0.017 0.042
0 0.751 0.123 0.018 0.038
0 0.779 0.128 0.017 0.038
0 0.772 0.175 0.016 0.036
0 0.798 0.17 0.016 0.034
0 0.787 0.218 0.019 0.05
0 0.831 0.169 0.016 0.042
0 0.809 0.199 0.016 0.042
0 0.805 0.291 0.024 0.061
0 0.694 0.352 0.031 0.075
0 0.847 0.347 0.025 0.065
0 0.868 0.284 0.024 0.063
0 0.851 0.214 0.017 0.044
0 0.815 0.262 0.025 0.057
0 0.827 0.225 0.018 0.04
0 0.869 0.175 0.015 0.04
0 0.883 0.225 0.019 0.059
0 0.89 0.195 0.017 0.042
0 0.905 0.195 0.018 0.042
0 0.93 0.237 0.024 0.056
0 0.923 0.296 0.025 0.059
0 0.907 0.36 0.03 0.077
0 0.914 0.447 0.033 0.082
