0 0.12 0.552 0.045 0.079
0 0.218 0.334 0.021 0.035
0 0.248 0.34 0.021 0.044
0 0.27 0.378 0.024 0.038
0 0.322 0.368 0.029 0.05
0 0.279 0.31 0.021 0.038
0 0.345 0.325 0.02 0.031
0 0.347 0.295 0.021 0.028
0 0.385 0.261 0.016 0.034
0 0.401 0.296 0.021 0.037
0 0.403 0.329 0.019 0.04
0 0.374 0.337 0.017 0.033
0 0.448 0.332 0.021 0.04
0 0.431 0.307 0.019 0.033
0 0.42 0.26 0.015 0.028
0 0.426 0.291 0.017 0.033
0 0.462 0.243 0.02 0.031
0 0.468 0.266 0.017 0.035
0 0.468 0.305 0.017 0.037
0 0.497 0.327 0.022 0.038
0 0.503 0.256 0.021 0.03
0 0.521 0.274 0.019 0.033
0 0.518 0.248 0.014 0.03
0 0.54 0.251 0.015 0.037
0 0.552 0.228 0.015 0.027
0 0.555 0.278 0.018 0.037
0 0.567 0.226 0.013 0.023
0 0.582 0.233 0.015 0.026
0 0.579 0.259 0.017 0.033
0 0.606 0.223 0.013 0.027
0 0.607 0.206 0.018 0.027
0 0.629 0.213 0.014 0.026
0 0.642 0.223 0.015 0.028
0 0.645 0.243 0.015 0.03
0 0.677 0.228 0.014 0.028
0 0.676 0.207 0.013 0.023
0 0.688 0.223 0.012 0.03
0 0.6 0.257 0.018 0.031
0 0.477 0.397 0.031 0.06
0 0.544 0.404 0.033 0.057
0 0.545 0.357 0.026 0.044
0 0.606 0.328 0.028 0.038
0 0.59 0.394 0.034 0.048
0 0.592 0.457 0.035 0.07
0 0.639 0.457 0.037 0.06
0 0.668 0.365 0.027 0.047
0 0.652 0.345 0.025 0.047
0 0.638 0.301 0.024 0.045
0 0.677 0.279 0.019 0.035
0 0.711 0.248 0.017 0.033
0 0.702 0.296 0.024 0.048
0 0.714 0.301 0.02 0.04
0 0.693 0.363 0.027 0.057
0 0.727 0.399 0.033 0.052
0 0.704 0.541 0.044 0.081
0 0.845 0.504 0.039 0.074
0 0.794 0.416 0.03 0.062
0 0.824 0.36 0.026 0.045
0 0.858 0.387 0.029 0.057
0 0.935 0.462 0.033 0.058
0 0.858 0.452 0.038 0.064
0 0.929 0.387 0.028 0.051
0 0.946 0.352 0.02 0.045
0 0.952 0.323 0.021 0.037
0 0.954 0.276 0.017 0.035
0 0.926 0.307 0.018 0.038
0 0.918 0.277 0.024 0.038
0 0.9 0.317 0.021 0.041
0 0.909 0.357 0.02 0.041
0 0.879 0.332 0.019 0.043
0 0.855 0.31 0.016 0.038
0 0.825 0.303 0.019 0.035
0 0.821 0.286 0.016 0.038
0 0.782 0.279 0.017 0.033
0 0.796 0.263 0.016 0.033
0 0.789 0.235 0.017 0.031
0 0.771 0.262 0.016 0.034
0 0.737 0.255 0.018 0.037
0 0.744 0.238 0.015 0.031
0 0.759 0.231 0.016 0.031
0 0.82 0.244 0.02 0.037
0 0.853 0.257 0.015 0.033
0 0.867 0.271 0.014 0.04
0 0.884 0.263 0.016 0.033
