0 0.102 0.41 0.039 0.077
0 0.295 0.24 0.013 0.031
0 0.301 0.215 0.016 0.029
0 0.339 0.219 0.015 0.029
0 0.353 0.196 0.014 0.031
0 0.355 0.176 0.011 0.019
0 0.357 0.225 0.016 0.034
0 0.373 0.214 0.015 0.034
0 0.38 0.234 0.015 0.035
0 0.38 0.177 0.015 0.026
0 0.403 0.214 0.016 0.034
0 0.413 0.24 0.02 0.039
0 0.447 0.246 0.019 0.044
0 0.449 0.204 0.015 0.034
0 0.467 0.207 0.016 0.037
0 0.423 0.192 0.011 0.023
0 0.419 0.17 0.013 0.024
0 0.43 0.16 0.009 0.018
0 0.445 0.16 0.014 0.027
0 0.485 0.139 0.01 0.019
0 0.486 0.15 0.014 0.026
0 0.499 0.183 0.014 0.034
0 0.503 0.131 0.01 0.018
0 0.516 0.156 0.014 0.031
0 0.527 0.181 0.016 0.032
0 0.521 0.139 0.009 0.016
0 0.541 0.163 0.014 0.026
0 0.553 0.136 0.013 0.031
0 0.571 0.165 0.013 0.029
0 0.564 0.187 0.016 0.035
0 0.581 0.141 0.013 0.024
0 0.595 0.128 0.009 0.015
0 0.601 0.123 0.009 0.013
0 0.641 0.105 0.011 0.016
0 0.64 0.121 0.012 0.023
0 0.652 0.12 0.013 0.024
0 0.626 0.14 0.012 0.027
0 0.609 0.167 0.015 0.031
0 0.6 0.158 0.012 0.029
0 0.646 0.163 0.014 0.029
0 0.656 0.152 0.014 0.027
0 0.681 0.131 0.014 0.026
0 0.689 0.118 0.011 0.023
0 0.711 0.119 0.011 0.026
0 0.6 0.231 0.022 0.04
0 0.642 0.252 0.024 0.044
0 0.654 0.238 0.019 0.044
0 0.662 0.185 0.015 0.031
0 0.693 0.26 0.019 0.042
0 0.701 0.316 0.031 0.058
0 0.714 0.19 0.016 0.032
0 0.732 0.173 0.016 0.029
0 0.736 0.149 0.014 0.024
0 0.763 0.138 0.012 0.031
0 0.783 0.135 0.011 0.024
0 0.788 0.151 0.012 0.027
0 0.796 0.173 0.012 0.027
0 0.808 0.144 0.01 0.027
0 0.821 0.148 0.01 0.024
0 0.763 0.203 0.016 0.039
0 0.742 0.245 0.018 0.045
0 0.773 0.248 0.019 0.039
0 0.805 0.208 0.016 0.035
0 0.797 0.285 0.023 0.045
0 0.765 0.348 0.026 0.056
0 0.831 0.252 0.019 0.047
0 0.842 0.223 0.018 0.042
0 0.833 0.179 0.013 0.029
0 0.84 0.165 0.014 0.027
0 0.856 0.156 0.011 0.027
0 0.869 0.187 0.014 0.035
0 0.875 0.167 0.012 0.024
0 0.909 0.155 0.011 0.023
0 0.91 0.171 0.009 0.023
0 0.905 0.19 0.011 0.032
0 0.894 0.215 0.011 0.021
0 0.897 0.235 0.015 0.037
0 0.941 0.194 0.011 0.023
0 0.939 0.205 0.014 0.019
0 0.938 0.222 0.015 0.027
0 0.94 0.257 0.016 0.04
0 0.913 0.364 0.02 0.053
