0 0.265 0.261 0.013 0.021
0 0.277 0.253 0.014 0.027
0 0.293 0.261 0.018 0.034
0 0.337 0.242 0.022 0.046
0 0.392 0.263 0.015 0.032
0 0.385 0.221 0.014 0.023
0 0.363 0.196 0.017 0.027
0 0.397 0.2 0.018 0.025
0 0.434 0.225 0.014 0.034
0 0.465 0.22 0.017 0.039
0 0.444 0.187 0.015 0.032
0 0.428 0.167 0.012 0.023
0 0.414 0.163 0.013 0.025
0 0.448 0.154 0.012 0.021
0 0.488 0.207 0.013 0.025
0 0.473 0.186 0.009 0.025
0 0.486 0.167 0.012 0.027
0 0.51 0.168 0.013 0.034
0 0.523 0.196 0.017 0.037
0 0.512 0.13 0.01 0.018
0 0.525 0.134 0.012 0.016
0 0.579 0.139 0.012 0.023
0 0.561 0.13 0.013 0.023
0 0.554 0.111 0.01 0.016
0 0.591 0.105 0.01 0.023
0 0.614 0.099 0.012 0.025
0 0.639 0.098 0.012 0.023
0 0.664 0.108 0.009 0.021
0 0.699 0.104 0.01 0.03
0 0.639 0.136 0.013 0.021
0 0.601 0.154 0.017 0.03
0 0.55 0.171 0.013 0.023
0 0.497 0.285 0.019 0.046
0 0.532 0.333 0.026 0.05
0 0.554 0.258 0.017 0.041
0 0.626 0.245 0.021 0.048
0 0.623 0.203 0.014 0.032
0 0.658 0.221 0.015 0.032
0 0.657 0.175 0.014 0.034
0 0.69 0.177 0.015 0.034
0 0.675 0.161 0.01 0.034
0 0.732 0.113 0.012 0.025
0 0.741 0.15 0.013 0.025
0 0.763 0.132 0.014 0.032
0 0.775 0.166 0.014 0.025
0 0.763 0.212 0.015 0.037
0 0.729 0.187 0.018 0.032
0 0.724 0.242 0.018 0.046
0 0.683 0.306 0.022 0.046
0 0.597 0.329 0.028 0.046
0 0.746 0.33 0.026 0.053
0 0.773 0.274 0.021 0.05
0 0.805 0.236 0.015 0.034
0 0.784 0.202 0.014 0.03
0 0.812 0.163 0.013 0.03
0 0.825 0.138 0.012 0.025
0 0.852 0.136 0.01 0.021
0 0.864 0.132 0.009 0.023
0 0.853 0.168 0.013 0.03
0 0.823 0.211 0.017 0.039
0 0.832 0.305 0.022 0.048
0 0.783 0.404 0.031 0.068
0 0.88 0.345 0.023 0.068
0 0.909 0.3 0.017 0.043
0 0.87 0.212 0.014 0.032
0 0.885 0.17 0.01 0.03
0 0.894 0.14 0.01 0.021
0 0.922 0.156 0.012 0.025
0 0.91 0.197 0.014 0.039
0 0.912 0.251 0.013 0.023
0 0.858 0.258 0.021 0.05
