0 0.133 0.546 0.04 0.08
0 0.226 0.335 0.018 0.035
0 0.257 0.336 0.019 0.04
0 0.278 0.37 0.021 0.039
0 0.323 0.366 0.022 0.044
0 0.285 0.301 0.02 0.033
0 0.344 0.323 0.018 0.033
0 0.347 0.291 0.014 0.031
0 0.38 0.334 0.019 0.04
0 0.4 0.327 0.019 0.031
0 0.399 0.294 0.017 0.028
0 0.387 0.252 0.017 0.033
0 0.417 0.257 0.014 0.025
0 0.429 0.272 0.016 0.033
0 0.43 0.305 0.021 0.036
0 0.438 0.335 0.022 0.04
0 0.492 0.316 0.02 0.036
0 0.463 0.303 0.02 0.04
0 0.455 0.24 0.016 0.031
0 0.466 0.262 0.016 0.033
0 0.494 0.255 0.018 0.033
0 0.508 0.271 0.015 0.032
0 0.508 0.242 0.017 0.026
0 0.53 0.247 0.015 0.033
0 0.543 0.28 0.018 0.033
0 0.563 0.257 0.014 0.031
0 0.56 0.23 0.012 0.025
0 0.555 0.218 0.012 0.022
0 0.572 0.234 0.011 0.026
0 0.584 0.249 0.015 0.029
0 0.59 0.219 0.012 0.025
0 0.594 0.205 0.014 0.025
0 0.614 0.212 0.014 0.028
0 0.624 0.224 0.011 0.029
0 0.628 0.241 0.014 0.028
0 0.654 0.227 0.016 0.028
0 0.656 0.205 0.012 0.022
0 0.669 0.222 0.012 0.028
0 0.527 0.344 0.023 0.047
0 0.47 0.399 0.029 0.06
0 0.531 0.405 0.03 0.055
0 0.573 0.44 0.031 0.065
0 0.587 0.376 0.028 0.05
0 0.587 0.324 0.023 0.037
0 0.625 0.295 0.021 0.042
0 0.654 0.277 0.017 0.033
0 0.679 0.298 0.018 0.039
0 0.69 0.294 0.016 0.036
0 0.647 0.365 0.026 0.055
0 0.672 0.353 0.022 0.054
0 0.622 0.458 0.031 0.067
0 0.703 0.393 0.027 0.054
0 0.683 0.531 0.035 0.065
0 0.769 0.42 0.026 0.061
0 0.809 0.492 0.036 0.072
0 0.824 0.453 0.027 0.054
0 0.691 0.248 0.013 0.029
0 0.713 0.251 0.017 0.033
0 0.717 0.236 0.014 0.029
0 0.73 0.23 0.011 0.029
0 0.75 0.274 0.014 0.032
0 0.745 0.262 0.013 0.022
0 0.768 0.266 0.016 0.029
0 0.762 0.234 0.015 0.028
0 0.791 0.245 0.015 0.026
0 0.795 0.298 0.018 0.042
0 0.792 0.352 0.023 0.044
0 0.825 0.309 0.017 0.037
0 0.821 0.256 0.014 0.032
0 0.833 0.27 0.014 0.035
0 0.856 0.25 0.014 0.028
0 0.871 0.271 0.014 0.032
0 0.86 0.31 0.014 0.032
0 0.85 0.347 0.021 0.044
0 0.838 0.371 0.021 0.046
0 0.896 0.452 0.03 0.058
0 0.889 0.382 0.025 0.054
0 0.909 0.349 0.018 0.04
0 0.909 0.325 0.022 0.047
0 0.889 0.301 0.016 0.031
0 0.915 0.271 0.013 0.026
