0 0.204 0.42 0.035 0.085
0 0.265 0.263 0.013 0.03
0 0.282 0.262 0.013 0.032
0 0.308 0.227 0.013 0.03
0 0.319 0.279 0.016 0.04
0 0.331 0.227 0.015 0.034
0 0.364 0.249 0.016 0.039
0 0.375 0.26 0.018 0.041
0 0.393 0.278 0.02 0.05
0 0.396 0.194 0.013 0.025
0 0.404 0.176 0.013 0.03
0 0.423 0.181 0.013 0.029
0 0.418 0.229 0.018 0.036
0 0.449 0.219 0.016 0.033
0 0.477 0.224 0.017 0.043
0 0.447 0.156 0.012 0.028
0 0.455 0.169 0.011 0.025
0 0.51 0.183 0.013 0.034
0 0.503 0.131 0.009 0.019
0 0.52 0.133 0.01 0.026
0 0.54 0.194 0.016 0.033
0 0.537 0.176 0.015 0.036
0 0.548 0.148 0.011 0.029
0 0.559 0.167 0.016 0.04
0 0.591 0.104 0.011 0.023
0 0.573 0.142 0.013 0.025
0 0.567 0.236 0.018 0.043
0 0.576 0.163 0.014 0.028
0 0.52 0.284 0.018 0.048
0 0.549 0.304 0.027 0.054
0 0.598 0.26 0.02 0.055
0 0.605 0.145 0.012 0.029
0 0.611 0.209 0.016 0.043
0 0.632 0.121 0.013 0.025
0 0.616 0.125 0.011 0.022
0 0.638 0.174 0.016 0.04
0 0.67 0.11 0.011 0.026
0 0.654 0.225 0.019 0.044
0 0.653 0.264 0.022 0.048
0 0.686 0.311 0.027 0.058
0 0.701 0.28 0.022 0.055
0 0.675 0.169 0.015 0.036
0 0.699 0.227 0.023 0.041
0 0.691 0.191 0.016 0.033
0 0.74 0.221 0.017 0.034
0 0.777 0.271 0.024 0.062
0 0.727 0.162 0.013 0.032
0 0.749 0.177 0.015 0.034
0 0.736 0.19 0.016 0.03
0 0.757 0.14 0.014 0.028
0 0.776 0.149 0.013 0.03
0 0.791 0.136 0.012 0.03
0 0.825 0.143 0.011 0.029
0 0.795 0.181 0.015 0.034
0 0.777 0.194 0.016 0.037
0 0.811 0.23 0.016 0.047
0 0.831 0.207 0.016 0.043
0 0.861 0.148 0.009 0.029
0 0.878 0.202 0.013 0.032
0 0.869 0.216 0.016 0.041
0 0.855 0.244 0.02 0.044
0 0.865 0.303 0.021 0.055
0 0.897 0.256 0.018 0.043
0 0.752 0.326 0.026 0.065
