0 0.096 0.247 0.023 0.044
0 0.218 0.348 0.043 0.079
0 0.441 0.145 0.011 0.031
0 0.462 0.144 0.011 0.029
0 0.485 0.151 0.015 0.031
0 0.517 0.066 0.014 0.018
0 0.516 0.133 0.013 0.022
0 0.496 0.201 0.015 0.029
0 0.637 0.122 0.011 0.027
0 0.656 0.122 0.011 0.029
0 0.63 0.207 0.024 0.046
0 0.698 0.179 0.017 0.033
0 0.719 0.19 0.014 0.033
0 0.725 0.156 0.012 0.027
0 0.735 0.179 0.011 0.029
0 0.776 0.143 0.01 0.026
0 0.77 0.176 0.015 0.031
0 0.812 0.14 0.014 0.027
0 0.826 0.185 0.017 0.033
0 0.905 0.179 0.014 0.037
0 0.87 0.289 0.019 0.051
0 0.928 0.237 0.016 0.035
0 0.936 0.197 0.015 0.027
0 0.938 0.171 0.011 0.024
