0 0.202 0.432 0.046 0.068
0 0.308 0.219 0.019 0.042
0 0.333 0.229 0.017 0.039
0 0.359 0.236 0.019 0.046
0 0.41 0.246 0.023 0.033
0 0.418 0.211 0.019 0.04
0 0.467 0.198 0.022 0.035
0 0.421 0.155 0.013 0.03
0 0.434 0.158 0.013 0.039
0 0.469 0.156 0.024 0.039
0 0.498 0.154 0.017 0.035
0 0.544 0.155 0.021 0.04
0 0.56 0.19 0.022 0.037
0 0.633 0.235 0.019 0.053
0 0.671 0.235 0.026 0.039
0 0.642 0.049 0.013 0.032
0 0.732 0.148 0.022 0.04
0 0.905 0.199 0.017 0.04
0 0.894 0.245 0.023 0.06
0 0.911 0.336 0.033 0.07
0 0.924 0.248 0.02 0.051
0 0.941 0.201 0.016 0.042
0 0.964 0.187 0.015 0.035
0 0.399 0.209 0.018 0.037
0 0.645 0.207 0.019 0.042
