0 0.176 0.495 0.044 0.088
0 0.277 0.265 0.017 0.031
0 0.392 0.276 0.018 0.04
0 0.403 0.228 0.016 0.029
0 0.452 0.222 0.017 0.031
0 0.375 0.213 0.017 0.035
0 0.362 0.19 0.014 0.029
0 0.415 0.16 0.014 0.026
0 0.507 0.123 0.012 0.021
0 0.526 0.134 0.013 0.023
0 0.547 0.128 0.011 0.024
0 0.559 0.105 0.013 0.023
0 0.582 0.119 0.012 0.026
0 0.557 0.186 0.016 0.029
0 0.611 0.154 0.015 0.028
0 0.478 0.318 0.026 0.043
0 0.535 0.334 0.02 0.042
0 0.576 0.247 0.019 0.036
0 0.606 0.269 0.02 0.043
0 0.658 0.211 0.016 0.031
0 0.656 0.169 0.017 0.033
0 0.685 0.144 0.017 0.042
0 0.736 0.124 0.021 0.047
0 0.72 0.251 0.025 0.049
0 0.683 0.316 0.026 0.071
0 0.727 0.347 0.03 0.069
0 0.779 0.272 0.021 0.049
0 0.755 0.224 0.016 0.042
0 0.78 0.185 0.016 0.036
0 0.794 0.249 0.017 0.036
0 0.807 0.345 0.026 0.059
0 0.833 0.299 0.026 0.05
0 0.871 0.386 0.034 0.073
0 0.887 0.31 0.026 0.069
0 0.8 0.132 0.013 0.031
0 0.827 0.14 0.012 0.029
0 0.85 0.144 0.012 0.028
0 0.842 0.115 0.012 0.026
0 0.862 0.12 0.013 0.029
0 0.893 0.137 0.011 0.031
0 0.927 0.153 0.011 0.026
