0 0.214 0.453 0.042 0.092
0 0.249 0.381 0.041 0.092
0 0.226 0.222 0.015 0.026
0 0.29 0.249 0.016 0.026
0 0.336 0.283 0.021 0.035
0 0.357 0.256 0.015 0.035
0 0.434 0.283 0.022 0.04
0 0.453 0.223 0.015 0.031
0 0.431 0.217 0.015 0.026
0 0.39 0.189 0.015 0.03
0 0.454 0.187 0.017 0.031
0 0.478 0.201 0.014 0.023
0 0.462 0.142 0.011 0.023
0 0.475 0.154 0.014 0.021
0 0.485 0.166 0.015 0.018
0 0.514 0.174 0.01 0.025
0 0.529 0.204 0.019 0.03
0 0.49 0.134 0.011 0.018
0 0.536 0.14 0.016 0.03
0 0.567 0.147 0.014 0.028
0 0.587 0.16 0.012 0.03
0 0.58 0.112 0.013 0.02
0 0.668 0.052 0.015 0.031
0 0.699 0.095 0.012 0.025
0 0.488 0.323 0.025 0.046
0 0.622 0.246 0.025 0.048
0 0.67 0.258 0.019 0.048
0 0.727 0.284 0.023 0.044
0 0.781 0.315 0.023 0.059
0 0.718 0.184 0.02 0.041
0 0.693 0.155 0.018 0.04
0 0.721 0.15 0.016 0.03
0 0.737 0.162 0.016 0.035
0 0.767 0.173 0.02 0.04
0 0.758 0.144 0.017 0.028
0 0.757 0.115 0.013 0.026
0 0.821 0.128 0.01 0.028
0 0.806 0.185 0.016 0.033
0 0.858 0.197 0.018 0.035
0 0.884 0.232 0.016 0.04
