0 0.132 0.242 0.02 0.037
0 0.223 0.348 0.049 0.086
0 0.257 0.209 0.016 0.035
0 0.275 0.164 0.016 0.03
0 0.336 0.229 0.021 0.037
0 0.386 0.231 0.022 0.048
0 0.41 0.257 0.023 0.045
0 0.353 0.117 0.014 0.026
0 0.39 0.118 0.017 0.032
0 0.429 0.169 0.016 0.037
0 0.424 0.221 0.019 0.035
0 0.425 0.148 0.015 0.02
0 0.473 0.18 0.024 0.039
0 0.472 0.207 0.02 0.034
0 0.464 0.099 0.016 0.03
0 0.481 0.149 0.014 0.03
0 0.497 0.143 0.016 0.026
0 0.513 0.188 0.018 0.041
0 0.51 0.117 0.014 0.03
0 0.524 0.125 0.013 0.022
0 0.55 0.119 0.015 0.026
0 0.546 0.185 0.026 0.043
0 0.531 0.332 0.045 0.061
0 0.565 0.282 0.027 0.043
0 0.591 0.116 0.02 0.035
0 0.577 0.095 0.021 0.041
0 0.608 0.113 0.012 0.024
0 0.621 0.125 0.014 0.03
0 0.636 0.097 0.015 0.026
0 0.653 0.081 0.016 0.032
0 0.66 0.123 0.022 0.041
0 0.619 0.158 0.018 0.041
0 0.62 0.243 0.034 0.061
0 0.671 0.262 0.029 0.05
0 0.681 0.217 0.02 0.043
0 0.711 0.164 0.017 0.034
0 0.692 0.075 0.016 0.028
0 0.726 0.07 0.019 0.028
0 0.708 0.114 0.012 0.026
0 0.737 0.11 0.022 0.045
0 0.759 0.086 0.018 0.041
0 0.779 0.097 0.016 0.037
0 0.779 0.149 0.02 0.037
0 0.765 0.249 0.023 0.05
0 0.737 0.26 0.025 0.058
0 0.798 0.186 0.023 0.06
0 0.813 0.123 0.014 0.022
0 0.842 0.095 0.014 0.03
0 0.834 0.105 0.01 0.024
0 0.869 0.11 0.017 0.034
0 0.862 0.17 0.018 0.032
0 0.847 0.215 0.027 0.061
0 0.875 0.238 0.023 0.052
0 0.888 0.216 0.015 0.034
0 0.909 0.109 0.014 0.035
0 0.951 0.134 0.017 0.037
0 0.968 0.163 0.016 0.035
0 0.975 0.128 0.015 0.034
0 0.93 0.214 0.02 0.045
0 0.923 0.253 0.021 0.045
0 0.915 0.325 0.024 0.061
0 0.927 0.295 0.025 0.05
