0 0.201 0.459 0.054 0.099
0 0.259 0.426 0.049 0.104
0 0.237 0.238 0.024 0.046
0 0.356 0.269 0.019 0.045
0 0.374 0.26 0.02 0.04
0 0.427 0.229 0.022 0.038
0 0.45 0.229 0.02 0.041
0 0.441 0.286 0.027 0.045
0 0.501 0.292 0.041 0.065
0 0.46 0.187 0.018 0.036
0 0.483 0.193 0.019 0.041
0 0.467 0.156 0.011 0.03
0 0.477 0.148 0.013 0.028
0 0.485 0.161 0.016 0.025
0 0.493 0.127 0.014 0.03
0 0.515 0.071 0.01 0.023
0 0.529 0.164 0.018 0.04
0 0.54 0.141 0.015 0.033
0 0.568 0.151 0.015 0.035
0 0.547 0.195 0.022 0.041
0 0.596 0.151 0.016 0.04
0 0.671 0.243 0.028 0.056
0 0.727 0.286 0.03 0.058
0 0.775 0.293 0.032 0.056
0 0.694 0.165 0.019 0.038
0 0.728 0.151 0.018 0.036
0 0.758 0.06 0.016 0.035
0 0.749 0.161 0.015 0.033
0 0.759 0.144 0.018 0.03
0 0.772 0.174 0.017 0.043
0 0.814 0.189 0.018 0.036
0 0.828 0.126 0.015 0.036
0 0.916 0.083 0.018 0.04
0 0.889 0.227 0.021 0.046
