0 0.861 0.136 0.011 0.023
0 0.89 0.139 0.009 0.025
0 0.916 0.156 0.012 0.025
0 0.916 0.188 0.014 0.039
0 0.922 0.159 0.007 0.023
0 0.887 0.167 0.011 0.027
0 0.856 0.156 0.011 0.025
0 0.843 0.157 0.014 0.035
0 0.823 0.144 0.014 0.031
0 0.835 0.188 0.015 0.031
0 0.872 0.19 0.013 0.035
0 0.861 0.231 0.015 0.044
0 0.904 0.281 0.019 0.056
0 0.802 0.134 0.011 0.027
0 0.791 0.179 0.015 0.044
0 0.761 0.135 0.013 0.029
0 0.742 0.111 0.011 0.027
0 0.727 0.119 0.012 0.031
0 0.739 0.149 0.012 0.033
0 0.741 0.188 0.015 0.044
0 0.762 0.288 0.025 0.05
0 0.696 0.217 0.019 0.048
0 0.709 0.288 0.025 0.054
0 0.684 0.103 0.011 0.031
0 0.702 0.148 0.012 0.031
0 0.638 0.103 0.011 0.027
0 0.662 0.126 0.009 0.027
0 0.627 0.127 0.011 0.025
0 0.611 0.106 0.009 0.025
0 0.587 0.104 0.012 0.025
0 0.603 0.121 0.011 0.023
0 0.612 0.15 0.017 0.035
0 0.647 0.177 0.014 0.035
0 0.658 0.203 0.018 0.041
0 0.653 0.255 0.018 0.05
0 0.671 0.329 0.03 0.064
0 0.602 0.21 0.019 0.046
0 0.599 0.269 0.024 0.048
0 0.596 0.334 0.028 0.066
0 0.553 0.25 0.019 0.039
0 0.538 0.307 0.025 0.058
0 0.528 0.092 0.012 0.031
0 0.525 0.144 0.015 0.039
0 0.543 0.171 0.018 0.039
0 0.563 0.178 0.013 0.037
0 0.575 0.141 0.013 0.033
0 0.554 0.102 0.012 0.025
0 0.515 0.21 0.015 0.037
0 0.489 0.308 0.025 0.056
0 0.495 0.197 0.014 0.029
0 0.483 0.133 0.008 0.021
0 0.451 0.168 0.011 0.025
0 0.474 0.172 0.012 0.029
0 0.454 0.222 0.014 0.033
0 0.422 0.179 0.012 0.031
0 0.443 0.16 0.012 0.029
0 0.466 0.159 0.011 0.027
0 0.42 0.221 0.015 0.035
0 0.436 0.204 0.014 0.035
0 0.2 0.354 0.039 0.089
0 0.423 0.283 0.019 0.044
0 0.342 0.224 0.017 0.029
0 0.38 0.2 0.015 0.027
0 0.37 0.219 0.017 0.035
0 0.309 0.229 0.015 0.031
0 0.28 0.255 0.013 0.033
0 0.313 0.277 0.014 0.035
0 0.334 0.276 0.015 0.033
