0 0.078 0.547 0.049 0.1
0 0.209 0.271 0.014 0.041
0 0.227 0.271 0.016 0.044
0 0.266 0.241 0.018 0.038
0 0.293 0.241 0.017 0.034
0 0.298 0.207 0.018 0.025
0 0.329 0.233 0.014 0.041
0 0.359 0.272 0.021 0.046
0 0.342 0.213 0.013 0.039
0 0.359 0.198 0.013 0.036
0 0.387 0.247 0.017 0.039
0 0.422 0.314 0.024 0.052
0 0.571 0.334 0.02 0.049
0 0.596 0.367 0.024 0.054
0 0.657 0.393 0.024 0.059
0 0.601 0.304 0.025 0.047
0 0.461 0.245 0.021 0.052
0 0.401 0.188 0.018 0.033
0 0.427 0.193 0.017 0.029
0 0.416 0.163 0.015 0.028
0 0.467 0.174 0.014 0.041
0 0.491 0.214 0.014 0.034
0 0.546 0.221 0.013 0.036
0 0.57 0.198 0.016 0.029
0 0.509 0.157 0.016 0.033
0 0.491 0.15 0.013 0.028
0 0.549 0.161 0.015 0.028
0 0.573 0.142 0.012 0.025
0 0.593 0.126 0.015 0.026
0 0.629 0.128 0.015 0.028
0 0.647 0.124 0.016 0.034
0 0.651 0.157 0.011 0.02
0 0.655 0.182 0.011 0.028
0 0.602 0.155 0.016 0.021
0 0.605 0.197 0.014 0.044
0 0.655 0.252 0.019 0.036
0 0.722 0.394 0.024 0.064
0 0.799 0.451 0.026 0.057
0 0.853 0.497 0.025 0.08
0 0.878 0.399 0.023 0.07
0 0.864 0.339 0.02 0.046
0 0.799 0.312 0.02 0.054
0 0.752 0.283 0.018 0.043
0 0.711 0.278 0.02 0.046
0 0.696 0.216 0.015 0.043
0 0.682 0.155 0.016 0.033
0 0.706 0.158 0.016 0.034
0 0.731 0.241 0.018 0.046
0 0.754 0.2 0.011 0.034
0 0.775 0.208 0.014 0.036
0 0.793 0.25 0.016 0.043
0 0.818 0.229 0.016 0.036
0 0.873 0.235 0.013 0.031
0 0.887 0.282 0.02 0.041
0 0.902 0.262 0.016 0.036
0 0.953 0.249 0.015 0.036
0 0.989 0.261 0.015 0.038
0 0.906 0.228 0.016 0.038
0 0.932 0.273 0.013 0.033
0 0.972 0.319 0.015 0.046
0 0.924 0.349 0.017 0.047
0 0.949 0.373 0.02 0.046
0 0.978 0.363 0.016 0.049
0 0.952 0.435 0.029 0.065
0 0.808 0.196 0.015 0.041
0 0.774 0.184 0.016 0.038
0 0.524 0.167 0.016 0.039
0 0.549 0.141 0.016 0.033
