0 0.139 0.47 0.041 0.083
0 0.217 0.346 0.015 0.031
0 0.285 0.304 0.015 0.034
0 0.256 0.359 0.023 0.034
0 0.287 0.364 0.019 0.041
0 0.349 0.297 0.015 0.034
0 0.384 0.262 0.018 0.028
0 0.421 0.261 0.019 0.031
0 0.439 0.256 0.021 0.03
0 0.331 0.363 0.02 0.045
0 0.35 0.335 0.017 0.038
0 0.382 0.332 0.018 0.042
0 0.407 0.327 0.019 0.038
0 0.425 0.287 0.017 0.035
0 0.43 0.311 0.021 0.038
0 0.464 0.268 0.015 0.037
0 0.458 0.319 0.019 0.035
0 0.437 0.339 0.018 0.031
0 0.492 0.264 0.016 0.038
0 0.512 0.248 0.014 0.034
0 0.496 0.318 0.017 0.035
0 0.517 0.277 0.014 0.03
0 0.524 0.247 0.015 0.035
0 0.546 0.228 0.011 0.02
0 0.561 0.211 0.014 0.024
0 0.565 0.256 0.013 0.031
0 0.588 0.228 0.011 0.028
0 0.601 0.205 0.014 0.03
0 0.567 0.28 0.017 0.024
0 0.457 0.414 0.029 0.062
0 0.548 0.36 0.023 0.061
0 0.621 0.25 0.017 0.035
0 0.637 0.217 0.013 0.025
0 0.641 0.237 0.014 0.035
0 0.529 0.406 0.025 0.045
0 0.565 0.439 0.025 0.046
0 0.584 0.321 0.02 0.039
0 0.62 0.304 0.019 0.037
0 0.657 0.237 0.011 0.032
0 0.664 0.235 0.013 0.031
0 0.661 0.264 0.013 0.027
0 0.641 0.33 0.016 0.037
0 0.65 0.371 0.025 0.063
0 0.673 0.346 0.018 0.045
0 0.577 0.394 0.025 0.045
0 0.622 0.453 0.033 0.063
0 0.69 0.261 0.013 0.031
0 0.733 0.235 0.011 0.032
0 0.724 0.244 0.013 0.023
0 0.715 0.264 0.014 0.041
0 0.704 0.285 0.015 0.03
0 0.762 0.237 0.017 0.034
0 0.75 0.267 0.021 0.041
0 0.743 0.292 0.017 0.035
0 0.723 0.397 0.025 0.045
0 0.686 0.499 0.033 0.08
0 0.752 0.429 0.028 0.052
0 0.782 0.306 0.018 0.034
0 0.791 0.274 0.012 0.032
0 0.817 0.268 0.018 0.032
0 0.837 0.265 0.017 0.035
0 0.849 0.256 0.01 0.027
0 0.829 0.314 0.014 0.034
0 0.806 0.339 0.017 0.041
0 0.783 0.373 0.023 0.048
0 0.798 0.505 0.037 0.063
0 0.82 0.437 0.027 0.044
0 0.834 0.378 0.017 0.049
0 0.856 0.354 0.016 0.049
0 0.874 0.323 0.018 0.037
0 0.903 0.269 0.011 0.031
0 0.907 0.312 0.014 0.027
0 0.898 0.351 0.017 0.039
0 0.886 0.404 0.025 0.041
0 0.886 0.456 0.029 0.056
0 0.612 0.215 0.016 0.024
0 0.405 0.285 0.017 0.03
