0 0.112 0.278 0.018 0.036
0 0.34 0.214 0.015 0.033
0 0.403 0.247 0.018 0.043
0 0.419 0.216 0.015 0.033
0 0.442 0.212 0.02 0.045
0 0.502 0.216 0.025 0.04
0 0.513 0.188 0.018 0.04
0 0.537 0.194 0.018 0.04
0 0.588 0.166 0.022 0.036
0 0.627 0.124 0.013 0.031
0 0.637 0.256 0.025 0.048
0 0.663 0.19 0.018 0.046
0 0.703 0.193 0.018 0.038
0 0.719 0.296 0.031 0.069
0 0.84 0.332 0.022 0.069
0 0.865 0.286 0.02 0.055
0 0.834 0.228 0.018 0.05
0 0.841 0.201 0.018 0.034
0 0.887 0.225 0.019 0.045
0 0.941 0.24 0.017 0.04
0 0.927 0.291 0.018 0.041
