0 0.122 0.562 0.041 0.075
0 0.838 0.522 0.029 0.075
0 0.722 0.527 0.041 0.075
0 0.554 0.432 0.022 0.045
0 0.604 0.468 0.033 0.065
0 0.652 0.486 0.038 0.08
0 0.959 0.287 0.015 0.032
0 0.899 0.268 0.013 0.033
0 0.86 0.265 0.016 0.026
0 0.827 0.255 0.013 0.032
0 0.799 0.248 0.016 0.03
0 0.761 0.245 0.014 0.03
0 0.689 0.221 0.011 0.025
0 0.612 0.217 0.01 0.026
0 0.566 0.237 0.011 0.033
0 0.58 0.233 0.014 0.026
0 0.642 0.223 0.013 0.026
0 0.652 0.236 0.018 0.029
0 0.72 0.262 0.019 0.032
0 0.747 0.263 0.014 0.035
0 0.655 0.268 0.017 0.03
0 0.595 0.247 0.014 0.026
0 0.8 0.299 0.016 0.042
0 0.832 0.315 0.022 0.039
0 0.862 0.332 0.015 0.042
0 0.89 0.35 0.013 0.041
0 0.882 0.282 0.014 0.026
0 0.913 0.29 0.018 0.039
0 0.906 0.332 0.019 0.045
0 0.934 0.344 0.017 0.03
0 0.954 0.324 0.015 0.032
0 0.933 0.313 0.02 0.036
0 0.953 0.372 0.019 0.038
0 0.71 0.31 0.021 0.039
0 0.682 0.306 0.015 0.036
0 0.65 0.314 0.028 0.038
0 0.594 0.285 0.017 0.029
0 0.619 0.26 0.014 0.027
0 0.518 0.273 0.012 0.025
0 0.475 0.252 0.02 0.026
0 0.556 0.261 0.019 0.033
0 0.555 0.297 0.019 0.033
0 0.399 0.271 0.014 0.035
0 0.434 0.273 0.015 0.025
0 0.47 0.291 0.019 0.026
0 0.483 0.322 0.024 0.027
0 0.519 0.335 0.02 0.03
0 0.359 0.307 0.022 0.026
0 0.289 0.321 0.019 0.026
0 0.231 0.349 0.019 0.03
0 0.266 0.357 0.019 0.042
0 0.339 0.367 0.027 0.056
0 0.414 0.347 0.022 0.048
0 0.449 0.349 0.019 0.041
0 0.552 0.374 0.022 0.042
0 0.488 0.42 0.026 0.049
0 0.61 0.394 0.027 0.051
0 0.611 0.343 0.024 0.035
0 0.663 0.385 0.028 0.041
0 0.703 0.381 0.02 0.036
0 0.739 0.414 0.029 0.049
0 0.803 0.444 0.03 0.062
0 0.83 0.374 0.03 0.048
0 0.877 0.406 0.028 0.065
0 0.943 0.478 0.03 0.062
0 0.413 0.315 0.024 0.043
0 0.429 0.31 0.021 0.041
0 0.534 0.293 0.025 0.048
0 0.688 0.244 0.017 0.03
0 0.358 0.347 0.017 0.042
0 0.531 0.265 0.017 0.032
