0 0.049 0.37 0.025 0.047
0 0.263 0.248 0.016 0.037
0 0.273 0.262 0.019 0.035
0 0.325 0.243 0.016 0.037
0 0.35 0.262 0.022 0.042
0 0.342 0.248 0.018 0.034
0 0.325 0.211 0.014 0.03
0 0.343 0.208 0.013 0.034
0 0.355 0.225 0.015 0.035
0 0.357 0.193 0.015 0.034
0 0.38 0.188 0.018 0.035
0 0.4 0.214 0.017 0.037
0 0.387 0.257 0.022 0.042
0 0.406 0.259 0.023 0.049
0 0.419 0.188 0.015 0.037
0 0.448 0.19 0.016 0.035
0 0.455 0.227 0.017 0.042
0 0.468 0.23 0.023 0.045
0 0.484 0.194 0.022 0.04
0 0.475 0.164 0.018 0.037
0 0.459 0.152 0.015 0.032
0 0.484 0.133 0.011 0.025
0 0.493 0.153 0.015 0.028
0 0.51 0.161 0.015 0.034
0 0.512 0.189 0.019 0.037
0 0.533 0.187 0.019 0.045
0 0.551 0.158 0.015 0.032
0 0.565 0.147 0.013 0.027
0 0.578 0.162 0.018 0.039
0 0.559 0.12 0.016 0.028
0 0.501 0.289 0.026 0.055
0 0.553 0.236 0.023 0.057
0 0.584 0.285 0.027 0.06
0 0.599 0.277 0.024 0.052
0 0.589 0.146 0.016 0.03
0 0.603 0.132 0.013 0.027
0 0.598 0.12 0.011 0.022
0 0.608 0.113 0.012 0.025
0 0.619 0.143 0.014 0.025
0 0.64 0.137 0.015 0.03
0 0.643 0.116 0.014 0.027
0 0.676 0.111 0.017 0.03
0 0.681 0.145 0.014 0.032
0 0.647 0.179 0.021 0.034
0 0.65 0.199 0.022 0.04
0 0.618 0.206 0.02 0.04
0 0.674 0.251 0.023 0.047
0 0.63 0.302 0.034 0.065
0 0.716 0.291 0.025 0.064
0 0.707 0.226 0.02 0.05
0 0.701 0.177 0.017 0.039
0 0.718 0.168 0.018 0.04
0 0.705 0.142 0.018 0.039
0 0.735 0.119 0.016 0.034
0 0.731 0.199 0.02 0.047
0 0.756 0.235 0.023 0.054
0 0.771 0.26 0.027 0.054
0 0.767 0.203 0.022 0.047
0 0.744 0.174 0.017 0.037
0 0.763 0.159 0.018 0.04
0 0.763 0.126 0.017 0.027
0 0.778 0.137 0.017 0.039
0 0.797 0.162 0.017 0.044
0 0.833 0.205 0.022 0.055
0 0.847 0.15 0.016 0.039
0 0.833 0.153 0.015 0.035
0 0.884 0.169 0.017 0.034
0 0.89 0.152 0.014 0.03
0 0.901 0.187 0.014 0.032
0 0.889 0.209 0.017 0.044
0 0.843 0.271 0.023 0.049
0 0.848 0.317 0.025 0.069
0 0.916 0.256 0.018 0.05
0 0.915 0.217 0.019 0.039
