0 0.096 0.511 0.045 0.104
0 0.298 0.219 0.015 0.036
0 0.317 0.228 0.015 0.043
0 0.338 0.226 0.015 0.038
0 0.353 0.245 0.014 0.047
0 0.385 0.245 0.02 0.04
0 0.429 0.236 0.021 0.04
0 0.497 0.285 0.022 0.049
0 0.545 0.291 0.025 0.061
0 0.606 0.336 0.024 0.061
0 0.707 0.313 0.023 0.054
0 0.759 0.378 0.024 0.05
0 0.82 0.388 0.024 0.061
0 0.899 0.41 0.027 0.054
0 0.924 0.335 0.017 0.058
0 0.857 0.292 0.022 0.056
0 0.816 0.256 0.021 0.045
0 0.785 0.306 0.019 0.054
0 0.733 0.283 0.019 0.045
0 0.688 0.243 0.022 0.05
0 0.637 0.238 0.024 0.045
0 0.582 0.229 0.022 0.045
0 0.494 0.218 0.019 0.029
0 0.456 0.213 0.02 0.027
0 0.347 0.181 0.017 0.027
0 0.386 0.199 0.011 0.038
0 0.428 0.143 0.016 0.031
0 0.42 0.182 0.016 0.025
0 0.447 0.168 0.016 0.041
0 0.478 0.136 0.016 0.02
0 0.491 0.175 0.014 0.031
0 0.529 0.177 0.015 0.038
0 0.523 0.138 0.011 0.023
0 0.534 0.125 0.015 0.027
0 0.554 0.124 0.018 0.025
0 0.59 0.118 0.009 0.02
0 0.606 0.129 0.013 0.027
0 0.63 0.129 0.019 0.023
0 0.625 0.157 0.015 0.031
0 0.591 0.172 0.017 0.027
0 0.569 0.185 0.017 0.025
0 0.561 0.156 0.015 0.029
0 0.676 0.194 0.015 0.032
0 0.722 0.184 0.017 0.034
0 0.706 0.162 0.015 0.032
0 0.675 0.135 0.015 0.029
0 0.672 0.105 0.011 0.02
0 0.694 0.121 0.016 0.023
0 0.693 0.103 0.015 0.014
0 0.72 0.117 0.013 0.022
0 0.756 0.132 0.015 0.034
0 0.79 0.138 0.011 0.032
0 0.805 0.155 0.014 0.029
0 0.758 0.165 0.013 0.032
0 0.77 0.246 0.02 0.043
0 0.811 0.216 0.019 0.025
0 0.712 0.228 0.021 0.038
0 0.875 0.269 0.019 0.045
0 0.888 0.228 0.019 0.043
0 0.933 0.224 0.019 0.049
0 0.931 0.286 0.019 0.04
0 0.764 0.201 0.023 0.032
0 0.656 0.129 0.012 0.025
