0 0.068 0.49 0.046 0.091
0 0.258 0.27 0.022 0.035
0 0.282 0.263 0.019 0.034
0 0.319 0.241 0.018 0.04
0 0.325 0.213 0.016 0.039
0 0.341 0.219 0.014 0.04
0 0.338 0.255 0.019 0.039
0 0.351 0.262 0.021 0.039
0 0.392 0.284 0.02 0.045
0 0.381 0.27 0.019 0.049
0 0.357 0.222 0.02 0.04
0 0.378 0.186 0.014 0.035
0 0.393 0.215 0.017 0.035
0 0.4 0.179 0.015 0.029
0 0.416 0.185 0.015 0.04
0 0.438 0.192 0.017 0.037
0 0.446 0.218 0.02 0.045
0 0.475 0.228 0.022 0.042
0 0.474 0.193 0.018 0.035
0 0.46 0.141 0.016 0.032
0 0.474 0.156 0.016 0.032
0 0.491 0.162 0.016 0.029
0 0.483 0.129 0.012 0.025
0 0.508 0.187 0.018 0.037
0 0.519 0.169 0.017 0.029
0 0.536 0.189 0.019 0.042
0 0.556 0.241 0.023 0.051
0 0.564 0.165 0.017 0.034
0 0.552 0.159 0.016 0.032
0 0.561 0.122 0.014 0.032
0 0.588 0.141 0.014 0.03
0 0.585 0.117 0.012 0.025
0 0.609 0.148 0.015 0.03
0 0.614 0.118 0.016 0.027
0 0.635 0.146 0.02 0.03
0 0.639 0.118 0.012 0.027
0 0.682 0.124 0.015 0.029
0 0.687 0.148 0.02 0.037
0 0.646 0.188 0.02 0.039
0 0.658 0.208 0.021 0.045
0 0.501 0.283 0.027 0.051
0 0.582 0.293 0.026 0.051
0 0.613 0.315 0.029 0.057
0 0.624 0.25 0.024 0.049
0 0.628 0.203 0.02 0.035
0 0.672 0.247 0.023 0.054
0 0.707 0.218 0.022 0.042
0 0.694 0.19 0.017 0.04
0 0.723 0.169 0.015 0.039
0 0.714 0.136 0.013 0.032
0 0.73 0.138 0.016 0.03
0 0.753 0.165 0.016 0.034
0 0.767 0.189 0.02 0.045
0 0.73 0.201 0.02 0.045
0 0.774 0.237 0.022 0.052
0 0.75 0.295 0.026 0.061
0 0.724 0.279 0.021 0.051
0 0.839 0.295 0.023 0.052
0 0.854 0.244 0.022 0.051
0 0.816 0.205 0.019 0.042
0 0.794 0.163 0.017 0.04
0 0.777 0.148 0.017 0.03
0 0.764 0.125 0.014 0.03
0 0.754 0.134 0.016 0.029
0 0.805 0.125 0.015 0.024
0 0.823 0.149 0.014 0.029
0 0.835 0.176 0.019 0.042
0 0.849 0.152 0.013 0.03
0 0.883 0.204 0.017 0.04
0 0.902 0.213 0.016 0.045
0 0.924 0.264 0.024 0.061
0 0.887 0.169 0.018 0.039
