0 0.177 0.467 0.048 0.093
0 0.231 0.334 0.015 0.032
0 0.259 0.342 0.02 0.042
0 0.287 0.302 0.017 0.038
0 0.281 0.37 0.021 0.043
0 0.332 0.356 0.02 0.046
0 0.351 0.317 0.017 0.033
0 0.349 0.29 0.017 0.031
0 0.388 0.319 0.013 0.035
0 0.403 0.328 0.021 0.038
0 0.403 0.295 0.017 0.035
0 0.399 0.273 0.016 0.026
0 0.39 0.255 0.015 0.031
0 0.432 0.301 0.021 0.043
0 0.421 0.262 0.015 0.029
0 0.436 0.263 0.016 0.035
0 0.465 0.296 0.016 0.028
0 0.462 0.259 0.016 0.032
0 0.451 0.245 0.014 0.026
0 0.46 0.234 0.013 0.025
0 0.491 0.314 0.02 0.039
0 0.487 0.266 0.017 0.033
0 0.497 0.252 0.013 0.025
0 0.508 0.276 0.016 0.033
0 0.509 0.241 0.013 0.031
0 0.522 0.245 0.016 0.038
0 0.555 0.219 0.013 0.025
0 0.561 0.236 0.014 0.026
0 0.567 0.256 0.013 0.032
0 0.59 0.239 0.012 0.029
0 0.589 0.22 0.012 0.024
0 0.6 0.204 0.013 0.026
0 0.612 0.216 0.013 0.025
0 0.625 0.247 0.014 0.031
0 0.651 0.211 0.015 0.031
0 0.657 0.227 0.013 0.028
0 0.668 0.225 0.013 0.029
0 0.525 0.355 0.026 0.057
0 0.496 0.376 0.027 0.063
0 0.537 0.397 0.03 0.052
0 0.579 0.38 0.029 0.054
0 0.583 0.326 0.021 0.046
0 0.542 0.277 0.016 0.032
0 0.6 0.421 0.026 0.061
0 0.625 0.453 0.037 0.074
0 0.651 0.365 0.026 0.049
0 0.631 0.335 0.024 0.046
0 0.618 0.302 0.02 0.043
0 0.653 0.277 0.019 0.038
0 0.677 0.349 0.021 0.059
0 0.689 0.507 0.04 0.082
0 0.706 0.397 0.03 0.056
0 0.766 0.42 0.029 0.056
0 0.781 0.491 0.035 0.067
0 0.824 0.434 0.025 0.063
0 0.837 0.37 0.025 0.052
0 0.793 0.358 0.024 0.049
0 0.896 0.462 0.032 0.064
0 0.889 0.392 0.027 0.053
0 0.902 0.351 0.019 0.04
0 0.876 0.326 0.022 0.046
0 0.844 0.333 0.02 0.043
0 0.816 0.304 0.022 0.045
0 0.792 0.299 0.019 0.038
0 0.796 0.273 0.018 0.036
0 0.791 0.246 0.017 0.032
0 0.763 0.262 0.016 0.032
0 0.76 0.236 0.015 0.029
0 0.74 0.283 0.017 0.039
0 0.731 0.263 0.013 0.029
0 0.746 0.261 0.013 0.031
0 0.73 0.232 0.014 0.032
0 0.71 0.25 0.016 0.033
0 0.694 0.302 0.02 0.038
0 0.687 0.25 0.016 0.033
0 0.819 0.257 0.015 0.035
0 0.831 0.271 0.014 0.036
0 0.849 0.256 0.013 0.038
0 0.868 0.274 0.017 0.038
0 0.905 0.305 0.015 0.028
0 0.909 0.28 0.013 0.024
