0 0.1 0.596 0.045 0.12
0 0.235 0.262 0.018 0.047
0 0.242 0.263 0.018 0.045
0 0.286 0.237 0.017 0.042
0 0.318 0.212 0.018 0.045
0 0.314 0.236 0.015 0.04
0 0.341 0.228 0.018 0.04
0 0.355 0.205 0.014 0.042
0 0.371 0.199 0.015 0.032
0 0.422 0.176 0.013 0.033
0 0.426 0.168 0.017 0.04
0 0.405 0.238 0.018 0.047
0 0.375 0.263 0.018 0.051
0 0.44 0.194 0.014 0.04
0 0.446 0.297 0.022 0.055
0 0.481 0.235 0.021 0.048
0 0.474 0.14 0.013 0.032
0 0.484 0.168 0.017 0.043
0 0.499 0.151 0.013 0.037
0 0.53 0.163 0.016 0.037
0 0.518 0.165 0.018 0.042
0 0.505 0.209 0.018 0.04
0 0.56 0.136 0.015 0.04
0 0.57 0.159 0.016 0.038
0 0.582 0.138 0.013 0.043
0 0.601 0.128 0.014 0.033
0 0.612 0.151 0.014 0.03
0 0.64 0.13 0.014 0.033
0 0.668 0.127 0.019 0.035
0 0.655 0.15 0.013 0.04
0 0.663 0.18 0.014 0.035
0 0.695 0.135 0.018 0.032
0 0.695 0.157 0.015 0.042
0 0.72 0.153 0.014 0.033
0 0.61 0.209 0.016 0.04
0 0.617 0.281 0.023 0.05
0 0.58 0.333 0.017 0.045
0 0.667 0.233 0.019 0.047
0 0.69 0.215 0.017 0.042
0 0.612 0.368 0.027 0.051
0 0.664 0.4 0.023 0.065
0 0.721 0.276 0.02 0.043
0 0.743 0.228 0.019 0.045
0 0.756 0.195 0.014 0.035
0 0.777 0.183 0.015 0.037
0 0.812 0.196 0.019 0.053
0 0.795 0.247 0.019 0.055
0 0.82 0.219 0.014 0.033
0 0.83 0.21 0.017 0.042
0 0.754 0.292 0.019 0.051
0 0.722 0.403 0.026 0.061
0 0.797 0.458 0.025 0.083
0 0.802 0.305 0.021 0.051
0 0.863 0.234 0.017 0.043
0 0.902 0.222 0.012 0.038
0 0.903 0.257 0.013 0.033
0 0.866 0.343 0.021 0.055
0 0.892 0.292 0.017 0.04
0 0.888 0.4 0.022 0.048
0 0.867 0.507 0.029 0.088
0 0.952 0.436 0.025 0.071
0 0.929 0.268 0.014 0.048
0 0.948 0.243 0.013 0.047
0 0.981 0.259 0.013 0.043
0 0.928 0.319 0.017 0.047
0 0.974 0.311 0.021 0.05
0 0.954 0.37 0.02 0.06
0 0.972 0.357 0.016 0.053
0 0.591 0.199 0.013 0.033
0 0.531 0.226 0.02 0.043
0 0.618 0.176 0.017 0.043
