0 0.212 0.432 0.06 0.095
0 0.267 0.265 0.023 0.05
0 0.293 0.269 0.021 0.042
0 0.322 0.22 0.017 0.028
0 0.326 0.249 0.021 0.038
0 0.356 0.257 0.022 0.055
0 0.366 0.211 0.015 0.04
0 0.389 0.186 0.016 0.03
0 0.398 0.301 0.027 0.04
0 0.407 0.223 0.019 0.037
0 0.421 0.187 0.018 0.028
0 0.457 0.151 0.019 0.033
0 0.448 0.21 0.023 0.028
0 0.495 0.141 0.016 0.033
0 0.481 0.198 0.015 0.037
0 0.503 0.161 0.015 0.038
0 0.521 0.151 0.017 0.032
0 0.477 0.24 0.028 0.038
0 0.396 0.272 0.028 0.035
0 0.537 0.218 0.023 0.04
0 0.559 0.166 0.02 0.038
0 0.539 0.171 0.018 0.025
0 0.573 0.123 0.02 0.037
0 0.579 0.171 0.016 0.033
0 0.596 0.169 0.021 0.038
0 0.612 0.134 0.019 0.032
0 0.513 0.31 0.04 0.055
0 0.59 0.224 0.025 0.062
0 0.655 0.124 0.022 0.032
0 0.656 0.147 0.025 0.032
0 0.624 0.211 0.024 0.047
0 0.594 0.299 0.026 0.048
0 0.639 0.323 0.027 0.053
0 0.668 0.272 0.024 0.052
0 0.664 0.191 0.02 0.038
0 0.681 0.215 0.02 0.05
0 0.716 0.196 0.024 0.045
0 0.714 0.151 0.018 0.035
0 0.724 0.148 0.019 0.037
0 0.746 0.121 0.015 0.04
0 0.745 0.175 0.015 0.037
0 0.757 0.202 0.021 0.038
0 0.73 0.298 0.028 0.05
0 0.765 0.303 0.035 0.047
0 0.773 0.24 0.025 0.047
0 0.776 0.146 0.018 0.043
0 0.79 0.215 0.024 0.045
0 0.815 0.195 0.022 0.03
0 0.824 0.131 0.017 0.037
0 0.861 0.141 0.024 0.05
0 0.852 0.166 0.021 0.033
0 0.85 0.21 0.031 0.05
0 0.851 0.308 0.031 0.053
0 0.858 0.275 0.03 0.07
0 0.889 0.202 0.018 0.042
0 0.897 0.183 0.015 0.037
0 0.907 0.162 0.024 0.042
0 0.933 0.219 0.027 0.045
0 0.926 0.27 0.026 0.06
0 0.688 0.14 0.022 0.047
0 0.7 0.252 0.025 0.045
