0 0.113 0.489 0.047 0.115
0 0.2 0.314 0.02 0.052
0 0.226 0.306 0.022 0.061
0 0.266 0.251 0.023 0.052
0 0.306 0.254 0.019 0.049
0 0.325 0.247 0.02 0.059
0 0.311 0.225 0.021 0.047
0 0.347 0.222 0.017 0.052
0 0.37 0.281 0.024 0.061
0 0.363 0.208 0.018 0.045
0 0.388 0.2 0.019 0.05
0 0.397 0.255 0.019 0.054
0 0.429 0.205 0.016 0.043
0 0.426 0.17 0.017 0.038
0 0.446 0.164 0.017 0.047
0 0.468 0.256 0.023 0.059
0 0.436 0.329 0.023 0.061
0 0.494 0.215 0.019 0.056
0 0.486 0.168 0.019 0.045
0 0.494 0.156 0.014 0.036
0 0.516 0.171 0.021 0.05
0 0.531 0.239 0.025 0.058
0 0.553 0.141 0.017 0.049
0 0.562 0.174 0.017 0.041
0 0.572 0.21 0.022 0.054
0 0.581 0.179 0.019 0.049
0 0.58 0.138 0.018 0.041
0 0.596 0.119 0.016 0.047
0 0.603 0.196 0.016 0.05
0 0.606 0.162 0.015 0.036
0 0.622 0.204 0.018 0.045
0 0.632 0.13 0.015 0.041
0 0.652 0.153 0.014 0.047
0 0.659 0.192 0.017 0.043
0 0.666 0.14 0.015 0.047
0 0.688 0.138 0.013 0.04
0 0.714 0.158 0.015 0.043
0 0.688 0.18 0.016 0.04
0 0.572 0.356 0.023 0.079
0 0.604 0.39 0.028 0.076
0 0.619 0.311 0.026 0.068
0 0.655 0.267 0.025 0.063
0 0.661 0.422 0.029 0.07
0 0.71 0.219 0.016 0.045
0 0.724 0.272 0.021 0.054
0 0.748 0.308 0.021 0.058
0 0.741 0.245 0.022 0.058
0 0.755 0.21 0.016 0.047
0 0.776 0.215 0.018 0.045
0 0.807 0.197 0.02 0.045
0 0.793 0.271 0.02 0.063
0 0.814 0.313 0.023 0.061
0 0.816 0.233 0.017 0.045
0 0.832 0.224 0.014 0.045
0 0.867 0.237 0.013 0.043
0 0.728 0.42 0.032 0.074
0 0.794 0.483 0.039 0.106
0 0.866 0.523 0.039 0.094
0 0.878 0.463 0.03 0.077
0 0.857 0.353 0.019 0.058
0 0.87 0.335 0.019 0.059
0 0.886 0.283 0.023 0.056
0 0.901 0.268 0.015 0.04
0 0.907 0.237 0.019 0.047
0 0.936 0.281 0.015 0.043
0 0.949 0.257 0.013 0.04
0 0.93 0.348 0.019 0.056
0 0.949 0.403 0.019 0.061
0 0.953 0.465 0.024 0.077
0 0.975 0.388 0.017 0.052
0 0.964 0.34 0.016 0.047
0 0.975 0.322 0.014 0.043
0 0.986 0.295 0.019 0.047
