0 0.032 0.421 0.024 0.056
0 0.233 0.343 0.02 0.041
0 0.258 0.357 0.023 0.051
0 0.286 0.376 0.021 0.048
0 0.282 0.316 0.02 0.037
0 0.333 0.367 0.029 0.063
0 0.374 0.358 0.02 0.035
0 0.367 0.331 0.018 0.032
0 0.352 0.298 0.019 0.04
0 0.401 0.352 0.023 0.05
0 0.447 0.35 0.025 0.045
0 0.382 0.267 0.014 0.041
0 0.395 0.283 0.015 0.035
0 0.404 0.305 0.016 0.038
0 0.421 0.29 0.015 0.031
0 0.433 0.316 0.018 0.037
0 0.461 0.312 0.017 0.038
0 0.418 0.268 0.014 0.031
0 0.45 0.251 0.012 0.035
0 0.461 0.24 0.012 0.029
0 0.463 0.267 0.016 0.032
0 0.49 0.271 0.017 0.035
0 0.504 0.289 0.018 0.038
0 0.511 0.324 0.018 0.041
0 0.55 0.295 0.022 0.043
0 0.525 0.262 0.016 0.037
0 0.507 0.249 0.016 0.035
0 0.541 0.233 0.016 0.029
0 0.559 0.248 0.016 0.032
0 0.559 0.228 0.014 0.028
0 0.591 0.254 0.016 0.04
0 0.592 0.227 0.014 0.032
0 0.628 0.255 0.016 0.035
0 0.6 0.213 0.013 0.034
0 0.611 0.221 0.013 0.029
0 0.623 0.23 0.012 0.029
0 0.642 0.221 0.013 0.025
0 0.639 0.238 0.01 0.025
0 0.655 0.233 0.013 0.029
0 0.67 0.235 0.014 0.032
0 0.49 0.405 0.033 0.07
0 0.533 0.416 0.028 0.062
0 0.53 0.376 0.024 0.048
0 0.584 0.337 0.024 0.048
0 0.62 0.313 0.019 0.043
0 0.634 0.34 0.019 0.047
0 0.598 0.384 0.025 0.053
0 0.597 0.442 0.037 0.072
0 0.653 0.464 0.034 0.069
0 0.644 0.374 0.026 0.062
0 0.676 0.359 0.023 0.059
0 0.657 0.282 0.017 0.038
0 0.687 0.258 0.018 0.035
0 0.715 0.255 0.014 0.032
0 0.706 0.3 0.019 0.04
0 0.729 0.277 0.013 0.038
0 0.725 0.229 0.014 0.029
0 0.747 0.287 0.017 0.035
0 0.762 0.235 0.014 0.034
0 0.79 0.25 0.015 0.04
0 0.744 0.258 0.012 0.023
0 0.755 0.267 0.013 0.035
0 0.723 0.412 0.026 0.059
0 0.7 0.52 0.038 0.087
0 0.813 0.548 0.036 0.076
0 0.77 0.417 0.029 0.057
0 0.791 0.376 0.026 0.057
0 0.825 0.457 0.033 0.066
0 0.889 0.474 0.035 0.073
0 0.89 0.407 0.023 0.063
0 0.855 0.367 0.025 0.053
0 0.833 0.417 0.025 0.054
0 0.792 0.311 0.018 0.038
0 0.823 0.317 0.017 0.041
0 0.833 0.293 0.016 0.034
0 0.821 0.266 0.014 0.037
0 0.838 0.271 0.013 0.028
0 0.85 0.253 0.013 0.034
0 0.87 0.295 0.016 0.04
0 0.85 0.323 0.018 0.041
0 0.903 0.364 0.017 0.041
0 0.901 0.331 0.014 0.034
0 0.911 0.29 0.013 0.026
0 0.909 0.322 0.012 0.034
