0 0.378 0.175 0.016 0.027
0 0.411 0.174 0.016 0.034
0 0.419 0.153 0.013 0.029
0 0.438 0.168 0.015 0.029
0 0.452 0.169 0.014 0.031
0 0.459 0.145 0.014 0.025
0 0.474 0.154 0.013 0.031
0 0.482 0.181 0.017 0.036
0 0.484 0.149 0.014 0.034
0 0.497 0.125 0.013 0.027
0 0.508 0.14 0.015 0.025
0 0.521 0.127 0.012 0.027
0 0.505 0.181 0.017 0.036
0 0.542 0.148 0.014 0.031
0 0.558 0.115 0.013 0.025
0 0.57 0.142 0.016 0.031
0 0.58 0.112 0.012 0.031
0 0.597 0.124 0.016 0.034
0 0.598 0.156 0.014 0.031
0 0.612 0.1 0.012 0.023
0 0.628 0.136 0.015 0.034
0 0.653 0.104 0.01 0.027
0 0.656 0.123 0.012 0.023
0 0.671 0.113 0.015 0.029
0 0.621 0.221 0.022 0.044
0 0.684 0.314 0.041 0.092
0 0.672 0.223 0.021 0.044
0 0.679 0.193 0.015 0.042
0 0.693 0.175 0.02 0.044
0 0.71 0.195 0.023 0.055
0 0.699 0.238 0.027 0.061
0 0.732 0.176 0.014 0.034
0 0.728 0.146 0.017 0.027
0 0.727 0.085 0.013 0.036
0 0.706 0.123 0.014 0.027
0 0.752 0.13 0.015 0.038
0 0.766 0.131 0.013 0.031
0 0.77 0.183 0.015 0.036
0 0.776 0.156 0.014 0.031
0 0.797 0.162 0.015 0.036
0 0.807 0.152 0.017 0.031
0 0.821 0.137 0.014 0.031
0 0.827 0.184 0.015 0.038
0 0.796 0.203 0.021 0.038
0 0.874 0.267 0.019 0.052
0 0.899 0.206 0.016 0.036
0 0.911 0.178 0.019 0.042
0 0.927 0.233 0.02 0.038
0 0.933 0.212 0.017 0.029
0 0.932 0.184 0.012 0.029
0 0.959 0.128 0.016 0.034
