0 0.095 0.585 0.049 0.106
0 0.2 0.274 0.021 0.052
0 0.22 0.276 0.02 0.049
0 0.266 0.242 0.022 0.043
0 0.297 0.242 0.019 0.043
0 0.319 0.238 0.02 0.05
0 0.311 0.203 0.021 0.042
0 0.35 0.211 0.015 0.047
0 0.36 0.276 0.021 0.066
0 0.397 0.238 0.016 0.047
0 0.362 0.194 0.017 0.035
0 0.392 0.193 0.017 0.036
0 0.41 0.177 0.012 0.031
0 0.428 0.193 0.016 0.04
0 0.442 0.169 0.018 0.036
0 0.454 0.163 0.013 0.031
0 0.475 0.169 0.018 0.043
0 0.489 0.151 0.016 0.035
0 0.494 0.212 0.017 0.04
0 0.468 0.256 0.023 0.059
0 0.434 0.309 0.026 0.057
0 0.525 0.167 0.018 0.043
0 0.552 0.164 0.019 0.036
0 0.553 0.14 0.015 0.035
0 0.577 0.139 0.017 0.038
0 0.551 0.218 0.019 0.049
0 0.573 0.2 0.018 0.036
0 0.608 0.185 0.014 0.035
0 0.597 0.127 0.015 0.031
0 0.621 0.13 0.014 0.035
0 0.612 0.16 0.015 0.033
0 0.639 0.15 0.015 0.036
0 0.652 0.154 0.014 0.038
0 0.627 0.203 0.016 0.049
0 0.615 0.293 0.023 0.062
0 0.562 0.356 0.03 0.047
0 0.608 0.38 0.027 0.059
0 0.655 0.413 0.027 0.071
0 0.662 0.189 0.013 0.035
0 0.662 0.253 0.019 0.066
0 0.688 0.166 0.015 0.035
0 0.694 0.14 0.013 0.031
0 0.707 0.151 0.015 0.035
0 0.713 0.218 0.014 0.045
0 0.733 0.222 0.016 0.042
0 0.719 0.276 0.019 0.064
0 0.73 0.403 0.027 0.068
0 0.756 0.236 0.018 0.042
0 0.758 0.201 0.015 0.038
0 0.781 0.176 0.014 0.04
0 0.781 0.211 0.015 0.043
0 0.795 0.256 0.017 0.05
0 0.766 0.287 0.016 0.047
0 0.804 0.476 0.036 0.081
0 0.86 0.533 0.031 0.092
0 0.874 0.429 0.023 0.078
0 0.818 0.31 0.019 0.055
0 0.862 0.352 0.019 0.059
0 0.814 0.247 0.019 0.05
0 0.813 0.196 0.017 0.049
0 0.833 0.217 0.019 0.045
0 0.873 0.241 0.014 0.045
0 0.878 0.225 0.014 0.052
0 0.906 0.244 0.015 0.043
0 0.9 0.26 0.015 0.045
0 0.89 0.285 0.019 0.047
0 0.923 0.334 0.019 0.061
0 0.939 0.287 0.015 0.04
0 0.949 0.26 0.017 0.038
0 0.988 0.275 0.015 0.043
0 0.979 0.308 0.015 0.043
0 0.977 0.347 0.014 0.04
0 0.978 0.377 0.019 0.054
0 0.949 0.385 0.021 0.073
0 0.964 0.45 0.026 0.075
