0 0.098 0.539 0.047 0.12
0 0.165 0.291 0.022 0.051
0 0.192 0.288 0.026 0.055
0 0.24 0.241 0.019 0.045
0 0.283 0.239 0.022 0.05
0 0.302 0.225 0.018 0.05
0 0.279 0.209 0.02 0.045
0 0.325 0.21 0.018 0.043
0 0.344 0.257 0.018 0.048
0 0.372 0.242 0.018 0.046
0 0.41 0.324 0.027 0.06
0 0.364 0.195 0.018 0.041
0 0.341 0.199 0.017 0.036
0 0.411 0.19 0.017 0.045
0 0.409 0.163 0.017 0.038
0 0.447 0.247 0.023 0.06
0 0.432 0.164 0.014 0.036
0 0.445 0.17 0.016 0.038
0 0.46 0.17 0.018 0.05
0 0.473 0.204 0.016 0.045
0 0.473 0.148 0.018 0.05
0 0.499 0.168 0.017 0.045
0 0.53 0.218 0.018 0.039
0 0.545 0.163 0.017 0.038
0 0.55 0.212 0.018 0.048
0 0.534 0.137 0.014 0.038
0 0.558 0.13 0.016 0.041
0 0.58 0.125 0.016 0.041
0 0.591 0.152 0.016 0.039
0 0.584 0.187 0.016 0.041
0 0.567 0.174 0.018 0.039
0 0.606 0.197 0.018 0.045
0 0.614 0.128 0.016 0.038
0 0.64 0.182 0.018 0.039
0 0.637 0.145 0.015 0.039
0 0.652 0.137 0.014 0.041
0 0.674 0.159 0.018 0.041
0 0.676 0.134 0.014 0.033
0 0.701 0.151 0.018 0.045
0 0.683 0.216 0.019 0.051
0 0.649 0.253 0.025 0.063
0 0.603 0.287 0.023 0.05
0 0.557 0.336 0.028 0.055
0 0.592 0.381 0.027 0.067
0 0.644 0.402 0.032 0.07
0 0.71 0.406 0.03 0.079
0 0.72 0.268 0.023 0.057
0 0.741 0.289 0.023 0.053
0 0.73 0.233 0.02 0.048
0 0.735 0.185 0.016 0.041
0 0.769 0.205 0.018 0.043
0 0.76 0.181 0.015 0.043
0 0.801 0.192 0.018 0.041
0 0.811 0.223 0.019 0.041
0 0.834 0.216 0.016 0.045
0 0.786 0.254 0.019 0.057
0 0.802 0.295 0.024 0.06
0 0.781 0.452 0.032 0.092
0 0.859 0.494 0.034 0.091
0 0.876 0.419 0.026 0.067
0 0.956 0.446 0.028 0.074
0 0.84 0.379 0.028 0.067
0 0.862 0.323 0.025 0.053
0 0.884 0.277 0.02 0.048
0 0.914 0.346 0.02 0.051
0 0.942 0.384 0.023 0.063
0 0.968 0.366 0.017 0.06
0 0.864 0.231 0.014 0.041
0 0.873 0.229 0.013 0.033
0 0.898 0.227 0.015 0.043
0 0.895 0.26 0.016 0.041
0 0.924 0.27 0.015 0.053
0 0.943 0.244 0.013 0.039
0 0.968 0.32 0.017 0.041
0 0.985 0.261 0.018 0.046
