0 0.16 0.466 0.048 0.09
0 0.339 0.223 0.014 0.034
0 0.343 0.184 0.014 0.034
0 0.48 0.222 0.018 0.034
0 0.445 0.219 0.017 0.033
0 0.417 0.21 0.014 0.028
0 0.414 0.181 0.014 0.025
0 0.423 0.153 0.012 0.021
0 0.446 0.153 0.012 0.021
0 0.451 0.181 0.014 0.031
0 0.467 0.187 0.015 0.031
0 0.462 0.13 0.01 0.025
0 0.477 0.151 0.01 0.023
0 0.505 0.15 0.013 0.025
0 0.499 0.122 0.012 0.018
0 0.52 0.124 0.011 0.026
0 0.534 0.187 0.014 0.031
0 0.559 0.162 0.014 0.026
0 0.532 0.154 0.013 0.023
0 0.541 0.128 0.011 0.02
0 0.582 0.169 0.015 0.028
0 0.598 0.143 0.014 0.028
0 0.584 0.112 0.011 0.021
0 0.603 0.121 0.009 0.023
0 0.617 0.146 0.013 0.036
0 0.646 0.142 0.013 0.031
0 0.613 0.117 0.008 0.025
0 0.607 0.104 0.013 0.021
0 0.628 0.101 0.01 0.02
0 0.654 0.105 0.009 0.026
0 0.674 0.124 0.011 0.02
0 0.695 0.124 0.011 0.021
0 0.714 0.142 0.014 0.026
0 0.704 0.162 0.014 0.026
0 0.662 0.188 0.017 0.033
0 0.62 0.207 0.016 0.041
0 0.632 0.25 0.015 0.043
0 0.569 0.254 0.02 0.039
0 0.601 0.308 0.028 0.065
0 0.55 0.292 0.026 0.047
0 0.514 0.284 0.029 0.047
0 0.673 0.343 0.03 0.067
0 0.662 0.258 0.02 0.047
0 0.666 0.22 0.016 0.034
0 0.695 0.21 0.014 0.031
0 0.712 0.228 0.019 0.041
0 0.738 0.176 0.014 0.034
0 0.75 0.157 0.014 0.029
0 0.748 0.126 0.01 0.023
0 0.757 0.128 0.013 0.026
0 0.777 0.136 0.012 0.033
0 0.766 0.183 0.015 0.036
0 0.757 0.34 0.025 0.059
0 0.771 0.268 0.021 0.051
0 0.803 0.274 0.02 0.041
0 0.843 0.306 0.02 0.046
0 0.828 0.367 0.026 0.056
0 0.906 0.337 0.021 0.052
0 0.917 0.283 0.018 0.043
0 0.865 0.273 0.02 0.046
0 0.874 0.232 0.014 0.036
0 0.885 0.211 0.015 0.036
0 0.897 0.195 0.012 0.029
0 0.9 0.173 0.011 0.028
0 0.907 0.161 0.011 0.025
0 0.931 0.176 0.014 0.034
0 0.938 0.212 0.013 0.031
0 0.92 0.24 0.01 0.031
0 0.926 0.227 0.012 0.031
0 0.838 0.218 0.015 0.036
0 0.842 0.198 0.014 0.029
0 0.856 0.184 0.013 0.028
0 0.866 0.158 0.013 0.034
0 0.873 0.148 0.014 0.025
0 0.84 0.152 0.014 0.033
0 0.822 0.175 0.012 0.026
0 0.805 0.2 0.013 0.034
0 0.786 0.203 0.014 0.036
0 0.789 0.173 0.016 0.021
