0 0.074 0.508 0.051 0.117
0 0.257 0.282 0.017 0.032
0 0.276 0.281 0.016 0.04
0 0.304 0.259 0.016 0.04
0 0.313 0.235 0.014 0.028
0 0.341 0.217 0.018 0.033
0 0.375 0.216 0.014 0.03
0 0.382 0.205 0.02 0.035
0 0.409 0.172 0.017 0.027
0 0.451 0.147 0.01 0.027
0 0.483 0.132 0.015 0.027
0 0.478 0.148 0.019 0.025
0 0.431 0.194 0.014 0.027
0 0.439 0.24 0.021 0.035
0 0.464 0.196 0.015 0.032
0 0.493 0.19 0.016 0.025
0 0.463 0.235 0.019 0.035
0 0.533 0.139 0.015 0.037
0 0.561 0.117 0.017 0.027
0 0.553 0.135 0.012 0.027
0 0.54 0.205 0.022 0.038
0 0.574 0.165 0.02 0.035
0 0.584 0.131 0.022 0.028
0 0.599 0.1 0.017 0.03
0 0.629 0.099 0.015 0.028
0 0.62 0.135 0.018 0.04
0 0.606 0.208 0.017 0.035
0 0.56 0.293 0.023 0.054
0 0.478 0.306 0.025 0.057
0 0.603 0.269 0.027 0.054
0 0.647 0.115 0.014 0.027
0 0.673 0.113 0.012 0.028
0 0.685 0.109 0.013 0.027
0 0.651 0.172 0.019 0.037
0 0.684 0.185 0.015 0.045
0 0.659 0.26 0.021 0.055
0 0.606 0.34 0.029 0.069
0 0.669 0.339 0.027 0.065
0 0.71 0.139 0.021 0.043
0 0.732 0.124 0.015 0.043
0 0.706 0.217 0.022 0.045
0 0.716 0.278 0.03 0.048
0 0.73 0.196 0.017 0.042
0 0.755 0.099 0.013 0.022
0 0.753 0.241 0.022 0.05
0 0.781 0.121 0.011 0.025
0 0.779 0.161 0.017 0.035
0 0.782 0.288 0.02 0.055
0 0.812 0.243 0.02 0.052
0 0.794 0.125 0.011 0.03
0 0.799 0.18 0.02 0.045
0 0.812 0.13 0.009 0.023
0 0.831 0.137 0.013 0.03
0 0.849 0.186 0.022 0.042
0 0.871 0.125 0.012 0.03
0 0.868 0.223 0.013 0.032
0 0.903 0.134 0.011 0.033
0 0.891 0.201 0.017 0.033
0 0.926 0.168 0.016 0.032
0 0.928 0.159 0.013 0.033
0 0.926 0.196 0.017 0.03
0 0.929 0.269 0.022 0.047
0 0.862 0.161 0.017 0.032
0 0.815 0.17 0.016 0.032
0 0.741 0.16 0.018 0.042
0 0.667 0.203 0.021 0.052
0 0.41 0.217 0.018 0.033
0 0.434 0.275 0.019 0.042
0 0.338 0.266 0.018 0.037
0 0.386 0.218 0.015 0.035
0 0.682 0.145 0.018 0.032
0 0.767 0.131 0.018 0.032
