0 0.207 0.456 0.051 0.105
0 0.254 0.429 0.048 0.107
0 0.315 0.287 0.02 0.043
0 0.371 0.263 0.021 0.041
0 0.446 0.268 0.021 0.044
0 0.428 0.227 0.017 0.04
0 0.458 0.227 0.023 0.044
0 0.458 0.187 0.018 0.041
0 0.483 0.197 0.019 0.044
0 0.464 0.157 0.013 0.028
0 0.48 0.155 0.016 0.03
0 0.543 0.143 0.014 0.035
0 0.569 0.149 0.014 0.038
0 0.589 0.154 0.016 0.041
0 0.545 0.2 0.021 0.038
0 0.486 0.324 0.027 0.051
0 0.67 0.257 0.029 0.056
0 0.744 0.278 0.025 0.053
0 0.801 0.291 0.027 0.054
0 0.703 0.151 0.018 0.035
0 0.733 0.148 0.016 0.04
0 0.746 0.166 0.02 0.033
0 0.763 0.149 0.015 0.031
0 0.785 0.163 0.02 0.04
0 0.818 0.184 0.016 0.044
0 0.832 0.126 0.013 0.035
0 0.904 0.215 0.022 0.051
