0 0.119 0.593 0.032 0.079
0 0.081 0.549 0.029 0.071
0 0.081 0.453 0.023 0.06
0 0.02 0.303 0.016 0.038
0 0.036 0.279 0.015 0.041
0 0.044 0.228 0.013 0.031
0 0.123 0.259 0.016 0.041
0 0.132 0.24 0.012 0.034
0 0.156 0.226 0.015 0.041
0 0.18 0.226 0.014 0.041
0 0.181 0.291 0.02 0.045
0 0.2 0.467 0.023 0.066
0 0.236 0.391 0.02 0.052
0 0.246 0.339 0.017 0.05
0 0.203 0.162 0.011 0.031
0 0.226 0.169 0.015 0.038
0 0.252 0.161 0.011 0.029
0 0.293 0.237 0.016 0.04
0 0.303 0.198 0.014 0.034
0 0.305 0.171 0.013 0.028
0 0.324 0.267 0.016 0.041
0 0.357 0.239 0.017 0.043
0 0.392 0.22 0.015 0.036
0 0.364 0.125 0.013 0.033
0 0.411 0.127 0.013 0.033
0 0.426 0.111 0.011 0.029
0 0.422 0.208 0.016 0.04
0 0.473 0.168 0.014 0.033
0 0.495 0.151 0.012 0.033
0 0.489 0.116 0.013 0.031
0 0.476 0.197 0.013 0.033
0 0.506 0.214 0.012 0.038
0 0.518 0.139 0.011 0.026
0 0.53 0.113 0.011 0.026
0 0.553 0.196 0.014 0.029
0 0.497 0.258 0.015 0.04
0 0.482 0.318 0.02 0.057
0 0.561 0.344 0.023 0.057
0 0.581 0.237 0.015 0.043
0 0.585 0.177 0.015 0.036
0 0.596 0.135 0.012 0.033
0 0.628 0.152 0.013 0.034
0 0.607 0.166 0.011 0.029
0 0.637 0.281 0.016 0.034
0 0.657 0.184 0.012 0.031
0 0.576 0.5 0.025 0.069
0 0.694 0.369 0.018 0.048
0 0.719 0.304 0.021 0.04
0 0.711 0.257 0.014 0.038
0 0.722 0.245 0.011 0.028
0 0.734 0.24 0.011 0.028
0 0.727 0.22 0.011 0.022
0 0.781 0.237 0.014 0.036
0 0.823 0.266 0.013 0.033
0 0.865 0.31 0.014 0.034
0 0.936 0.399 0.018 0.047
0 0.786 0.392 0.024 0.053
