0 0.131 0.545 0.043 0.079
0 0.216 0.355 0.019 0.033
0 0.262 0.342 0.021 0.045
0 0.29 0.35 0.02 0.043
0 0.281 0.314 0.02 0.033
0 0.316 0.387 0.024 0.047
0 0.317 0.326 0.023 0.035
0 0.345 0.334 0.019 0.032
0 0.353 0.292 0.018 0.033
0 0.407 0.335 0.023 0.039
0 0.403 0.296 0.021 0.036
0 0.393 0.255 0.015 0.031
0 0.411 0.262 0.014 0.029
0 0.43 0.276 0.019 0.032
0 0.436 0.303 0.021 0.035
0 0.467 0.333 0.023 0.043
0 0.499 0.328 0.023 0.043
0 0.435 0.241 0.014 0.026
0 0.446 0.254 0.015 0.032
0 0.456 0.275 0.015 0.028
0 0.465 0.234 0.014 0.026
0 0.5 0.27 0.017 0.028
0 0.509 0.243 0.016 0.028
0 0.519 0.277 0.017 0.031
0 0.532 0.254 0.017 0.038
0 0.548 0.284 0.016 0.036
0 0.561 0.263 0.017 0.033
0 0.548 0.225 0.013 0.032
0 0.567 0.236 0.015 0.029
0 0.564 0.211 0.011 0.026
0 0.601 0.238 0.014 0.033
0 0.595 0.204 0.013 0.029
0 0.62 0.207 0.015 0.029
0 0.638 0.249 0.018 0.028
0 0.649 0.234 0.016 0.031
0 0.648 0.21 0.015 0.025
0 0.671 0.222 0.015 0.032
0 0.457 0.41 0.031 0.065
0 0.498 0.467 0.034 0.064
0 0.529 0.36 0.024 0.054
0 0.589 0.369 0.027 0.054
0 0.593 0.324 0.023 0.045
0 0.636 0.348 0.022 0.056
0 0.627 0.307 0.02 0.04
0 0.651 0.368 0.029 0.06
0 0.68 0.355 0.021 0.047
0 0.632 0.479 0.037 0.076
0 0.578 0.439 0.035 0.071
0 0.687 0.483 0.038 0.086
0 0.73 0.394 0.031 0.057
0 0.767 0.442 0.029 0.061
0 0.796 0.533 0.039 0.079
0 0.836 0.462 0.033 0.057
0 0.844 0.398 0.027 0.058
0 0.796 0.359 0.028 0.056
0 0.696 0.296 0.02 0.04
0 0.674 0.314 0.02 0.043
0 0.662 0.281 0.019 0.039
0 0.698 0.245 0.017 0.038
0 0.725 0.257 0.018 0.036
0 0.731 0.239 0.016 0.032
0 0.757 0.261 0.019 0.022
0 0.746 0.293 0.02 0.038
0 0.762 0.289 0.016 0.033
0 0.771 0.239 0.013 0.032
0 0.801 0.243 0.015 0.031
0 0.806 0.297 0.018 0.038
0 0.831 0.316 0.017 0.043
0 0.845 0.309 0.016 0.04
0 0.839 0.27 0.014 0.031
0 0.831 0.257 0.014 0.029
0 0.861 0.256 0.014 0.036
0 0.885 0.275 0.017 0.036
0 0.882 0.334 0.02 0.039
0 0.862 0.375 0.021 0.043
0 0.909 0.4 0.026 0.057
0 0.911 0.456 0.034 0.064
0 0.913 0.344 0.017 0.045
0 0.921 0.321 0.014 0.029
0 0.924 0.298 0.014 0.029
0 0.921 0.268 0.015 0.035
