0 0.209 0.371 0.047 0.084
0 0.308 0.213 0.016 0.034
0 0.33 0.222 0.017 0.034
0 0.341 0.202 0.015 0.033
0 0.352 0.225 0.018 0.033
0 0.365 0.255 0.019 0.034
0 0.378 0.24 0.014 0.036
0 0.368 0.199 0.017 0.04
0 0.386 0.208 0.016 0.034
0 0.406 0.258 0.024 0.048
0 0.413 0.175 0.017 0.036
0 0.419 0.145 0.014 0.033
0 0.446 0.222 0.023 0.034
0 0.441 0.17 0.016 0.036
0 0.457 0.155 0.015 0.024
0 0.47 0.15 0.013 0.028
0 0.477 0.231 0.02 0.04
0 0.483 0.174 0.018 0.034
0 0.488 0.135 0.013 0.029
0 0.502 0.185 0.014 0.036
0 0.507 0.12 0.015 0.024
0 0.51 0.147 0.015 0.029
0 0.528 0.125 0.016 0.029
0 0.545 0.197 0.018 0.033
0 0.545 0.172 0.013 0.034
0 0.559 0.151 0.014 0.029
0 0.541 0.132 0.013 0.029
0 0.581 0.17 0.016 0.04
0 0.575 0.13 0.012 0.029
0 0.582 0.114 0.014 0.029
0 0.603 0.122 0.015 0.031
0 0.614 0.11 0.015 0.028
0 0.622 0.127 0.015 0.024
0 0.635 0.115 0.015 0.028
0 0.66 0.098 0.01 0.028
0 0.693 0.104 0.009 0.019
0 0.683 0.118 0.013 0.026
0 0.668 0.13 0.016 0.029
0 0.719 0.11 0.011 0.028
0 0.492 0.281 0.023 0.062
0 0.543 0.287 0.027 0.057
0 0.565 0.25 0.02 0.052
0 0.6 0.338 0.027 0.06
0 0.618 0.214 0.022 0.04
0 0.632 0.238 0.02 0.052
0 0.663 0.181 0.017 0.041
0 0.683 0.261 0.017 0.043
0 0.689 0.307 0.021 0.064
0 0.73 0.289 0.017 0.052
0 0.704 0.157 0.018 0.034
0 0.727 0.145 0.013 0.034
0 0.747 0.133 0.013 0.034
0 0.714 0.188 0.015 0.033
0 0.723 0.234 0.015 0.045
0 0.75 0.177 0.018 0.038
0 0.76 0.185 0.018 0.04
0 0.754 0.261 0.016 0.05
0 0.776 0.137 0.012 0.022
0 0.789 0.158 0.014 0.038
0 0.809 0.154 0.015 0.036
0 0.805 0.203 0.019 0.045
0 0.803 0.242 0.018 0.043
0 0.78 0.315 0.019 0.055
0 0.737 0.388 0.032 0.071
0 0.809 0.41 0.03 0.069
0 0.836 0.346 0.022 0.055
0 0.871 0.257 0.016 0.05
0 0.885 0.23 0.017 0.043
0 0.926 0.219 0.015 0.041
0 0.919 0.286 0.019 0.048
0 0.913 0.344 0.02 0.055
0 0.892 0.427 0.028 0.079
0 0.62 0.153 0.016 0.031
0 0.469 0.139 0.012 0.028
