0 0.042 0.583 0.044 0.114
0 0.212 0.302 0.019 0.045
0 0.273 0.26 0.016 0.049
0 0.323 0.248 0.017 0.038
0 0.33 0.218 0.024 0.047
0 0.345 0.242 0.016 0.047
0 0.366 0.219 0.013 0.031
0 0.366 0.202 0.013 0.033
0 0.382 0.286 0.021 0.051
0 0.405 0.199 0.016 0.042
0 0.411 0.251 0.019 0.047
0 0.447 0.316 0.021 0.059
0 0.447 0.198 0.016 0.04
0 0.482 0.267 0.024 0.061
0 0.488 0.179 0.016 0.051
0 0.507 0.161 0.018 0.035
0 0.507 0.214 0.02 0.051
0 0.467 0.175 0.016 0.045
0 0.543 0.17 0.017 0.035
0 0.562 0.237 0.02 0.044
0 0.566 0.15 0.024 0.045
0 0.558 0.168 0.014 0.038
0 0.587 0.142 0.016 0.042
0 0.584 0.212 0.018 0.038
0 0.595 0.169 0.012 0.051
0 0.603 0.137 0.015 0.04
0 0.641 0.131 0.015 0.038
0 0.636 0.213 0.021 0.042
0 0.675 0.135 0.017 0.045
0 0.666 0.189 0.016 0.042
0 0.701 0.141 0.021 0.04
0 0.693 0.163 0.016 0.038
0 0.721 0.16 0.017 0.047
0 0.622 0.302 0.021 0.063
0 0.565 0.363 0.025 0.051
0 0.619 0.38 0.024 0.058
0 0.665 0.421 0.027 0.056
0 0.666 0.267 0.025 0.054
0 0.719 0.227 0.02 0.045
0 0.717 0.303 0.019 0.047
0 0.748 0.212 0.015 0.054
0 0.786 0.18 0.016 0.045
0 0.814 0.199 0.016 0.038
0 0.785 0.223 0.019 0.037
0 0.772 0.295 0.02 0.052
0 0.736 0.405 0.027 0.054
0 0.806 0.464 0.027 0.082
0 0.819 0.311 0.017 0.059
0 0.83 0.229 0.016 0.049
0 0.876 0.247 0.016 0.049
0 0.866 0.356 0.024 0.065
0 0.895 0.436 0.016 0.061
0 0.863 0.538 0.037 0.103
0 0.909 0.25 0.013 0.042
0 0.894 0.289 0.016 0.051
0 0.923 0.341 0.014 0.045
0 0.937 0.28 0.014 0.042
0 0.952 0.269 0.017 0.042
0 0.985 0.272 0.02 0.047
0 0.976 0.317 0.013 0.04
0 0.965 0.393 0.023 0.059
0 0.958 0.457 0.024 0.054
0 0.759 0.244 0.027 0.058
0 0.793 0.265 0.018 0.037
0 0.616 0.188 0.014 0.047
0 0.627 0.164 0.02 0.038
0 0.427 0.186 0.015 0.033
