0 0.116 0.53 0.046 0.106
0 0.262 0.249 0.015 0.034
0 0.275 0.252 0.013 0.034
0 0.3 0.239 0.018 0.042
0 0.336 0.219 0.018 0.042
0 0.322 0.208 0.014 0.042
0 0.36 0.223 0.017 0.04
0 0.372 0.269 0.018 0.044
0 0.443 0.303 0.022 0.045
0 0.484 0.238 0.021 0.045
0 0.435 0.199 0.021 0.034
0 0.418 0.175 0.014 0.039
0 0.377 0.192 0.015 0.031
0 0.402 0.246 0.02 0.034
0 0.482 0.171 0.015 0.031
0 0.467 0.16 0.014 0.031
0 0.502 0.153 0.012 0.028
0 0.534 0.154 0.014 0.037
0 0.529 0.224 0.015 0.04
0 0.586 0.195 0.013 0.03
0 0.563 0.16 0.015 0.03
0 0.56 0.133 0.014 0.03
0 0.583 0.135 0.014 0.036
0 0.601 0.13 0.015 0.03
0 0.614 0.175 0.01 0.03
0 0.623 0.192 0.014 0.03
0 0.625 0.153 0.015 0.028
0 0.636 0.123 0.013 0.034
0 0.653 0.136 0.014 0.036
0 0.659 0.187 0.016 0.034
0 0.696 0.136 0.014 0.03
0 0.687 0.156 0.014 0.04
0 0.72 0.151 0.014 0.031
0 0.661 0.242 0.02 0.048
0 0.62 0.287 0.021 0.05
0 0.561 0.327 0.022 0.05
0 0.608 0.364 0.021 0.059
0 0.663 0.389 0.027 0.053
0 0.733 0.382 0.025 0.067
0 0.712 0.276 0.02 0.05
0 0.716 0.208 0.014 0.036
0 0.75 0.225 0.014 0.036
0 0.769 0.272 0.014 0.039
0 0.8 0.252 0.016 0.033
0 0.76 0.188 0.014 0.031
0 0.743 0.2 0.013 0.036
0 0.785 0.212 0.014 0.034
0 0.785 0.17 0.014 0.034
0 0.814 0.191 0.013 0.036
0 0.835 0.208 0.015 0.036
0 0.821 0.288 0.018 0.062
0 0.817 0.234 0.014 0.044
0 0.792 0.423 0.025 0.07
0 0.877 0.478 0.033 0.081
0 0.887 0.402 0.018 0.069
0 0.958 0.43 0.022 0.062
0 0.922 0.306 0.017 0.045
0 0.892 0.277 0.016 0.044
0 0.859 0.343 0.018 0.044
0 0.87 0.231 0.013 0.031
0 0.884 0.224 0.011 0.034
0 0.901 0.239 0.013 0.036
0 0.908 0.221 0.015 0.034
0 0.94 0.26 0.011 0.04
0 0.952 0.234 0.013 0.033
0 0.981 0.252 0.01 0.028
0 0.979 0.284 0.013 0.03
0 0.977 0.318 0.014 0.034
0 0.981 0.354 0.018 0.053
0 0.954 0.369 0.02 0.059
