0 0.918 0.294 0.019 0.054
0 0.858 0.226 0.014 0.041
0 0.878 0.197 0.015 0.038
0 0.915 0.204 0.015 0.039
0 0.886 0.166 0.011 0.023
0 0.889 0.138 0.009 0.026
0 0.918 0.157 0.008 0.021
0 0.92 0.179 0.013 0.03
0 0.858 0.147 0.014 0.038
0 0.844 0.157 0.014 0.041
0 0.841 0.188 0.016 0.038
0 0.827 0.143 0.013 0.036
0 0.794 0.134 0.012 0.028
0 0.805 0.133 0.011 0.026
0 0.808 0.174 0.012 0.033
0 0.796 0.182 0.016 0.041
0 0.812 0.253 0.017 0.053
0 0.775 0.297 0.02 0.058
0 0.748 0.229 0.019 0.046
0 0.723 0.314 0.024 0.056
0 0.671 0.359 0.025 0.059
0 0.66 0.27 0.019 0.053
0 0.695 0.229 0.019 0.043
0 0.697 0.185 0.014 0.035
0 0.758 0.132 0.011 0.031
0 0.772 0.126 0.01 0.031
0 0.743 0.111 0.01 0.028
0 0.723 0.126 0.012 0.025
0 0.704 0.148 0.013 0.03
0 0.752 0.186 0.018 0.03
0 0.675 0.162 0.017 0.038
0 0.657 0.205 0.016 0.044
0 0.728 0.207 0.014 0.033
0 0.661 0.124 0.008 0.028
0 0.682 0.114 0.009 0.028
0 0.595 0.102 0.009 0.016
0 0.621 0.102 0.008 0.016
0 0.637 0.105 0.011 0.02
0 0.631 0.124 0.01 0.021
0 0.608 0.124 0.011 0.021
0 0.615 0.144 0.014 0.031
0 0.644 0.173 0.016 0.026
0 0.598 0.222 0.018 0.033
0 0.582 0.127 0.01 0.021
0 0.574 0.154 0.014 0.028
0 0.61 0.261 0.019 0.048
0 0.571 0.247 0.018 0.043
0 0.556 0.118 0.009 0.02
0 0.563 0.178 0.012 0.036
0 0.538 0.134 0.011 0.021
0 0.545 0.166 0.013 0.033
0 0.527 0.206 0.016 0.035
0 0.52 0.169 0.013 0.03
0 0.505 0.195 0.012 0.028
0 0.508 0.153 0.011 0.026
0 0.488 0.136 0.007 0.018
0 0.48 0.224 0.016 0.039
0 0.451 0.148 0.009 0.016
0 0.446 0.196 0.011 0.03
0 0.443 0.242 0.017 0.039
0 0.477 0.314 0.019 0.049
0 0.533 0.32 0.025 0.061
0 0.458 0.176 0.008 0.026
0 0.475 0.188 0.01 0.028
0 0.483 0.172 0.014 0.035
0 0.465 0.158 0.011 0.023
0 0.387 0.204 0.015 0.033
0 0.414 0.229 0.015 0.036
0 0.383 0.235 0.016 0.03
0 0.352 0.234 0.015 0.033
0 0.345 0.274 0.016 0.038
0 0.308 0.24 0.011 0.026
0 0.258 0.285 0.014 0.028
0 0.29 0.269 0.016 0.038
0 0.299 0.266 0.019 0.041
0 0.327 0.264 0.015 0.035
0 0.597 0.338 0.024 0.054
0 0.422 0.275 0.021 0.046
0 0.204 0.365 0.042 0.089
