0 0.041 0.634 0.051 0.12
0 0.21 0.265 0.016 0.042
0 0.28 0.229 0.017 0.043
0 0.316 0.234 0.016 0.05
0 0.329 0.196 0.019 0.047
0 0.338 0.225 0.017 0.048
0 0.359 0.212 0.016 0.042
0 0.377 0.268 0.024 0.059
0 0.364 0.193 0.015 0.032
0 0.405 0.19 0.019 0.042
0 0.414 0.231 0.017 0.037
0 0.444 0.296 0.023 0.06
0 0.479 0.248 0.023 0.052
0 0.438 0.2 0.017 0.038
0 0.433 0.164 0.017 0.04
0 0.462 0.161 0.017 0.043
0 0.486 0.162 0.017 0.043
0 0.503 0.147 0.016 0.043
0 0.506 0.198 0.017 0.042
0 0.562 0.22 0.021 0.048
0 0.534 0.156 0.015 0.038
0 0.558 0.16 0.014 0.042
0 0.562 0.134 0.015 0.033
0 0.589 0.133 0.013 0.038
0 0.594 0.166 0.017 0.04
0 0.585 0.196 0.017 0.043
0 0.605 0.122 0.016 0.04
0 0.622 0.16 0.016 0.038
0 0.642 0.125 0.015 0.042
0 0.634 0.196 0.017 0.047
0 0.666 0.176 0.015 0.035
0 0.661 0.146 0.013 0.038
0 0.675 0.13 0.013 0.038
0 0.695 0.134 0.017 0.037
0 0.717 0.15 0.014 0.038
0 0.685 0.171 0.019 0.047
0 0.561 0.345 0.024 0.062
0 0.609 0.37 0.024 0.064
0 0.623 0.284 0.025 0.06
0 0.665 0.411 0.032 0.075
0 0.729 0.39 0.027 0.064
0 0.808 0.46 0.032 0.087
0 0.864 0.513 0.036 0.084
0 0.873 0.393 0.026 0.07
0 0.958 0.46 0.023 0.077
0 0.95 0.375 0.025 0.07
0 0.981 0.366 0.018 0.054
0 0.972 0.329 0.017 0.05
0 0.979 0.301 0.014 0.033
0 0.989 0.262 0.019 0.042
0 0.952 0.246 0.013 0.04
0 0.937 0.269 0.015 0.043
0 0.925 0.319 0.021 0.047
0 0.867 0.339 0.021 0.055
0 0.893 0.275 0.019 0.048
0 0.902 0.253 0.014 0.04
0 0.911 0.226 0.016 0.04
0 0.875 0.23 0.017 0.042
0 0.821 0.302 0.025 0.062
0 0.77 0.282 0.021 0.045
0 0.797 0.256 0.021 0.057
0 0.828 0.222 0.017 0.045
0 0.815 0.188 0.018 0.048
0 0.784 0.201 0.017 0.047
0 0.784 0.17 0.015 0.042
0 0.759 0.229 0.017 0.043
0 0.72 0.212 0.019 0.042
0 0.739 0.209 0.018 0.047
0 0.751 0.205 0.017 0.052
0 0.719 0.274 0.022 0.06
0 0.679 0.247 0.021 0.059
