0 0.186 0.408 0.043 0.079
0 0.278 0.258 0.021 0.03
0 0.289 0.277 0.021 0.041
0 0.359 0.263 0.016 0.033
0 0.373 0.283 0.019 0.036
0 0.379 0.232 0.017 0.028
0 0.371 0.198 0.017 0.033
0 0.398 0.199 0.014 0.028
0 0.405 0.162 0.015 0.026
0 0.428 0.179 0.017 0.031
0 0.456 0.155 0.014 0.026
0 0.472 0.159 0.014 0.026
0 0.484 0.172 0.017 0.026
0 0.456 0.184 0.02 0.035
0 0.448 0.231 0.019 0.043
0 0.481 0.232 0.021 0.041
0 0.508 0.178 0.018 0.035
0 0.517 0.202 0.018 0.035
0 0.517 0.155 0.015 0.025
0 0.517 0.126 0.012 0.026
0 0.536 0.132 0.015 0.023
0 0.556 0.126 0.013 0.025
0 0.569 0.133 0.014 0.025
0 0.563 0.182 0.016 0.03
0 0.556 0.167 0.013 0.023
0 0.59 0.133 0.014 0.031
0 0.6 0.098 0.011 0.025
0 0.622 0.106 0.01 0.02
0 0.632 0.107 0.011 0.02
0 0.611 0.135 0.014 0.025
0 0.649 0.117 0.013 0.021
0 0.648 0.139 0.015 0.026
0 0.68 0.107 0.012 0.026
0 0.703 0.103 0.012 0.025
0 0.688 0.153 0.015 0.025
0 0.666 0.175 0.018 0.03
0 0.624 0.207 0.017 0.035
0 0.613 0.161 0.018 0.025
0 0.572 0.164 0.015 0.023
0 0.629 0.249 0.021 0.038
0 0.558 0.258 0.019 0.036
0 0.505 0.3 0.028 0.055
0 0.544 0.322 0.025 0.043
0 0.622 0.321 0.029 0.051
0 0.674 0.215 0.021 0.04
0 0.701 0.185 0.021 0.04
0 0.729 0.164 0.015 0.028
0 0.731 0.122 0.016 0.03
0 0.746 0.133 0.014 0.031
0 0.772 0.13 0.012 0.025
0 0.79 0.142 0.014 0.03
0 0.73 0.198 0.021 0.04
0 0.707 0.24 0.021 0.038
0 0.688 0.346 0.03 0.058
0 0.72 0.271 0.021 0.046
0 0.761 0.217 0.02 0.041
0 0.778 0.205 0.018 0.043
0 0.818 0.153 0.016 0.031
0 0.838 0.138 0.016 0.031
0 0.869 0.119 0.011 0.026
0 0.864 0.147 0.014 0.026
0 0.856 0.172 0.019 0.04
0 0.832 0.197 0.021 0.046
0 0.815 0.259 0.022 0.048
0 0.779 0.285 0.025 0.055
0 0.745 0.383 0.03 0.071
0 0.807 0.412 0.031 0.063
0 0.896 0.352 0.029 0.053
0 0.848 0.305 0.025 0.055
0 0.869 0.249 0.02 0.038
0 0.88 0.207 0.018 0.035
0 0.925 0.268 0.019 0.04
0 0.924 0.217 0.014 0.046
0 0.898 0.174 0.018 0.031
0 0.932 0.16 0.013 0.026
