0 0.23 0.372 0.045 0.088
0 0.256 0.288 0.02 0.035
0 0.284 0.269 0.015 0.038
0 0.301 0.259 0.019 0.036
0 0.309 0.228 0.015 0.028
0 0.331 0.226 0.019 0.032
0 0.313 0.299 0.027 0.041
0 0.346 0.274 0.02 0.048
0 0.373 0.226 0.017 0.032
0 0.373 0.206 0.018 0.033
0 0.404 0.235 0.018 0.041
0 0.425 0.273 0.021 0.048
0 0.428 0.235 0.021 0.035
0 0.428 0.202 0.016 0.04
0 0.41 0.173 0.012 0.032
0 0.441 0.198 0.016 0.035
0 0.46 0.234 0.02 0.043
0 0.47 0.198 0.016 0.035
0 0.456 0.146 0.013 0.03
0 0.469 0.153 0.014 0.032
0 0.476 0.165 0.017 0.032
0 0.504 0.192 0.02 0.033
0 0.484 0.132 0.011 0.022
0 0.522 0.137 0.017 0.028
0 0.535 0.16 0.017 0.035
0 0.519 0.163 0.015 0.028
0 0.535 0.203 0.02 0.038
0 0.56 0.167 0.018 0.033
0 0.556 0.117 0.012 0.022
0 0.548 0.136 0.012 0.023
0 0.597 0.138 0.013 0.032
0 0.587 0.149 0.016 0.033
0 0.586 0.102 0.012 0.025
0 0.592 0.124 0.012 0.022
0 0.604 0.129 0.01 0.025
0 0.622 0.124 0.012 0.025
0 0.625 0.104 0.014 0.023
0 0.64 0.116 0.01 0.027
0 0.653 0.12 0.015 0.028
0 0.649 0.1 0.012 0.025
0 0.682 0.107 0.013 0.032
0 0.56 0.245 0.023 0.043
0 0.536 0.313 0.029 0.058
0 0.483 0.3 0.028 0.063
0 0.604 0.264 0.025 0.043
0 0.599 0.228 0.02 0.035
0 0.64 0.177 0.02 0.043
0 0.654 0.212 0.02 0.046
0 0.66 0.264 0.028 0.053
0 0.676 0.349 0.038 0.071
0 0.583 0.375 0.035 0.056
0 0.692 0.226 0.025 0.046
0 0.676 0.153 0.019 0.04
0 0.704 0.181 0.019 0.043
0 0.723 0.173 0.018 0.035
0 0.708 0.143 0.02 0.041
0 0.729 0.142 0.016 0.032
0 0.731 0.127 0.016 0.025
0 0.753 0.111 0.017 0.033
0 0.767 0.124 0.013 0.03
0 0.775 0.127 0.011 0.028
0 0.77 0.163 0.017 0.035
0 0.745 0.22 0.02 0.048
0 0.734 0.195 0.018 0.038
0 0.71 0.294 0.031 0.056
0 0.777 0.294 0.029 0.06
0 0.816 0.253 0.02 0.051
0 0.8 0.184 0.019 0.04
0 0.796 0.145 0.013 0.025
0 0.816 0.141 0.016 0.027
0 0.814 0.163 0.011 0.025
0 0.842 0.198 0.017 0.041
0 0.863 0.215 0.02 0.045
0 0.858 0.16 0.017 0.035
0 0.861 0.129 0.013 0.027
0 0.886 0.13 0.018 0.038
0 0.881 0.182 0.013 0.035
0 0.89 0.21 0.018 0.041
0 0.891 0.165 0.015 0.032
0 0.922 0.207 0.016 0.04
0 0.92 0.175 0.013 0.022
0 0.921 0.156 0.012 0.023
