0 0.257 0.352 0.045 0.084
0 0.278 0.209 0.016 0.034
0 0.324 0.183 0.016 0.035
0 0.359 0.185 0.017 0.035
0 0.394 0.148 0.011 0.029
0 0.301 0.22 0.013 0.032
0 0.311 0.24 0.012 0.029
0 0.307 0.261 0.021 0.032
0 0.355 0.239 0.02 0.04
0 0.396 0.231 0.018 0.037
0 0.412 0.248 0.016 0.04
0 0.382 0.182 0.027 0.03
0 0.397 0.201 0.026 0.037
0 0.418 0.194 0.017 0.034
0 0.458 0.202 0.013 0.03
0 0.448 0.183 0.015 0.032
0 0.422 0.15 0.013 0.027
0 0.441 0.148 0.016 0.029
0 0.466 0.145 0.015 0.034
0 0.476 0.125 0.009 0.027
0 0.493 0.109 0.011 0.022
0 0.474 0.184 0.013 0.034
0 0.493 0.14 0.014 0.034
0 0.514 0.114 0.01 0.022
0 0.542 0.118 0.012 0.027
0 0.53 0.155 0.017 0.03
0 0.509 0.18 0.016 0.03
0 0.57 0.101 0.01 0.027
0 0.563 0.144 0.016 0.025
0 0.555 0.18 0.024 0.04
0 0.557 0.23 0.02 0.035
0 0.588 0.156 0.016 0.032
0 0.601 0.108 0.018 0.03
0 0.626 0.122 0.023 0.032
0 0.628 0.099 0.013 0.019
0 0.64 0.097 0.01 0.022
0 0.647 0.1 0.012 0.019
0 0.65 0.13 0.017 0.027
0 0.62 0.15 0.016 0.03
0 0.617 0.245 0.024 0.049
0 0.617 0.21 0.021 0.035
0 0.651 0.229 0.022 0.04
0 0.661 0.18 0.012 0.035
0 0.679 0.099 0.011 0.027
0 0.672 0.117 0.014 0.025
0 0.708 0.104 0.011 0.029
0 0.704 0.135 0.017 0.024
0 0.697 0.16 0.014 0.037
0 0.713 0.172 0.019 0.03
0 0.682 0.253 0.019 0.054
0 0.658 0.338 0.028 0.076
0 0.736 0.371 0.033 0.067
0 0.715 0.233 0.019 0.044
0 0.742 0.176 0.014 0.042
0 0.734 0.165 0.02 0.044
0 0.728 0.139 0.013 0.032
0 0.757 0.125 0.015 0.027
0 0.764 0.128 0.015 0.027
0 0.778 0.13 0.013 0.027
0 0.8 0.123 0.014 0.027
0 0.786 0.159 0.016 0.027
0 0.794 0.2 0.017 0.039
0 0.759 0.241 0.022 0.044
0 0.794 0.281 0.023 0.052
0 0.816 0.25 0.017 0.049
0 0.809 0.189 0.013 0.034
0 0.817 0.125 0.013 0.027
0 0.844 0.143 0.013 0.027
0 0.832 0.144 0.01 0.025
0 0.853 0.197 0.021 0.04
0 0.832 0.223 0.017 0.042
0 0.861 0.176 0.022 0.039
0 0.868 0.153 0.01 0.027
0 0.904 0.146 0.011 0.025
0 0.906 0.174 0.014 0.03
0 0.899 0.196 0.016 0.042
0 0.885 0.223 0.018 0.037
0 0.934 0.153 0.013 0.029
0 0.927 0.202 0.016 0.039
0 0.943 0.187 0.014 0.034
0 0.951 0.226 0.014 0.044
0 0.919 0.248 0.021 0.051
0 0.916 0.315 0.031 0.052
0 0.82 0.17 0.015 0.037
0 0.606 0.102 0.007 0.019
