0 0.142 0.266 0.019 0.037
0 0.143 0.41 0.056 0.093
0 0.323 0.234 0.019 0.032
0 0.379 0.201 0.022 0.036
0 0.392 0.248 0.02 0.036
0 0.42 0.249 0.019 0.041
0 0.448 0.27 0.019 0.037
0 0.472 0.202 0.015 0.03
0 0.467 0.19 0.014 0.023
0 0.519 0.225 0.021 0.041
0 0.552 0.23 0.021 0.039
0 0.574 0.163 0.016 0.03
0 0.602 0.271 0.022 0.043
0 0.632 0.286 0.025 0.055
0 0.701 0.197 0.015 0.03
0 0.71 0.223 0.019 0.036
0 0.734 0.209 0.02 0.036
0 0.751 0.242 0.02 0.037
0 0.778 0.216 0.019 0.036
0 0.789 0.25 0.019 0.041
0 0.828 0.298 0.022 0.05
0 0.863 0.311 0.025 0.059
0 0.921 0.303 0.02 0.043
0 0.944 0.235 0.015 0.046
