0 0.052 0.37 0.019 0.049
0 0.25 0.257 0.013 0.029
0 0.275 0.269 0.01 0.022
0 0.266 0.266 0.009 0.025
0 0.292 0.266 0.017 0.035
0 0.319 0.262 0.017 0.046
0 0.338 0.268 0.018 0.04
0 0.324 0.22 0.016 0.032
0 0.351 0.228 0.015 0.035
0 0.357 0.205 0.014 0.029
0 0.368 0.197 0.015 0.03
0 0.388 0.189 0.013 0.03
0 0.405 0.197 0.016 0.037
0 0.385 0.23 0.019 0.035
0 0.373 0.27 0.02 0.044
0 0.394 0.284 0.021 0.046
0 0.437 0.233 0.021 0.044
0 0.476 0.232 0.022 0.046
0 0.453 0.195 0.017 0.035
0 0.449 0.163 0.02 0.029
0 0.467 0.139 0.014 0.032
0 0.486 0.134 0.012 0.025
0 0.499 0.167 0.016 0.037
0 0.489 0.191 0.018 0.037
0 0.529 0.207 0.02 0.044
0 0.535 0.165 0.017 0.037
0 0.55 0.159 0.014 0.032
0 0.566 0.177 0.016 0.037
0 0.576 0.218 0.022 0.056
0 0.573 0.119 0.013 0.029
0 0.585 0.14 0.012 0.03
0 0.594 0.123 0.009 0.03
0 0.615 0.142 0.011 0.03
0 0.642 0.133 0.012 0.027
0 0.641 0.116 0.01 0.019
0 0.619 0.116 0.011 0.024
0 0.682 0.118 0.013 0.03
0 0.57 0.287 0.03 0.064
0 0.485 0.309 0.031 0.064
0 0.627 0.325 0.029 0.066
0 0.627 0.239 0.025 0.061
0 0.638 0.207 0.019 0.039
0 0.659 0.207 0.023 0.044
0 0.692 0.191 0.02 0.054
0 0.687 0.152 0.016 0.034
0 0.715 0.153 0.016 0.042
0 0.723 0.169 0.015 0.037
0 0.734 0.185 0.019 0.046
0 0.718 0.219 0.023 0.051
0 0.727 0.297 0.03 0.057
0 0.775 0.298 0.027 0.052
0 0.763 0.223 0.024 0.049
0 0.781 0.204 0.024 0.04
0 0.767 0.172 0.021 0.034
0 0.751 0.139 0.016 0.035
0 0.737 0.128 0.011 0.027
0 0.769 0.135 0.018 0.037
0 0.791 0.145 0.017 0.034
0 0.811 0.139 0.014 0.029
0 0.821 0.164 0.019 0.04
0 0.842 0.145 0.016 0.037
0 0.858 0.164 0.013 0.035
0 0.849 0.195 0.019 0.042
0 0.833 0.216 0.022 0.04
0 0.848 0.309 0.032 0.062
0 0.86 0.269 0.022 0.049
0 0.887 0.186 0.015 0.035
0 0.896 0.156 0.013 0.029
0 0.9 0.183 0.014 0.032
0 0.928 0.242 0.019 0.049
0 0.945 0.264 0.025 0.056
