0 0.223 0.351 0.051 0.109
0 0.341 0.257 0.025 0.044
0 0.371 0.165 0.019 0.038
0 0.383 0.189 0.02 0.038
0 0.39 0.221 0.022 0.041
0 0.414 0.243 0.022 0.052
0 0.395 0.145 0.019 0.04
0 0.423 0.182 0.014 0.034
0 0.415 0.164 0.016 0.027
0 0.414 0.141 0.016 0.031
0 0.444 0.152 0.016 0.035
0 0.459 0.185 0.019 0.031
0 0.467 0.222 0.024 0.043
0 0.453 0.136 0.014 0.028
0 0.469 0.158 0.018 0.038
0 0.463 0.125 0.014 0.028
0 0.478 0.123 0.015 0.031
0 0.491 0.095 0.011 0.025
0 0.498 0.171 0.023 0.05
0 0.53 0.174 0.018 0.038
0 0.533 0.133 0.016 0.031
0 0.525 0.12 0.014 0.028
0 0.537 0.113 0.012 0.028
0 0.549 0.154 0.018 0.037
0 0.582 0.144 0.015 0.034
0 0.574 0.119 0.015 0.032
0 0.587 0.122 0.016 0.028
0 0.573 0.091 0.015 0.027
0 0.6 0.104 0.015 0.034
0 0.612 0.077 0.011 0.028
0 0.621 0.118 0.02 0.035
0 0.654 0.086 0.014 0.028
0 0.659 0.114 0.014 0.029
0 0.688 0.096 0.015 0.029
0 0.7 0.086 0.015 0.029
0 0.557 0.242 0.024 0.056
0 0.612 0.223 0.026 0.059
0 0.63 0.211 0.025 0.047
0 0.677 0.178 0.022 0.049
0 0.635 0.279 0.03 0.06
0 0.693 0.33 0.029 0.066
0 0.717 0.277 0.033 0.066
0 0.76 0.217 0.029 0.062
0 0.696 0.15 0.019 0.038
0 0.717 0.159 0.017 0.034
0 0.72 0.131 0.016 0.032
0 0.731 0.159 0.019 0.035
0 0.758 0.175 0.02 0.037
0 0.759 0.144 0.017 0.037
0 0.748 0.119 0.015 0.029
0 0.775 0.107 0.016 0.037
0 0.79 0.135 0.013 0.037
0 0.78 0.167 0.016 0.041
0 0.798 0.195 0.018 0.043
0 0.831 0.157 0.016 0.037
0 0.843 0.136 0.014 0.035
0 0.845 0.199 0.016 0.038
0 0.867 0.166 0.016 0.04
0 0.883 0.155 0.016 0.038
0 0.848 0.257 0.025 0.053
0 0.868 0.3 0.029 0.063
0 0.879 0.253 0.023 0.055
0 0.898 0.212 0.021 0.041
0 0.905 0.184 0.019 0.038
0 0.941 0.181 0.016 0.035
0 0.938 0.217 0.018 0.047
0 0.938 0.291 0.026 0.065
0 0.945 0.144 0.011 0.028
0 0.947 0.167 0.011 0.022
