0 0.068 0.608 0.056 0.123
0 0.2 0.305 0.019 0.054
0 0.23 0.293 0.026 0.058
0 0.273 0.253 0.019 0.042
0 0.31 0.251 0.018 0.042
0 0.327 0.243 0.018 0.058
0 0.31 0.221 0.018 0.047
0 0.353 0.22 0.018 0.046
0 0.373 0.272 0.018 0.047
0 0.393 0.247 0.018 0.047
0 0.365 0.209 0.018 0.046
0 0.393 0.197 0.017 0.042
0 0.438 0.331 0.026 0.062
0 0.432 0.203 0.018 0.04
0 0.437 0.169 0.014 0.042
0 0.456 0.172 0.014 0.032
0 0.496 0.164 0.023 0.044
0 0.496 0.215 0.017 0.044
0 0.473 0.257 0.021 0.056
0 0.523 0.178 0.018 0.049
0 0.555 0.228 0.02 0.039
0 0.558 0.17 0.014 0.04
0 0.554 0.137 0.014 0.032
0 0.579 0.141 0.017 0.037
0 0.581 0.203 0.018 0.047
0 0.582 0.175 0.014 0.033
0 0.6 0.128 0.015 0.042
0 0.608 0.162 0.013 0.035
0 0.615 0.185 0.017 0.046
0 0.624 0.211 0.015 0.049
0 0.631 0.136 0.017 0.04
0 0.658 0.154 0.015 0.044
0 0.666 0.14 0.014 0.04
0 0.665 0.19 0.011 0.042
0 0.675 0.245 0.019 0.054
0 0.696 0.217 0.017 0.044
0 0.69 0.172 0.016 0.035
0 0.69 0.142 0.017 0.042
0 0.712 0.164 0.016 0.037
0 0.617 0.303 0.025 0.058
0 0.578 0.355 0.029 0.07
0 0.612 0.393 0.033 0.069
0 0.659 0.427 0.03 0.077
0 0.732 0.421 0.033 0.09
0 0.73 0.274 0.02 0.056
0 0.748 0.308 0.021 0.054
0 0.744 0.244 0.018 0.049
0 0.75 0.206 0.017 0.039
0 0.774 0.194 0.018 0.047
0 0.796 0.226 0.02 0.051
0 0.811 0.199 0.018 0.051
0 0.821 0.213 0.015 0.042
0 0.823 0.244 0.017 0.046
0 0.791 0.282 0.021 0.062
0 0.815 0.311 0.025 0.063
0 0.8 0.482 0.034 0.095
0 0.87 0.517 0.031 0.105
0 0.889 0.423 0.023 0.072
0 0.864 0.381 0.022 0.063
0 0.871 0.327 0.018 0.046
0 0.888 0.306 0.018 0.053
0 0.871 0.243 0.014 0.04
0 0.88 0.232 0.015 0.035
0 0.902 0.239 0.019 0.046
0 0.903 0.277 0.013 0.047
0 0.924 0.359 0.022 0.07
0 0.933 0.284 0.014 0.051
0 0.954 0.259 0.014 0.04
0 0.984 0.27 0.012 0.047
0 0.974 0.333 0.016 0.051
0 0.974 0.386 0.021 0.058
0 0.951 0.395 0.022 0.072
0 0.954 0.496 0.024 0.091
