0 0.069 0.418 0.041 0.081
0 0.26 0.281 0.021 0.045
0 0.283 0.269 0.021 0.039
0 0.299 0.259 0.022 0.039
0 0.32 0.22 0.021 0.037
0 0.344 0.214 0.017 0.039
0 0.339 0.281 0.019 0.035
0 0.348 0.252 0.016 0.034
0 0.371 0.228 0.024 0.04
0 0.383 0.201 0.02 0.037
0 0.418 0.22 0.019 0.037
0 0.443 0.223 0.022 0.044
0 0.435 0.269 0.025 0.049
0 0.488 0.295 0.027 0.06
0 0.497 0.227 0.023 0.045
0 0.409 0.169 0.013 0.035
0 0.426 0.18 0.016 0.039
0 0.465 0.2 0.023 0.037
0 0.452 0.172 0.016 0.029
0 0.453 0.144 0.019 0.03
0 0.473 0.144 0.015 0.03
0 0.478 0.164 0.017 0.034
0 0.504 0.169 0.017 0.042
0 0.516 0.187 0.019 0.035
0 0.547 0.191 0.021 0.04
0 0.547 0.158 0.018 0.034
0 0.553 0.136 0.019 0.037
0 0.527 0.13 0.019 0.039
0 0.49 0.131 0.016 0.03
0 0.584 0.154 0.021 0.037
0 0.572 0.106 0.012 0.027
0 0.622 0.14 0.017 0.032
0 0.63 0.124 0.013 0.023
0 0.64 0.102 0.015 0.03
0 0.616 0.098 0.012 0.025
0 0.595 0.112 0.013 0.03
0 0.689 0.096 0.018 0.03
0 0.671 0.12 0.018 0.032
0 0.706 0.131 0.018 0.034
0 0.687 0.134 0.014 0.034
0 0.651 0.173 0.021 0.044
0 0.609 0.218 0.021 0.057
0 0.604 0.273 0.031 0.055
0 0.558 0.292 0.029 0.06
0 0.562 0.254 0.032 0.062
0 0.6 0.34 0.03 0.065
0 0.668 0.343 0.034 0.076
0 0.677 0.238 0.026 0.057
0 0.65 0.224 0.029 0.055
0 0.689 0.176 0.02 0.037
0 0.701 0.211 0.028 0.054
0 0.708 0.288 0.025 0.059
0 0.779 0.284 0.034 0.065
0 0.749 0.237 0.022 0.052
0 0.744 0.185 0.019 0.049
0 0.732 0.157 0.023 0.049
0 0.747 0.14 0.018 0.035
0 0.761 0.165 0.019 0.045
0 0.736 0.109 0.018 0.04
0 0.757 0.123 0.013 0.029
0 0.757 0.102 0.018 0.034
0 0.788 0.118 0.015 0.039
0 0.795 0.131 0.014 0.037
0 0.81 0.154 0.017 0.032
0 0.809 0.122 0.012 0.034
0 0.825 0.134 0.015 0.044
0 0.798 0.182 0.021 0.045
0 0.846 0.195 0.019 0.055
0 0.848 0.149 0.016 0.034
0 0.864 0.146 0.017 0.04
0 0.864 0.12 0.014 0.035
0 0.867 0.216 0.022 0.044
0 0.873 0.198 0.021 0.044
0 0.89 0.172 0.015 0.035
0 0.893 0.122 0.017 0.039
0 0.929 0.164 0.019 0.04
0 0.927 0.273 0.029 0.06
