0 0.078 0.268 0.02 0.039
0 0.269 0.226 0.016 0.037
0 0.34 0.246 0.019 0.037
0 0.41 0.234 0.02 0.048
0 0.443 0.25 0.021 0.04
0 0.432 0.213 0.019 0.037
0 0.396 0.195 0.018 0.035
0 0.369 0.196 0.02 0.033
0 0.39 0.168 0.015 0.031
0 0.411 0.162 0.015 0.031
0 0.438 0.169 0.018 0.037
0 0.442 0.14 0.014 0.029
0 0.465 0.144 0.019 0.033
0 0.479 0.155 0.015 0.029
0 0.476 0.177 0.016 0.031
0 0.47 0.209 0.021 0.04
0 0.497 0.209 0.024 0.048
0 0.524 0.184 0.019 0.04
0 0.486 0.137 0.015 0.027
0 0.497 0.131 0.012 0.027
0 0.514 0.135 0.013 0.027
0 0.524 0.123 0.011 0.023
0 0.54 0.14 0.012 0.029
0 0.553 0.179 0.022 0.042
0 0.536 0.163 0.013 0.033
0 0.569 0.139 0.015 0.031
0 0.58 0.121 0.011 0.023
0 0.581 0.073 0.012 0.019
0 0.589 0.161 0.018 0.037
0 0.606 0.114 0.014 0.023
0 0.605 0.133 0.013 0.023
0 0.618 0.134 0.013 0.033
0 0.631 0.119 0.013 0.027
0 0.632 0.144 0.014 0.025
0 0.654 0.103 0.011 0.029
0 0.667 0.116 0.013 0.031
0 0.682 0.111 0.013 0.029
0 0.692 0.118 0.013 0.029
0 0.722 0.074 0.015 0.033
0 0.64 0.199 0.023 0.044
0 0.617 0.243 0.03 0.058
0 0.58 0.242 0.02 0.052
0 0.663 0.201 0.023 0.048
0 0.684 0.259 0.023 0.048
0 0.717 0.233 0.019 0.042
0 0.734 0.266 0.024 0.062
0 0.763 0.269 0.025 0.052
0 0.79 0.285 0.027 0.058
0 0.748 0.202 0.02 0.042
0 0.718 0.196 0.019 0.037
0 0.699 0.161 0.014 0.037
0 0.73 0.143 0.013 0.035
0 0.739 0.182 0.014 0.04
0 0.749 0.136 0.014 0.033
0 0.76 0.091 0.018 0.039
0 0.784 0.145 0.015 0.029
0 0.795 0.161 0.015 0.033
0 0.796 0.127 0.014 0.027
0 0.826 0.136 0.015 0.033
0 0.848 0.145 0.014 0.029
0 0.839 0.17 0.014 0.031
0 0.857 0.178 0.015 0.037
0 0.838 0.227 0.02 0.046
0 0.788 0.214 0.02 0.042
0 0.839 0.303 0.025 0.058
0 0.865 0.284 0.024 0.064
0 0.912 0.346 0.027 0.075
0 0.937 0.275 0.024 0.064
0 0.924 0.25 0.02 0.05
0 0.93 0.192 0.018 0.033
0 0.942 0.204 0.015 0.035
0 0.938 0.17 0.013 0.031
0 0.911 0.153 0.015 0.033
0 0.903 0.178 0.014 0.037
0 0.888 0.227 0.019 0.039
0 0.885 0.148 0.016 0.035
