0 0.096 0.568 0.038 0.072
0 0.19 0.345 0.017 0.032
0 0.222 0.371 0.021 0.036
0 0.262 0.373 0.016 0.036
0 0.288 0.405 0.022 0.042
0 0.251 0.317 0.015 0.029
0 0.319 0.35 0.018 0.036
0 0.326 0.305 0.016 0.033
0 0.356 0.348 0.014 0.032
0 0.383 0.342 0.017 0.038
0 0.366 0.272 0.016 0.033
0 0.383 0.311 0.016 0.026
0 0.379 0.283 0.011 0.024
0 0.451 0.328 0.019 0.039
0 0.416 0.319 0.021 0.033
0 0.425 0.265 0.014 0.029
0 0.408 0.259 0.013 0.026
0 0.443 0.28 0.017 0.03
0 0.444 0.25 0.014 0.026
0 0.452 0.236 0.012 0.021
0 0.491 0.274 0.013 0.033
0 0.508 0.278 0.014 0.033
0 0.489 0.332 0.015 0.033
0 0.43 0.357 0.023 0.035
0 0.454 0.42 0.029 0.066
0 0.504 0.249 0.014 0.026
0 0.546 0.283 0.016 0.036
0 0.54 0.247 0.014 0.029
0 0.565 0.254 0.014 0.033
0 0.559 0.219 0.011 0.026
0 0.57 0.214 0.011 0.024
0 0.595 0.251 0.013 0.03
0 0.642 0.25 0.013 0.027
0 0.638 0.222 0.013 0.023
0 0.613 0.202 0.011 0.024
0 0.668 0.211 0.011 0.026
0 0.678 0.229 0.01 0.026
0 0.684 0.215 0.015 0.03
0 0.671 0.282 0.017 0.032
0 0.71 0.263 0.017 0.03
0 0.593 0.344 0.022 0.042
0 0.53 0.423 0.028 0.045
0 0.523 0.389 0.027 0.042
0 0.582 0.417 0.025 0.039
0 0.574 0.48 0.031 0.06
0 0.636 0.483 0.038 0.068
0 0.666 0.39 0.022 0.044
0 0.642 0.363 0.021 0.041
0 0.631 0.313 0.018 0.027
0 0.688 0.326 0.017 0.036
0 0.718 0.307 0.015 0.039
0 0.752 0.254 0.013 0.03
0 0.765 0.222 0.012 0.032
0 0.703 0.563 0.036 0.071
0 0.726 0.42 0.028 0.047
0 0.693 0.377 0.023 0.041
0 0.827 0.372 0.022 0.047
0 0.787 0.447 0.023 0.059
0 0.839 0.52 0.032 0.063
0 0.867 0.476 0.028 0.059
0 0.939 0.5 0.028 0.065
0 0.877 0.386 0.024 0.048
0 0.891 0.344 0.016 0.038
0 0.922 0.334 0.017 0.039
0 0.949 0.371 0.016 0.044
0 0.958 0.331 0.014 0.036
0 0.972 0.323 0.016 0.032
0 0.965 0.29 0.015 0.03
0 0.917 0.281 0.017 0.03
0 0.9 0.264 0.016 0.032
0 0.865 0.284 0.015 0.027
0 0.876 0.265 0.016 0.032
0 0.86 0.256 0.02 0.032
0 0.837 0.277 0.015 0.036
0 0.82 0.297 0.017 0.029
0 0.868 0.333 0.018 0.038
0 0.841 0.352 0.018 0.042
0 0.783 0.294 0.019 0.035
0 0.774 0.261 0.014 0.026
0 0.792 0.274 0.017 0.036
0 0.792 0.243 0.015 0.035
0 0.825 0.244 0.017 0.029
