0 0.079 0.448 0.046 0.102
0 0.285 0.25 0.023 0.028
0 0.334 0.215 0.022 0.04
0 0.389 0.202 0.019 0.035
0 0.368 0.22 0.023 0.043
0 0.403 0.233 0.021 0.038
0 0.413 0.199 0.018 0.033
0 0.421 0.156 0.016 0.033
0 0.454 0.145 0.016 0.028
0 0.468 0.155 0.014 0.035
0 0.485 0.156 0.014 0.029
0 0.495 0.163 0.014 0.033
0 0.535 0.161 0.019 0.038
0 0.558 0.187 0.021 0.038
0 0.584 0.108 0.014 0.029
0 0.62 0.12 0.014 0.029
0 0.657 0.111 0.014 0.026
0 0.472 0.192 0.02 0.038
0 0.444 0.215 0.019 0.036
0 0.599 0.228 0.025 0.038
0 0.637 0.225 0.028 0.052
0 0.666 0.241 0.026 0.05
0 0.701 0.195 0.022 0.041
0 0.734 0.151 0.017 0.036
0 0.805 0.289 0.025 0.067
0 0.9 0.332 0.028 0.064
0 0.915 0.281 0.026 0.05
0 0.894 0.241 0.019 0.043
0 0.922 0.237 0.02 0.035
0 0.901 0.202 0.015 0.038
0 0.947 0.2 0.014 0.031
0 0.945 0.164 0.012 0.031
