0 0.965 0.137 0.013 0.04
0 0.919 0.19 0.016 0.04
0 0.876 0.192 0.013 0.037
0 0.84 0.187 0.015 0.037
0 0.861 0.232 0.017 0.043
0 0.791 0.196 0.017 0.038
0 0.804 0.131 0.012 0.025
0 0.742 0.114 0.012 0.028
0 0.714 0.139 0.014 0.038
0 0.745 0.15 0.013 0.033
0 0.747 0.177 0.018 0.038
0 0.77 0.308 0.02 0.053
0 0.715 0.279 0.024 0.058
0 0.686 0.103 0.012 0.03
0 0.681 0.158 0.014 0.043
0 0.69 0.182 0.015 0.042
0 0.715 0.176 0.015 0.035
0 0.659 0.203 0.017 0.047
0 0.66 0.254 0.019 0.052
0 0.615 0.203 0.019 0.05
0 0.568 0.113 0.01 0.022
0 0.614 0.116 0.009 0.025
0 0.56 0.132 0.011 0.027
0 0.576 0.15 0.012 0.033
0 0.59 0.128 0.01 0.022
0 0.603 0.138 0.009 0.025
0 0.486 0.125 0.01 0.02
0 0.527 0.139 0.013 0.028
0 0.534 0.132 0.011 0.027
0 0.435 0.164 0.013 0.032
0 0.446 0.195 0.016 0.033
0 0.423 0.216 0.016 0.038
0 0.449 0.225 0.016 0.04
0 0.555 0.242 0.018 0.05
0 0.52 0.215 0.015 0.043
0 0.498 0.171 0.014 0.035
0 0.473 0.204 0.015 0.028
0 0.382 0.201 0.012 0.028
0 0.428 0.286 0.021 0.055
0 0.303 0.257 0.015 0.037
0 0.336 0.278 0.015 0.038
0 0.314 0.284 0.018 0.038
0 0.599 0.098 0.009 0.022
0 0.479 0.325 0.022 0.053
0 0.544 0.302 0.024 0.063
0 0.601 0.257 0.024 0.05
0 0.608 0.302 0.028 0.07
0 0.208 0.468 0.043 0.088
