0 0.014 0.527 0.022 0.08
0 0.231 0.274 0.018 0.053
0 0.253 0.271 0.017 0.046
0 0.271 0.256 0.02 0.043
0 0.323 0.241 0.013 0.038
0 0.352 0.243 0.013 0.038
0 0.387 0.26 0.017 0.058
0 0.443 0.327 0.021 0.046
0 0.366 0.218 0.016 0.039
0 0.379 0.198 0.01 0.031
0 0.411 0.256 0.017 0.032
0 0.422 0.187 0.015 0.043
0 0.444 0.203 0.017 0.041
0 0.489 0.255 0.021 0.044
0 0.512 0.215 0.018 0.041
0 0.487 0.171 0.01 0.044
0 0.503 0.156 0.015 0.041
0 0.528 0.177 0.019 0.043
0 0.545 0.169 0.014 0.041
0 0.561 0.16 0.013 0.039
0 0.565 0.231 0.018 0.051
0 0.587 0.205 0.013 0.027
0 0.608 0.203 0.017 0.034
0 0.622 0.183 0.011 0.038
0 0.592 0.139 0.015 0.036
0 0.611 0.123 0.017 0.038
0 0.64 0.13 0.018 0.041
0 0.664 0.156 0.01 0.032
0 0.668 0.191 0.015 0.022
0 0.669 0.242 0.025 0.043
0 0.581 0.338 0.015 0.041
0 0.607 0.38 0.017 0.063
0 0.665 0.407 0.023 0.055
0 0.725 0.424 0.024 0.065
0 0.803 0.471 0.025 0.08
0 0.865 0.511 0.023 0.082
0 0.88 0.423 0.023 0.06
0 0.953 0.455 0.028 0.072
0 0.951 0.381 0.016 0.051
0 0.932 0.357 0.025 0.041
0 0.871 0.342 0.027 0.058
0 0.821 0.313 0.02 0.051
0 0.774 0.289 0.018 0.044
0 0.801 0.265 0.013 0.044
0 0.829 0.232 0.02 0.038
0 0.751 0.237 0.016 0.046
0 0.726 0.279 0.021 0.058
0 0.702 0.218 0.018 0.053
0 0.697 0.166 0.015 0.041
0 0.725 0.156 0.009 0.043
0 0.702 0.134 0.012 0.022
0 0.769 0.203 0.015 0.039
0 0.787 0.205 0.016 0.038
0 0.806 0.193 0.011 0.051
0 0.821 0.197 0.009 0.05
0 0.878 0.244 0.015 0.038
0 0.911 0.237 0.014 0.019
0 0.908 0.264 0.014 0.032
0 0.896 0.285 0.016 0.034
0 0.936 0.273 0.017 0.036
0 0.952 0.245 0.011 0.036
0 0.993 0.275 0.013 0.034
0 0.974 0.323 0.02 0.038
0 0.986 0.375 0.021 0.05
0 0.614 0.306 0.021 0.051
