0 0.167 0.499 0.034 0.08
0 0.264 0.269 0.016 0.027
0 0.302 0.266 0.019 0.036
0 0.32 0.27 0.02 0.046
0 0.338 0.215 0.013 0.029
0 0.362 0.227 0.018 0.026
0 0.36 0.208 0.015 0.026
0 0.355 0.27 0.021 0.039
0 0.405 0.264 0.019 0.037
0 0.439 0.26 0.021 0.041
0 0.401 0.223 0.016 0.034
0 0.383 0.183 0.012 0.026
0 0.408 0.186 0.014 0.029
0 0.426 0.191 0.014 0.032
0 0.442 0.202 0.014 0.031
0 0.454 0.232 0.016 0.043
0 0.479 0.247 0.017 0.041
0 0.487 0.205 0.018 0.029
0 0.453 0.16 0.014 0.027
0 0.478 0.162 0.016 0.026
0 0.519 0.198 0.015 0.029
0 0.537 0.209 0.018 0.041
0 0.551 0.173 0.014 0.032
0 0.534 0.171 0.015 0.032
0 0.502 0.134 0.011 0.019
0 0.59 0.177 0.014 0.031
0 0.575 0.151 0.013 0.024
0 0.593 0.149 0.018 0.032
0 0.58 0.125 0.012 0.029
0 0.595 0.125 0.012 0.029
0 0.622 0.147 0.015 0.029
0 0.612 0.127 0.011 0.026
0 0.622 0.118 0.013 0.026
0 0.648 0.139 0.014 0.031
0 0.653 0.121 0.012 0.027
0 0.679 0.126 0.012 0.031
0 0.508 0.318 0.029 0.048
0 0.553 0.312 0.025 0.053
0 0.558 0.257 0.021 0.041
0 0.605 0.35 0.029 0.058
0 0.628 0.21 0.019 0.032
0 0.636 0.264 0.025 0.044
0 0.683 0.253 0.026 0.049
0 0.661 0.216 0.019 0.037
0 0.672 0.181 0.014 0.036
0 0.713 0.183 0.014 0.032
0 0.711 0.155 0.015 0.034
0 0.734 0.167 0.014 0.031
0 0.715 0.224 0.017 0.041
0 0.731 0.27 0.024 0.054
0 0.777 0.243 0.02 0.051
0 0.745 0.207 0.016 0.041
0 0.782 0.163 0.013 0.034
0 0.778 0.13 0.012 0.026
0 0.771 0.156 0.012 0.027
0 0.766 0.12 0.012 0.026
0 0.799 0.162 0.012 0.027
0 0.818 0.173 0.02 0.036
0 0.84 0.131 0.013 0.034
0 0.86 0.19 0.014 0.034
0 0.868 0.166 0.012 0.032
0 0.846 0.212 0.015 0.039
0 0.785 0.311 0.028 0.054
0 0.862 0.343 0.026 0.056
0 0.876 0.27 0.024 0.051
0 0.932 0.27 0.022 0.049
0 0.935 0.25 0.021 0.048
0 0.908 0.218 0.015 0.034
0 0.901 0.177 0.013 0.027
0 0.917 0.187 0.014 0.034
0 0.908 0.152 0.012 0.026
