0 0.091 0.249 0.015 0.042
0 0.115 0.245 0.013 0.028
0 0.168 0.258 0.023 0.046
0 0.216 0.228 0.021 0.044
0 0.28 0.207 0.018 0.037
0 0.262 0.388 0.039 0.094
0 0.348 0.238 0.036 0.064
0 0.403 0.105 0.013 0.029
0 0.435 0.096 0.007 0.02
0 0.446 0.172 0.015 0.033
0 0.463 0.175 0.024 0.061
0 0.51 0.091 0.011 0.035
0 0.521 0.072 0.008 0.022
0 0.55 0.071 0.01 0.024
0 0.576 0.084 0.011 0.026
0 0.588 0.072 0.009 0.022
0 0.648 0.069 0.011 0.024
0 0.626 0.204 0.026 0.044
0 0.663 0.161 0.02 0.046
0 0.687 0.15 0.022 0.051
0 0.689 0.081 0.011 0.022
0 0.768 0.143 0.019 0.04
0 0.787 0.125 0.012 0.037
0 0.808 0.096 0.012 0.028
0 0.847 0.151 0.014 0.042
0 0.87 0.15 0.013 0.039
0 0.907 0.183 0.012 0.031
0 0.906 0.213 0.02 0.044
0 0.932 0.17 0.01 0.028
0 0.938 0.184 0.011 0.035
0 0.71 0.093 0.011 0.028
0 0.735 0.073 0.011 0.029
0 0.645 0.078 0.01 0.02
0 0.611 0.104 0.009 0.02
