0 0.199 0.483 0.045 0.092
0 0.305 0.251 0.015 0.039
0 0.34 0.282 0.02 0.046
0 0.356 0.259 0.017 0.038
0 0.391 0.202 0.016 0.03
0 0.433 0.216 0.015 0.034
0 0.455 0.222 0.017 0.033
0 0.438 0.175 0.013 0.031
0 0.456 0.19 0.015 0.03
0 0.485 0.203 0.016 0.031
0 0.461 0.154 0.014 0.02
0 0.489 0.32 0.024 0.043
0 0.569 0.233 0.024 0.043
0 0.565 0.3 0.024 0.056
0 0.621 0.297 0.032 0.066
0 0.621 0.248 0.024 0.046
0 0.633 0.213 0.019 0.043
0 0.675 0.26 0.021 0.044
0 0.683 0.208 0.022 0.044
0 0.734 0.282 0.026 0.046
0 0.794 0.308 0.022 0.054
0 0.703 0.161 0.015 0.033
0 0.718 0.186 0.015 0.033
0 0.728 0.141 0.015 0.03
0 0.709 0.099 0.012 0.028
0 0.748 0.114 0.015 0.031
0 0.766 0.118 0.012 0.023
0 0.768 0.149 0.014 0.03
0 0.761 0.19 0.017 0.038
0 0.819 0.177 0.015 0.038
0 0.841 0.122 0.013 0.039
0 0.871 0.183 0.016 0.038
0 0.892 0.231 0.017 0.044
0 0.911 0.194 0.013 0.03
0 0.946 0.186 0.016 0.044
0 0.947 0.121 0.013 0.031
0 0.44 0.282 0.026 0.053
0 0.622 0.103 0.01 0.025
0 0.631 0.114 0.011 0.021
0 0.591 0.158 0.011 0.025
0 0.51 0.168 0.014 0.031
0 0.55 0.131 0.012 0.03
0 0.545 0.146 0.016 0.033
0 0.57 0.154 0.014 0.023
0 0.574 0.121 0.011 0.025
0 0.831 0.128 0.011 0.03
