0 0.393 0.239 0.015 0.035
0 0.411 0.246 0.017 0.039
0 0.417 0.258 0.021 0.041
0 0.38 0.194 0.018 0.041
0 0.418 0.203 0.015 0.034
0 0.435 0.212 0.018 0.037
0 0.416 0.164 0.018 0.034
0 0.428 0.16 0.015 0.037
0 0.466 0.165 0.014 0.037
0 0.475 0.177 0.016 0.035
0 0.458 0.216 0.021 0.039
0 0.473 0.138 0.013 0.021
0 0.477 0.157 0.013 0.03
0 0.489 0.158 0.014 0.035
0 0.483 0.138 0.011 0.021
0 0.499 0.12 0.011 0.028
0 0.5 0.215 0.019 0.044
0 0.506 0.196 0.017 0.037
0 0.534 0.192 0.016 0.037
0 0.535 0.162 0.014 0.03
0 0.536 0.14 0.015 0.028
0 0.561 0.13 0.013 0.034
0 0.577 0.141 0.014 0.03
0 0.554 0.166 0.018 0.032
0 0.603 0.163 0.014 0.032
0 0.6 0.106 0.013 0.025
0 0.605 0.126 0.013 0.025
0 0.623 0.098 0.009 0.023
0 0.625 0.123 0.014 0.023
0 0.622 0.145 0.015 0.028
0 0.652 0.15 0.016 0.028
0 0.657 0.111 0.015 0.034
0 0.683 0.122 0.013 0.025
0 0.704 0.112 0.013 0.027
0 0.665 0.186 0.017 0.035
0 0.625 0.219 0.021 0.037
0 0.611 0.248 0.027 0.057
0 0.559 0.27 0.026 0.055
0 0.63 0.287 0.028 0.053
0 0.66 0.375 0.035 0.074
0 0.753 0.45 0.065 0.129
0 0.718 0.182 0.015 0.035
0 0.722 0.15 0.016 0.032
0 0.758 0.137 0.012 0.023
0 0.783 0.127 0.013 0.035
0 0.792 0.158 0.011 0.035
0 0.757 0.17 0.014 0.028
0 0.758 0.195 0.016 0.035
0 0.794 0.205 0.017 0.039
0 0.802 0.174 0.014 0.03
0 0.826 0.18 0.013 0.03
0 0.841 0.152 0.013 0.032
0 0.858 0.19 0.015 0.027
0 0.874 0.168 0.013 0.028
0 0.896 0.195 0.013 0.032
0 0.903 0.217 0.015 0.034
0 0.935 0.165 0.012 0.041
0 0.941 0.198 0.016 0.046
0 0.931 0.248 0.015 0.035
0 0.888 0.235 0.02 0.041
0 0.839 0.219 0.017 0.037
0 0.823 0.261 0.022 0.051
0 0.846 0.304 0.025 0.055
0 0.876 0.268 0.021 0.051
0 0.925 0.318 0.025 0.055
0 0.754 0.243 0.02 0.055
0 0.746 0.263 0.027 0.055
