0 0.204 0.44 0.045 0.098
0 0.239 0.363 0.037 0.093
0 0.276 0.204 0.02 0.038
0 0.334 0.288 0.019 0.037
0 0.353 0.259 0.013 0.035
0 0.434 0.285 0.022 0.04
0 0.385 0.193 0.013 0.027
0 0.424 0.225 0.015 0.028
0 0.447 0.23 0.015 0.03
0 0.45 0.192 0.012 0.032
0 0.474 0.205 0.015 0.027
0 0.526 0.212 0.018 0.035
0 0.481 0.166 0.016 0.023
0 0.475 0.181 0.013 0.023
0 0.456 0.156 0.013 0.022
0 0.471 0.155 0.012 0.02
0 0.486 0.136 0.009 0.022
0 0.511 0.165 0.01 0.02
0 0.532 0.143 0.016 0.03
0 0.56 0.154 0.012 0.025
0 0.582 0.164 0.011 0.028
0 0.574 0.114 0.01 0.025
0 0.631 0.072 0.011 0.025
0 0.482 0.328 0.025 0.047
0 0.603 0.255 0.02 0.042
0 0.661 0.25 0.022 0.045
0 0.719 0.288 0.022 0.047
0 0.774 0.309 0.022 0.047
0 0.699 0.183 0.017 0.037
0 0.687 0.161 0.014 0.038
0 0.689 0.101 0.013 0.03
0 0.721 0.073 0.014 0.027
0 0.756 0.112 0.013 0.028
0 0.748 0.133 0.015 0.033
0 0.732 0.167 0.012 0.028
0 0.715 0.156 0.014 0.028
0 0.757 0.173 0.014 0.027
0 0.8 0.187 0.016 0.035
0 0.814 0.133 0.01 0.03
0 0.852 0.2 0.016 0.038
0 0.875 0.233 0.015 0.043
