0 0.133 0.51 0.049 0.085
0 0.225 0.332 0.021 0.038
0 0.257 0.335 0.022 0.041
0 0.283 0.355 0.022 0.038
0 0.284 0.301 0.02 0.036
0 0.33 0.364 0.023 0.05
0 0.351 0.32 0.019 0.032
0 0.354 0.285 0.02 0.035
0 0.389 0.324 0.02 0.036
0 0.41 0.322 0.024 0.038
0 0.408 0.292 0.019 0.031
0 0.398 0.253 0.018 0.031
0 0.428 0.252 0.016 0.027
0 0.446 0.255 0.014 0.027
0 0.436 0.3 0.02 0.038
0 0.46 0.331 0.022 0.043
0 0.477 0.302 0.02 0.036
0 0.462 0.24 0.016 0.035
0 0.476 0.255 0.014 0.031
0 0.474 0.223 0.014 0.027
0 0.499 0.255 0.014 0.027
0 0.511 0.252 0.012 0.025
0 0.521 0.236 0.014 0.027
0 0.526 0.271 0.017 0.035
0 0.547 0.25 0.017 0.035
0 0.564 0.268 0.018 0.041
0 0.508 0.313 0.021 0.045
0 0.583 0.25 0.014 0.032
0 0.573 0.214 0.013 0.028
0 0.594 0.227 0.014 0.025
0 0.61 0.239 0.015 0.036
0 0.614 0.213 0.011 0.024
0 0.618 0.199 0.012 0.028
0 0.644 0.242 0.015 0.034
0 0.643 0.213 0.015 0.028
0 0.678 0.202 0.015 0.027
0 0.686 0.222 0.011 0.028
0 0.699 0.215 0.017 0.036
0 0.679 0.27 0.02 0.042
0 0.64 0.294 0.021 0.041
0 0.606 0.321 0.023 0.043
0 0.602 0.36 0.028 0.055
0 0.554 0.397 0.031 0.052
0 0.543 0.355 0.026 0.052
0 0.51 0.368 0.041 0.053
0 0.621 0.419 0.032 0.063
0 0.65 0.454 0.038 0.063
0 0.674 0.373 0.031 0.063
0 0.656 0.329 0.025 0.045
0 0.698 0.283 0.018 0.039
0 0.723 0.294 0.02 0.043
0 0.717 0.243 0.015 0.031
0 0.754 0.247 0.015 0.032
0 0.748 0.234 0.014 0.027
0 0.762 0.224 0.014 0.034
0 0.704 0.347 0.027 0.053
0 0.739 0.393 0.029 0.053
0 0.71 0.528 0.043 0.074
0 0.8 0.412 0.032 0.057
0 0.829 0.351 0.023 0.05
0 0.831 0.29 0.018 0.031
0 0.78 0.276 0.016 0.043
0 0.793 0.26 0.017 0.031
0 0.798 0.232 0.016 0.034
0 0.826 0.238 0.015 0.032
0 0.833 0.261 0.018 0.032
0 0.861 0.252 0.014 0.029
0 0.868 0.265 0.014 0.032
0 0.863 0.309 0.019 0.048
0 0.878 0.368 0.022 0.053
0 0.866 0.434 0.031 0.063
0 0.848 0.502 0.039 0.067
0 0.942 0.455 0.033 0.06
0 0.936 0.383 0.027 0.052
0 0.951 0.353 0.024 0.046
0 0.928 0.322 0.019 0.046
0 0.886 0.328 0.02 0.038
0 0.893 0.248 0.017 0.032
0 0.914 0.271 0.02 0.042
0 0.953 0.299 0.018 0.034
0 0.954 0.264 0.014 0.032
0 0.934 0.299 0.015 0.031
