0 0.128 0.561 0.045 0.11
0 0.223 0.267 0.016 0.041
0 0.24 0.272 0.014 0.041
0 0.258 0.259 0.018 0.044
0 0.309 0.24 0.017 0.039
0 0.312 0.211 0.019 0.038
0 0.342 0.23 0.018 0.036
0 0.368 0.2 0.02 0.03
0 0.351 0.207 0.015 0.036
0 0.412 0.188 0.014 0.034
0 0.439 0.169 0.014 0.039
0 0.458 0.168 0.015 0.034
0 0.472 0.166 0.015 0.046
0 0.477 0.173 0.018 0.051
0 0.501 0.153 0.015 0.036
0 0.373 0.265 0.015 0.048
0 0.401 0.248 0.014 0.03
0 0.438 0.198 0.015 0.034
0 0.473 0.25 0.019 0.046
0 0.436 0.313 0.026 0.048
0 0.5 0.212 0.016 0.033
0 0.519 0.172 0.019 0.046
0 0.558 0.141 0.014 0.036
0 0.602 0.133 0.016 0.033
0 0.637 0.131 0.015 0.034
0 0.535 0.174 0.016 0.043
0 0.555 0.221 0.015 0.041
0 0.664 0.139 0.012 0.031
0 0.662 0.186 0.02 0.025
0 0.585 0.172 0.018 0.034
0 0.586 0.148 0.023 0.03
0 0.693 0.143 0.013 0.033
0 0.586 0.207 0.015 0.036
0 0.606 0.207 0.014 0.036
0 0.615 0.184 0.017 0.043
0 0.691 0.167 0.017 0.043
0 0.714 0.158 0.013 0.044
0 0.579 0.334 0.021 0.048
0 0.606 0.305 0.019 0.066
0 0.66 0.248 0.02 0.053
0 0.709 0.219 0.018 0.041
0 0.782 0.169 0.015 0.039
0 0.761 0.2 0.018 0.043
0 0.74 0.232 0.022 0.043
0 0.598 0.379 0.017 0.049
0 0.661 0.4 0.024 0.061
0 0.716 0.281 0.022 0.049
0 0.723 0.397 0.023 0.059
0 0.757 0.303 0.022 0.054
0 0.786 0.218 0.02 0.048
0 0.811 0.195 0.012 0.041
0 0.826 0.22 0.018 0.043
0 0.826 0.236 0.023 0.049
0 0.796 0.266 0.016 0.036
0 0.819 0.312 0.02 0.046
0 0.797 0.443 0.026 0.076
0 0.857 0.479 0.03 0.08
0 0.867 0.341 0.018 0.054
0 0.878 0.425 0.021 0.072
0 0.873 0.236 0.014 0.043
0 0.906 0.227 0.014 0.048
0 0.891 0.284 0.018 0.046
0 0.946 0.245 0.014 0.043
0 0.932 0.272 0.016 0.038
0 0.984 0.255 0.012 0.041
0 0.976 0.309 0.015 0.039
0 0.928 0.349 0.017 0.054
0 0.979 0.363 0.018 0.059
0 0.958 0.429 0.027 0.049
0 0.608 0.156 0.019 0.036
0 0.657 0.154 0.014 0.031
0 0.947 0.372 0.014 0.051
