0 0.348 0.226 0.017 0.034
0 0.347 0.249 0.023 0.028
0 0.411 0.259 0.021 0.038
0 0.43 0.226 0.017 0.034
0 0.45 0.232 0.018 0.038
0 0.498 0.232 0.022 0.043
0 0.511 0.19 0.02 0.036
0 0.53 0.144 0.016 0.026
0 0.559 0.211 0.021 0.051
0 0.598 0.189 0.025 0.046
0 0.638 0.153 0.017 0.033
0 0.607 0.247 0.026 0.054
0 0.679 0.207 0.024 0.049
0 0.741 0.193 0.018 0.028
0 0.651 0.253 0.022 0.043
0 0.696 0.264 0.02 0.039
0 0.744 0.3 0.02 0.054
0 0.781 0.305 0.031 0.069
0 0.854 0.247 0.024 0.051
0 0.86 0.216 0.02 0.038
0 0.877 0.32 0.024 0.059
0 0.911 0.234 0.018 0.034
0 0.934 0.249 0.017 0.051
0 0.939 0.349 0.021 0.057
0 0.953 0.283 0.02 0.051
0 0.953 0.245 0.024 0.039
0 0.783 0.261 0.031 0.039
0 0.886 0.287 0.028 0.059
