0 0.08 0.448 0.02 0.055
0 0.067 0.512 0.021 0.053
0 0.123 0.629 0.023 0.077
0 0.046 0.254 0.014 0.03
0 0.048 0.235 0.012 0.036
0 0.158 0.165 0.013 0.039
0 0.125 0.238 0.016 0.039
0 0.186 0.215 0.012 0.036
0 0.173 0.285 0.015 0.039
0 0.245 0.304 0.017 0.05
0 0.236 0.367 0.02 0.055
0 0.209 0.456 0.02 0.055
0 0.191 0.151 0.01 0.032
0 0.225 0.16 0.01 0.028
0 0.244 0.142 0.01 0.032
0 0.297 0.174 0.014 0.043
0 0.294 0.218 0.017 0.037
0 0.309 0.248 0.017 0.041
0 0.328 0.246 0.012 0.034
0 0.357 0.106 0.01 0.03
0 0.379 0.192 0.013 0.036
0 0.399 0.11 0.013 0.028
0 0.42 0.108 0.011 0.027
0 0.419 0.198 0.016 0.028
0 0.456 0.137 0.015 0.021
0 0.465 0.136 0.009 0.03
0 0.506 0.125 0.011 0.021
0 0.536 0.093 0.01 0.027
0 0.474 0.235 0.019 0.043
0 0.478 0.304 0.02 0.046
0 0.499 0.197 0.012 0.037
0 0.556 0.329 0.02 0.046
0 0.547 0.186 0.011 0.037
0 0.575 0.111 0.009 0.027
0 0.572 0.16 0.01 0.032
0 0.591 0.15 0.011 0.027
0 0.615 0.133 0.013 0.023
0 0.572 0.218 0.012 0.037
0 0.615 0.237 0.014 0.036
0 0.643 0.166 0.011 0.03
0 0.558 0.505 0.025 0.06
0 0.676 0.35 0.021 0.055
0 0.688 0.232 0.015 0.034
0 0.719 0.238 0.01 0.03
0 0.711 0.197 0.012 0.03
0 0.768 0.23 0.016 0.03
0 0.808 0.254 0.015 0.034
0 0.779 0.39 0.018 0.05
0 0.837 0.285 0.014 0.036
0 0.918 0.382 0.018 0.044
0 0.702 0.289 0.017 0.041
0 0.464 0.181 0.011 0.023
