0 0.193 0.34 0.042 0.076
0 0.271 0.226 0.017 0.037
0 0.321 0.247 0.02 0.041
0 0.337 0.201 0.017 0.034
0 0.353 0.201 0.015 0.027
0 0.367 0.207 0.015 0.034
0 0.377 0.185 0.013 0.03
0 0.398 0.176 0.018 0.03
0 0.425 0.153 0.015 0.03
0 0.42 0.192 0.015 0.027
0 0.419 0.223 0.019 0.037
0 0.409 0.274 0.019 0.037
0 0.442 0.22 0.018 0.039
0 0.459 0.139 0.011 0.023
0 0.48 0.152 0.014 0.027
0 0.471 0.186 0.018 0.035
0 0.483 0.239 0.02 0.043
0 0.5 0.199 0.017 0.034
0 0.514 0.176 0.014 0.028
0 0.534 0.207 0.02 0.039
0 0.503 0.15 0.012 0.023
0 0.492 0.133 0.009 0.014
0 0.503 0.132 0.008 0.016
0 0.516 0.135 0.011 0.021
0 0.531 0.141 0.013 0.023
0 0.546 0.145 0.012 0.03
0 0.556 0.142 0.01 0.021
0 0.579 0.186 0.017 0.032
0 0.575 0.138 0.012 0.025
0 0.583 0.121 0.012 0.02
0 0.592 0.139 0.015 0.03
0 0.607 0.115 0.012 0.021
0 0.614 0.11 0.011 0.018
0 0.632 0.104 0.012 0.02
0 0.627 0.115 0.01 0.021
0 0.618 0.137 0.012 0.027
0 0.616 0.169 0.015 0.03
0 0.65 0.141 0.013 0.03
0 0.651 0.107 0.011 0.02
0 0.663 0.116 0.012 0.03
0 0.683 0.123 0.012 0.03
0 0.708 0.114 0.011 0.023
0 0.723 0.14 0.012 0.025
0 0.702 0.168 0.011 0.021
0 0.698 0.195 0.016 0.039
0 0.658 0.183 0.014 0.028
0 0.667 0.217 0.02 0.034
0 0.623 0.213 0.016 0.035
0 0.628 0.262 0.019 0.046
0 0.663 0.271 0.019 0.05
0 0.572 0.28 0.022 0.05
0 0.565 0.265 0.018 0.034
0 0.723 0.283 0.022 0.048
0 0.759 0.261 0.017 0.043
0 0.793 0.286 0.021 0.055
0 0.843 0.301 0.021 0.05
0 0.887 0.322 0.023 0.055
0 0.911 0.279 0.018 0.048
0 0.856 0.258 0.021 0.044
0 0.838 0.235 0.013 0.037
0 0.784 0.213 0.016 0.032
0 0.749 0.22 0.017 0.032
0 0.741 0.183 0.013 0.025
0 0.756 0.158 0.015 0.028
0 0.771 0.133 0.013 0.028
0 0.791 0.155 0.013 0.03
0 0.802 0.151 0.009 0.018
0 0.814 0.144 0.013 0.025
0 0.821 0.172 0.011 0.028
0 0.832 0.157 0.014 0.03
0 0.847 0.154 0.011 0.025
0 0.836 0.192 0.014 0.03
0 0.853 0.193 0.012 0.028
0 0.865 0.175 0.014 0.034
0 0.879 0.152 0.011 0.025
0 0.905 0.163 0.01 0.025
0 0.892 0.203 0.013 0.034
0 0.899 0.184 0.011 0.027
0 0.935 0.176 0.011 0.027
0 0.928 0.207 0.011 0.023
0 0.941 0.21 0.012 0.023
0 0.921 0.235 0.012 0.03
0 0.941 0.259 0.017 0.05
