0 0.205 0.367 0.045 0.086
0 0.303 0.248 0.021 0.045
0 0.311 0.213 0.018 0.034
0 0.33 0.241 0.019 0.045
0 0.349 0.256 0.019 0.045
0 0.37 0.248 0.019 0.045
0 0.375 0.211 0.017 0.033
0 0.355 0.193 0.016 0.034
0 0.345 0.18 0.015 0.029
0 0.402 0.276 0.026 0.046
0 0.417 0.209 0.017 0.04
0 0.417 0.188 0.021 0.038
0 0.416 0.149 0.016 0.033
0 0.444 0.181 0.019 0.045
0 0.451 0.222 0.017 0.038
0 0.476 0.226 0.025 0.043
0 0.466 0.145 0.012 0.031
0 0.474 0.152 0.013 0.029
0 0.487 0.181 0.017 0.031
0 0.486 0.133 0.012 0.024
0 0.499 0.129 0.012 0.024
0 0.503 0.16 0.015 0.028
0 0.513 0.145 0.016 0.026
0 0.53 0.133 0.014 0.029
0 0.521 0.178 0.018 0.033
0 0.537 0.164 0.017 0.033
0 0.556 0.182 0.018 0.038
0 0.558 0.163 0.017 0.033
0 0.545 0.145 0.015 0.029
0 0.554 0.124 0.015 0.024
0 0.576 0.124 0.014 0.031
0 0.583 0.12 0.012 0.022
0 0.596 0.134 0.015 0.031
0 0.586 0.175 0.018 0.04
0 0.62 0.149 0.017 0.026
0 0.616 0.114 0.016 0.031
0 0.635 0.12 0.016 0.029
0 0.649 0.108 0.016 0.028
0 0.654 0.14 0.017 0.029
0 0.68 0.104 0.015 0.026
0 0.688 0.121 0.015 0.029
0 0.718 0.108 0.014 0.024
0 0.494 0.287 0.03 0.064
0 0.55 0.33 0.033 0.059
0 0.587 0.246 0.021 0.052
0 0.635 0.245 0.02 0.046
0 0.6 0.344 0.031 0.062
0 0.68 0.259 0.025 0.057
0 0.687 0.188 0.019 0.041
0 0.702 0.165 0.017 0.034
0 0.718 0.182 0.018 0.041
0 0.725 0.156 0.015 0.033
0 0.753 0.133 0.016 0.031
0 0.744 0.188 0.017 0.045
0 0.761 0.186 0.017 0.031
0 0.738 0.234 0.021 0.041
0 0.737 0.293 0.025 0.05
0 0.691 0.313 0.029 0.059
0 0.748 0.39 0.031 0.074
0 0.821 0.397 0.036 0.071
0 0.785 0.307 0.027 0.064
0 0.77 0.235 0.024 0.046
0 0.8 0.226 0.017 0.04
0 0.82 0.252 0.021 0.053
0 0.799 0.16 0.014 0.031
0 0.794 0.139 0.014 0.028
0 0.87 0.256 0.019 0.046
0 0.889 0.226 0.017 0.043
0 0.916 0.34 0.021 0.057
0 0.923 0.285 0.021 0.046
0 0.926 0.225 0.017 0.041
0 0.879 0.404 0.04 0.081
0 0.833 0.356 0.024 0.048
