0 0.115 0.466 0.05 0.113
0 0.262 0.282 0.019 0.032
0 0.282 0.262 0.019 0.035
0 0.301 0.27 0.022 0.043
0 0.318 0.215 0.013 0.027
0 0.348 0.217 0.016 0.035
0 0.346 0.271 0.018 0.037
0 0.38 0.197 0.018 0.032
0 0.377 0.234 0.022 0.045
0 0.42 0.255 0.025 0.043
0 0.412 0.221 0.015 0.037
0 0.417 0.17 0.013 0.03
0 0.434 0.167 0.015 0.025
0 0.448 0.171 0.013 0.022
0 0.455 0.188 0.022 0.023
0 0.476 0.189 0.017 0.032
0 0.484 0.16 0.019 0.023
0 0.478 0.138 0.013 0.023
0 0.46 0.141 0.012 0.025
0 0.49 0.126 0.012 0.03
0 0.533 0.129 0.018 0.032
0 0.553 0.145 0.014 0.033
0 0.561 0.105 0.012 0.023
0 0.598 0.093 0.013 0.023
0 0.596 0.112 0.012 0.022
0 0.616 0.103 0.011 0.027
0 0.626 0.094 0.01 0.022
0 0.641 0.096 0.013 0.025
0 0.647 0.111 0.014 0.025
0 0.628 0.135 0.014 0.03
0 0.596 0.144 0.015 0.032
0 0.582 0.161 0.017 0.032
0 0.55 0.193 0.02 0.04
0 0.493 0.216 0.022 0.037
0 0.49 0.287 0.019 0.048
0 0.556 0.284 0.027 0.055
0 0.566 0.244 0.02 0.035
0 0.615 0.248 0.022 0.043
0 0.622 0.204 0.018 0.045
0 0.657 0.166 0.02 0.037
0 0.669 0.116 0.016 0.032
0 0.699 0.092 0.015 0.03
0 0.706 0.131 0.013 0.032
0 0.69 0.141 0.014 0.037
0 0.701 0.211 0.023 0.05
0 0.663 0.202 0.021 0.045
0 0.675 0.255 0.019 0.042
0 0.678 0.329 0.026 0.055
0 0.61 0.334 0.022 0.05
0 0.724 0.29 0.028 0.057
0 0.762 0.242 0.022 0.042
0 0.785 0.29 0.025 0.048
0 0.753 0.179 0.016 0.032
0 0.732 0.147 0.019 0.035
0 0.737 0.114 0.013 0.032
0 0.748 0.128 0.014 0.033
0 0.756 0.102 0.012 0.025
0 0.77 0.13 0.014 0.033
0 0.78 0.121 0.015 0.028
0 0.796 0.127 0.015 0.035
0 0.814 0.126 0.013 0.027
0 0.835 0.137 0.017 0.035
0 0.816 0.166 0.017 0.035
0 0.803 0.179 0.017 0.032
0 0.874 0.226 0.017 0.053
0 0.892 0.191 0.017 0.043
0 0.897 0.163 0.014 0.037
0 0.905 0.129 0.011 0.032
0 0.874 0.121 0.014 0.03
0 0.863 0.153 0.017 0.033
0 0.931 0.151 0.015 0.028
0 0.928 0.188 0.015 0.04
0 0.934 0.266 0.019 0.053
