0 0.026 0.425 0.024 0.051
0 0.239 0.333 0.016 0.035
0 0.268 0.345 0.018 0.039
0 0.293 0.303 0.016 0.029
0 0.295 0.359 0.018 0.039
0 0.343 0.364 0.02 0.038
0 0.362 0.289 0.017 0.033
0 0.384 0.345 0.016 0.033
0 0.378 0.324 0.016 0.036
0 0.401 0.254 0.015 0.026
0 0.476 0.237 0.016 0.026
0 0.465 0.24 0.013 0.026
0 0.477 0.26 0.017 0.028
0 0.498 0.266 0.017 0.033
0 0.523 0.248 0.016 0.021
0 0.523 0.271 0.015 0.032
0 0.557 0.222 0.011 0.021
0 0.578 0.225 0.016 0.026
0 0.556 0.243 0.014 0.022
0 0.567 0.256 0.018 0.031
0 0.557 0.275 0.016 0.031
0 0.525 0.305 0.017 0.035
0 0.477 0.3 0.016 0.031
0 0.449 0.304 0.02 0.029
0 0.451 0.338 0.022 0.036
0 0.419 0.339 0.02 0.032
0 0.42 0.298 0.019 0.031
0 0.433 0.258 0.012 0.018
0 0.609 0.218 0.013 0.025
0 0.616 0.202 0.011 0.022
0 0.631 0.217 0.014 0.022
0 0.661 0.215 0.01 0.021
0 0.648 0.248 0.016 0.029
0 0.676 0.227 0.013 0.026
0 0.69 0.225 0.011 0.026
0 0.678 0.268 0.02 0.035
0 0.611 0.247 0.016 0.029
0 0.748 0.223 0.011 0.031
0 0.786 0.227 0.016 0.031
0 0.781 0.25 0.013 0.021
0 0.751 0.264 0.015 0.035
0 0.768 0.279 0.019 0.038
0 0.721 0.284 0.018 0.035
0 0.708 0.262 0.014 0.029
0 0.813 0.243 0.011 0.021
0 0.845 0.255 0.015 0.026
0 0.864 0.261 0.013 0.025
0 0.877 0.252 0.015 0.029
0 0.899 0.282 0.013 0.028
0 0.94 0.28 0.011 0.025
0 0.937 0.306 0.014 0.031
0 0.876 0.314 0.015 0.036
0 0.858 0.288 0.014 0.031
0 0.818 0.298 0.016 0.035
0 0.842 0.304 0.016 0.04
0 0.814 0.337 0.018 0.032
0 0.807 0.361 0.018 0.04
0 0.868 0.347 0.019 0.038
0 0.93 0.35 0.016 0.029
0 0.921 0.389 0.021 0.05
0 0.864 0.401 0.022 0.046
0 0.906 0.451 0.02 0.049
0 0.844 0.451 0.025 0.039
0 0.79 0.401 0.022 0.039
0 0.743 0.391 0.022 0.045
0 0.694 0.339 0.022 0.038
0 0.667 0.366 0.026 0.043
0 0.656 0.332 0.017 0.033
0 0.64 0.307 0.018 0.035
0 0.602 0.322 0.02 0.038
0 0.507 0.385 0.022 0.056
0 0.546 0.366 0.024 0.046
0 0.547 0.396 0.025 0.05
0 0.586 0.41 0.025 0.04
0 0.615 0.421 0.03 0.054
0 0.667 0.451 0.029 0.06
0 0.715 0.493 0.036 0.076
0 0.835 0.505 0.031 0.067
