0 0.265 0.261 0.015 0.032
0 0.275 0.254 0.017 0.037
0 0.293 0.263 0.018 0.032
0 0.362 0.197 0.018 0.037
0 0.384 0.237 0.024 0.048
0 0.391 0.195 0.018 0.037
0 0.436 0.224 0.018 0.041
0 0.465 0.227 0.023 0.046
0 0.447 0.185 0.013 0.032
0 0.418 0.162 0.014 0.027
0 0.42 0.102 0.012 0.025
0 0.486 0.191 0.017 0.039
0 0.477 0.178 0.014 0.032
0 0.465 0.159 0.014 0.03
0 0.508 0.124 0.017 0.037
0 0.541 0.119 0.015 0.032
0 0.557 0.109 0.009 0.021
0 0.56 0.132 0.013 0.025
0 0.57 0.143 0.018 0.03
0 0.567 0.172 0.017 0.041
0 0.521 0.17 0.012 0.025
0 0.519 0.2 0.018 0.039
0 0.538 0.182 0.015 0.03
0 0.495 0.3 0.027 0.055
0 0.53 0.327 0.03 0.05
0 0.6 0.153 0.015 0.037
0 0.608 0.128 0.009 0.023
0 0.58 0.118 0.012 0.025
0 0.594 0.102 0.012 0.03
0 0.613 0.098 0.014 0.027
0 0.638 0.097 0.014 0.03
0 0.635 0.124 0.014 0.032
0 0.639 0.136 0.017 0.03
0 0.67 0.105 0.012 0.023
0 0.698 0.101 0.013 0.032
0 0.664 0.169 0.021 0.046
0 0.653 0.206 0.024 0.05
0 0.625 0.244 0.027 0.043
0 0.613 0.205 0.018 0.048
0 0.557 0.253 0.021 0.039
0 0.603 0.315 0.032 0.053
0 0.693 0.315 0.035 0.071
0 0.702 0.229 0.022 0.055
0 0.689 0.181 0.019 0.05
0 0.676 0.153 0.015 0.037
0 0.727 0.182 0.022 0.053
0 0.722 0.249 0.028 0.05
0 0.764 0.276 0.032 0.076
0 0.747 0.331 0.035 0.066
0 0.762 0.209 0.021 0.043
0 0.78 0.204 0.018 0.037
0 0.773 0.161 0.017 0.043
0 0.757 0.126 0.015 0.032
0 0.815 0.154 0.018 0.034
0 0.822 0.141 0.013 0.03
0 0.832 0.128 0.017 0.037
0 0.844 0.149 0.017 0.037
0 0.851 0.14 0.014 0.032
0 0.86 0.125 0.014 0.025
0 0.882 0.168 0.018 0.039
0 0.888 0.134 0.01 0.025
0 0.922 0.154 0.014 0.03
0 0.869 0.209 0.022 0.048
0 0.819 0.216 0.027 0.048
0 0.803 0.247 0.023 0.059
0 0.831 0.312 0.024 0.062
0 0.787 0.397 0.035 0.08
0 0.898 0.404 0.037 0.076
0 0.908 0.297 0.024 0.055
0 0.907 0.251 0.019 0.039
0 0.917 0.217 0.017 0.037
