0 0.31 0.232 0.016 0.031
0 0.352 0.202 0.014 0.029
0 0.415 0.212 0.015 0.037
0 0.438 0.263 0.018 0.039
0 0.445 0.234 0.017 0.031
0 0.441 0.19 0.02 0.035
0 0.464 0.145 0.011 0.027
0 0.492 0.171 0.014 0.033
0 0.507 0.21 0.02 0.037
0 0.561 0.19 0.015 0.031
0 0.547 0.176 0.013 0.031
0 0.632 0.128 0.012 0.031
0 0.629 0.222 0.017 0.035
0 0.638 0.321 0.024 0.054
0 0.639 0.274 0.023 0.041
0 0.675 0.299 0.024 0.052
0 0.675 0.364 0.034 0.066
0 0.669 0.234 0.02 0.046
0 0.667 0.196 0.015 0.033
0 0.732 0.239 0.022 0.044
0 0.774 0.279 0.023 0.054
0 0.82 0.258 0.018 0.044
0 0.845 0.314 0.022 0.056
0 0.867 0.27 0.023 0.052
0 0.91 0.35 0.024 0.074
0 0.932 0.237 0.014 0.033
0 0.966 0.239 0.018 0.048
