0 0.09 0.314 0.023 0.043
0 0.155 0.385 0.044 0.08
0 0.263 0.265 0.018 0.031
0 0.279 0.265 0.018 0.038
0 0.352 0.251 0.02 0.041
0 0.392 0.267 0.02 0.041
0 0.371 0.196 0.016 0.032
0 0.398 0.227 0.018 0.034
0 0.4 0.193 0.011 0.027
0 0.409 0.203 0.013 0.024
0 0.409 0.179 0.013 0.026
0 0.439 0.228 0.019 0.039
0 0.438 0.205 0.019 0.034
0 0.452 0.156 0.016 0.027
0 0.471 0.168 0.017 0.039
0 0.493 0.197 0.018 0.036
0 0.483 0.184 0.015 0.029
0 0.504 0.158 0.013 0.026
0 0.523 0.168 0.017 0.029
0 0.527 0.197 0.019 0.041
0 0.52 0.135 0.014 0.027
0 0.533 0.14 0.016 0.034
0 0.55 0.168 0.018 0.032
0 0.567 0.139 0.015 0.029
0 0.56 0.112 0.013 0.029
0 0.553 0.079 0.016 0.022
0 0.595 0.074 0.011 0.022
0 0.586 0.168 0.017 0.034
0 0.584 0.142 0.014 0.024
0 0.59 0.123 0.011 0.021
0 0.6 0.111 0.011 0.024
0 0.621 0.105 0.011 0.026
0 0.647 0.105 0.011 0.026
0 0.65 0.133 0.014 0.027
0 0.656 0.121 0.013 0.031
0 0.667 0.11 0.011 0.026
0 0.706 0.106 0.015 0.027
0 0.616 0.153 0.018 0.039
0 0.504 0.301 0.024 0.062
0 0.518 0.328 0.025 0.055
0 0.559 0.265 0.025 0.048
0 0.608 0.218 0.02 0.039
0 0.61 0.271 0.022 0.053
0 0.622 0.296 0.028 0.051
0 0.676 0.315 0.036 0.07
0 0.661 0.22 0.02 0.043
0 0.693 0.188 0.021 0.041
0 0.754 0.336 0.036 0.077
0 0.797 0.411 0.04 0.08
0 0.749 0.232 0.021 0.05
0 0.749 0.185 0.02 0.046
0 0.781 0.198 0.021 0.041
0 0.784 0.162 0.019 0.036
0 0.806 0.135 0.016 0.038
0 0.825 0.148 0.016 0.032
0 0.834 0.14 0.016 0.031
0 0.847 0.139 0.015 0.039
0 0.869 0.136 0.016 0.032
0 0.86 0.16 0.017 0.036
0 0.872 0.197 0.019 0.039
0 0.886 0.191 0.02 0.046
0 0.829 0.207 0.024 0.044
0 0.799 0.291 0.024 0.055
0 0.769 0.281 0.024 0.056
0 0.833 0.32 0.028 0.062
0 0.811 0.268 0.024 0.048
0 0.92 0.427 0.039 0.079
0 0.905 0.321 0.032 0.068
0 0.87 0.273 0.02 0.043
0 0.922 0.28 0.02 0.048
0 0.928 0.244 0.022 0.039
0 0.928 0.2 0.021 0.044
0 0.931 0.162 0.018 0.034
0 0.905 0.15 0.014 0.026
0 0.961 0.123 0.012 0.031
