0 0.921 0.228 0.013 0.034
0 0.889 0.227 0.015 0.047
0 0.872 0.261 0.016 0.05
0 0.922 0.279 0.017 0.052
0 0.914 0.336 0.02 0.069
0 0.835 0.306 0.023 0.064
0 0.89 0.458 0.032 0.081
0 0.817 0.405 0.031 0.076
0 0.793 0.127 0.01 0.029
0 0.796 0.15 0.012 0.038
0 0.811 0.149 0.013 0.033
0 0.804 0.213 0.015 0.043
0 0.797 0.246 0.021 0.05
0 0.78 0.312 0.022 0.055
0 0.752 0.367 0.031 0.072
0 0.768 0.231 0.017 0.041
0 0.73 0.291 0.02 0.057
0 0.699 0.306 0.024 0.057
0 0.689 0.231 0.02 0.052
0 0.722 0.228 0.019 0.05
0 0.76 0.196 0.017 0.04
0 0.744 0.168 0.015 0.036
0 0.75 0.128 0.012 0.036
0 0.727 0.146 0.012 0.033
0 0.703 0.155 0.014 0.034
0 0.721 0.178 0.016 0.038
0 0.714 0.105 0.01 0.024
0 0.695 0.099 0.01 0.026
0 0.662 0.102 0.011 0.024
0 0.681 0.117 0.011 0.028
0 0.673 0.172 0.018 0.043
0 0.629 0.12 0.012 0.026
0 0.639 0.111 0.01 0.026
0 0.614 0.11 0.012 0.028
0 0.632 0.227 0.02 0.05
0 0.619 0.161 0.012 0.033
0 0.591 0.104 0.008 0.019
0 0.599 0.128 0.012 0.026
0 0.577 0.121 0.012 0.024
0 0.512 0.119 0.011 0.024
0 0.528 0.123 0.01 0.026
0 0.548 0.124 0.01 0.024
0 0.565 0.147 0.012 0.028
0 0.585 0.166 0.013 0.036
0 0.488 0.135 0.011 0.022
0 0.511 0.146 0.011 0.029
0 0.524 0.159 0.012 0.033
0 0.541 0.141 0.012 0.024
0 0.55 0.165 0.013 0.036
0 0.56 0.182 0.014 0.04
0 0.493 0.175 0.014 0.04
0 0.499 0.184 0.013 0.038
0 0.463 0.141 0.011 0.026
0 0.421 0.142 0.011 0.026
0 0.449 0.162 0.013 0.034
0 0.415 0.169 0.014 0.034
0 0.391 0.197 0.016 0.038
0 0.418 0.23 0.018 0.043
0 0.42 0.203 0.016 0.04
0 0.445 0.222 0.017 0.047
0 0.478 0.231 0.021 0.045
0 0.494 0.274 0.023 0.055
0 0.344 0.172 0.011 0.026
0 0.369 0.198 0.013 0.038
0 0.342 0.204 0.016 0.029
0 0.305 0.212 0.015 0.034
0 0.305 0.234 0.019 0.038
0 0.332 0.234 0.015 0.036
0 0.369 0.247 0.02 0.047
0 0.537 0.293 0.024 0.059
0 0.576 0.248 0.021 0.055
0 0.6 0.328 0.026 0.067
0 0.208 0.361 0.041 0.084
