0 0.267 0.228 0.021 0.039
0 0.339 0.248 0.022 0.043
0 0.377 0.248 0.023 0.047
0 0.368 0.194 0.02 0.041
0 0.394 0.191 0.017 0.031
0 0.388 0.168 0.018 0.03
0 0.409 0.161 0.014 0.028
0 0.443 0.246 0.023 0.043
0 0.428 0.21 0.02 0.033
0 0.438 0.168 0.015 0.037
0 0.444 0.14 0.013 0.028
0 0.47 0.203 0.017 0.039
0 0.486 0.248 0.035 0.067
0 0.503 0.211 0.02 0.047
0 0.482 0.171 0.017 0.035
0 0.482 0.15 0.015 0.031
0 0.466 0.14 0.015 0.028
0 0.49 0.131 0.011 0.026
0 0.512 0.128 0.011 0.024
0 0.521 0.18 0.019 0.033
0 0.548 0.183 0.022 0.043
0 0.537 0.156 0.014 0.028
0 0.538 0.131 0.014 0.026
0 0.526 0.121 0.011 0.026
0 0.546 0.124 0.015 0.031
0 0.569 0.136 0.014 0.031
0 0.581 0.119 0.012 0.03
0 0.595 0.16 0.014 0.033
0 0.581 0.239 0.022 0.049
0 0.618 0.248 0.029 0.051
0 0.626 0.2 0.019 0.045
0 0.638 0.14 0.013 0.028
0 0.623 0.131 0.013 0.026
0 0.605 0.126 0.018 0.028
0 0.607 0.097 0.013 0.026
0 0.617 0.106 0.01 0.024
0 0.632 0.112 0.013 0.024
0 0.655 0.106 0.012 0.035
0 0.669 0.11 0.014 0.028
0 0.682 0.105 0.012 0.03
0 0.693 0.118 0.013 0.031
0 0.664 0.188 0.02 0.045
0 0.676 0.218 0.02 0.049
0 0.685 0.267 0.031 0.057
0 0.731 0.136 0.017 0.031
0 0.698 0.163 0.015 0.035
0 0.718 0.191 0.021 0.043
0 0.72 0.235 0.02 0.045
0 0.74 0.259 0.025 0.053
0 0.764 0.266 0.024 0.047
0 0.791 0.277 0.026 0.053
0 0.789 0.207 0.019 0.039
0 0.758 0.187 0.015 0.039
0 0.736 0.181 0.017 0.039
0 0.762 0.145 0.015 0.037
0 0.75 0.129 0.015 0.033
0 0.776 0.135 0.015 0.03
0 0.799 0.155 0.017 0.033
0 0.796 0.125 0.015 0.026
0 0.809 0.134 0.013 0.035
0 0.824 0.129 0.014 0.03
0 0.842 0.165 0.014 0.031
0 0.849 0.192 0.015 0.041
0 0.841 0.223 0.019 0.045
0 0.853 0.293 0.03 0.075
0 0.85 0.149 0.015 0.03
0 0.865 0.172 0.017 0.033
0 0.888 0.222 0.02 0.039
0 0.881 0.145 0.018 0.037
0 0.904 0.176 0.018 0.037
0 0.912 0.15 0.014 0.031
0 0.941 0.164 0.014 0.033
0 0.932 0.19 0.014 0.03
0 0.946 0.209 0.013 0.035
0 0.931 0.226 0.018 0.035
0 0.921 0.242 0.019 0.051
0 0.932 0.278 0.02 0.059
0 0.915 0.335 0.026 0.075
