0 0.188 0.431 0.041 0.081
0 0.179 0.224 0.023 0.044
0 0.248 0.225 0.023 0.046
0 0.429 0.148 0.015 0.033
0 0.452 0.174 0.02 0.037
0 0.454 0.147 0.014 0.031
0 0.475 0.16 0.015 0.035
0 0.506 0.183 0.016 0.041
0 0.484 0.192 0.018 0.039
0 0.486 0.143 0.012 0.033
0 0.502 0.13 0.011 0.03
0 0.532 0.126 0.017 0.033
0 0.63 0.219 0.023 0.05
0 0.659 0.187 0.017 0.044
0 0.637 0.119 0.016 0.03
0 0.668 0.117 0.015 0.03
0 0.702 0.179 0.016 0.035
0 0.721 0.19 0.018 0.039
0 0.735 0.149 0.014 0.035
0 0.744 0.173 0.018 0.035
0 0.767 0.177 0.018 0.035
0 0.792 0.168 0.017 0.035
0 0.814 0.145 0.014 0.043
0 0.829 0.186 0.018 0.039
0 0.798 0.212 0.02 0.035
0 0.872 0.292 0.029 0.054
0 0.931 0.232 0.018 0.039
0 0.93 0.196 0.014 0.03
0 0.938 0.173 0.012 0.031
0 0.9 0.168 0.014 0.035
