0 0.842 0.263 0.011 0.03
0 0.908 0.273 0.01 0.027
0 0.866 0.28 0.011 0.032
0 0.82 0.268 0.011 0.031
0 0.829 0.281 0.011 0.031
0 0.828 0.309 0.015 0.037
0 0.859 0.327 0.014 0.039
0 0.906 0.309 0.012 0.031
0 0.903 0.341 0.014 0.038
0 0.901 0.354 0.016 0.039
0 0.845 0.371 0.015 0.037
0 0.859 0.408 0.021 0.051
0 0.834 0.392 0.018 0.045
0 0.884 0.465 0.025 0.062
0 0.813 0.44 0.022 0.051
0 0.807 0.496 0.026 0.062
0 0.753 0.44 0.023 0.054
0 0.785 0.369 0.016 0.047
0 0.792 0.304 0.016 0.035
0 0.787 0.25 0.012 0.028
0 0.796 0.274 0.013 0.028
0 0.751 0.292 0.013 0.037
0 0.724 0.237 0.011 0.025
0 0.719 0.248 0.011 0.03
0 0.76 0.25 0.012 0.032
0 0.715 0.272 0.012 0.032
0 0.705 0.291 0.013 0.037
0 0.806 0.355 0.014 0.039
0 0.687 0.262 0.012 0.032
0 0.668 0.231 0.011 0.027
0 0.645 0.226 0.01 0.028
0 0.658 0.234 0.009 0.028
0 0.662 0.269 0.013 0.032
0 0.616 0.257 0.012 0.028
0 0.664 0.326 0.016 0.039
0 0.675 0.355 0.017 0.049
0 0.617 0.298 0.017 0.041
0 0.632 0.334 0.021 0.039
0 0.594 0.21 0.01 0.025
0 0.619 0.231 0.01 0.025
0 0.585 0.254 0.011 0.025
0 0.536 0.233 0.01 0.024
0 0.556 0.229 0.011 0.027
0 0.563 0.245 0.01 0.025
0 0.561 0.267 0.011 0.034
0 0.584 0.324 0.016 0.039
0 0.595 0.371 0.02 0.048
0 0.542 0.285 0.013 0.037
0 0.492 0.266 0.013 0.032
0 0.514 0.264 0.013 0.032
0 0.498 0.316 0.013 0.037
0 0.461 0.279 0.01 0.025
0 0.449 0.255 0.012 0.028
0 0.433 0.26 0.01 0.023
0 0.424 0.283 0.014 0.032
0 0.4 0.303 0.013 0.028
0 0.401 0.281 0.013 0.028
0 0.426 0.311 0.015 0.035
0 0.462 0.308 0.015 0.035
0 0.433 0.35 0.018 0.047
0 0.489 0.387 0.024 0.061
0 0.352 0.295 0.01 0.031
0 0.351 0.329 0.012 0.031
0 0.385 0.267 0.013 0.03
0 0.383 0.336 0.013 0.037
0 0.401 0.345 0.016 0.038
0 0.281 0.311 0.013 0.032
0 0.286 0.367 0.017 0.042
0 0.308 0.396 0.022 0.044
0 0.227 0.344 0.013 0.034
0 0.238 0.398 0.02 0.031
0 0.696 0.501 0.029 0.073
0 0.712 0.396 0.024 0.056
0 0.648 0.387 0.022 0.063
0 0.653 0.432 0.028 0.063
0 0.603 0.427 0.025 0.063
0 0.532 0.406 0.023 0.063
0 0.175 0.485 0.042 0.099
0 0.738 0.262 0.01 0.024
0 0.752 0.264 0.013 0.031
