0 0.127 0.554 0.036 0.071
0 0.222 0.359 0.015 0.03
0 0.252 0.387 0.02 0.044
0 0.281 0.336 0.017 0.034
0 0.285 0.385 0.017 0.04
0 0.328 0.388 0.023 0.043
0 0.349 0.349 0.015 0.032
0 0.352 0.307 0.016 0.032
0 0.387 0.279 0.014 0.03
0 0.409 0.295 0.013 0.031
0 0.42 0.278 0.011 0.025
0 0.441 0.279 0.013 0.027
0 0.452 0.29 0.018 0.032
0 0.458 0.256 0.014 0.028
0 0.545 0.236 0.012 0.024
0 0.562 0.233 0.014 0.021
0 0.592 0.238 0.01 0.024
0 0.601 0.224 0.015 0.025
0 0.62 0.221 0.014 0.028
0 0.66 0.224 0.013 0.022
0 0.625 0.243 0.015 0.025
0 0.59 0.266 0.012 0.03
0 0.608 0.281 0.015 0.021
0 0.568 0.283 0.016 0.034
0 0.537 0.27 0.016 0.03
0 0.514 0.269 0.014 0.03
0 0.519 0.297 0.017 0.032
0 0.547 0.3 0.015 0.032
0 0.46 0.337 0.019 0.032
0 0.491 0.347 0.02 0.035
0 0.426 0.329 0.02 0.027
0 0.438 0.362 0.024 0.035
0 0.405 0.351 0.02 0.034
0 0.401 0.321 0.019 0.027
0 0.375 0.371 0.021 0.04
0 0.47 0.433 0.025 0.053
0 0.531 0.381 0.021 0.047
0 0.51 0.479 0.029 0.05
0 0.577 0.47 0.028 0.062
0 0.626 0.486 0.029 0.062
0 0.61 0.397 0.021 0.047
0 0.592 0.346 0.019 0.04
0 0.625 0.32 0.016 0.028
0 0.659 0.297 0.015 0.027
0 0.694 0.272 0.017 0.035
0 0.68 0.237 0.015 0.022
0 0.662 0.246 0.015 0.025
0 0.724 0.259 0.015 0.034
0 0.733 0.278 0.015 0.032
0 0.751 0.272 0.015 0.027
0 0.769 0.257 0.015 0.03
0 0.776 0.271 0.013 0.025
0 0.765 0.298 0.015 0.043
0 0.686 0.32 0.021 0.04
0 0.798 0.264 0.016 0.037
0 0.831 0.273 0.014 0.035
0 0.846 0.29 0.02 0.041
0 0.868 0.273 0.015 0.035
0 0.881 0.29 0.015 0.03
0 0.925 0.306 0.015 0.034
0 0.92 0.331 0.017 0.03
0 0.901 0.344 0.019 0.041
0 0.88 0.341 0.015 0.035
0 0.855 0.357 0.015 0.044
0 0.837 0.349 0.02 0.049
0 0.808 0.349 0.019 0.037
0 0.806 0.316 0.02 0.032
0 0.8 0.382 0.023 0.049
0 0.845 0.414 0.031 0.062
0 0.912 0.392 0.021 0.055
0 0.899 0.474 0.032 0.065
0 0.771 0.451 0.027 0.061
0 0.715 0.428 0.032 0.059
0 0.681 0.381 0.02 0.044
0 0.649 0.394 0.028 0.058
0 0.638 0.366 0.022 0.044
0 0.688 0.57 0.033 0.065
0 0.808 0.53 0.027 0.077
0 0.833 0.49 0.027 0.058
