0 0.14 0.563 0.046 0.086
0 0.236 0.341 0.018 0.033
0 0.265 0.347 0.022 0.042
0 0.29 0.373 0.023 0.046
0 0.294 0.308 0.019 0.037
0 0.338 0.372 0.024 0.048
0 0.359 0.327 0.018 0.037
0 0.362 0.295 0.017 0.032
0 0.394 0.339 0.023 0.043
0 0.419 0.336 0.023 0.04
0 0.415 0.299 0.018 0.033
0 0.407 0.264 0.016 0.037
0 0.444 0.308 0.017 0.036
0 0.457 0.337 0.017 0.04
0 0.48 0.309 0.022 0.042
0 0.441 0.276 0.016 0.03
0 0.432 0.262 0.018 0.037
0 0.469 0.252 0.018 0.032
0 0.477 0.238 0.014 0.024
0 0.482 0.267 0.015 0.03
0 0.5 0.264 0.015 0.03
0 0.516 0.262 0.016 0.033
0 0.531 0.277 0.018 0.033
0 0.531 0.246 0.013 0.03
0 0.551 0.251 0.015 0.035
0 0.565 0.288 0.018 0.035
0 0.585 0.262 0.015 0.033
0 0.578 0.223 0.013 0.022
0 0.595 0.241 0.013 0.023
0 0.609 0.251 0.017 0.033
0 0.614 0.222 0.013 0.026
0 0.623 0.205 0.012 0.023
0 0.634 0.218 0.013 0.024
0 0.65 0.226 0.013 0.023
0 0.654 0.25 0.015 0.03
0 0.687 0.233 0.014 0.029
0 0.697 0.226 0.016 0.032
0 0.678 0.209 0.014 0.029
0 0.499 0.387 0.031 0.059
0 0.514 0.326 0.026 0.042
0 0.541 0.36 0.029 0.059
0 0.559 0.409 0.032 0.055
0 0.601 0.38 0.029 0.063
0 0.612 0.333 0.027 0.049
0 0.651 0.305 0.02 0.039
0 0.659 0.344 0.028 0.046
0 0.646 0.47 0.038 0.073
0 0.6 0.455 0.032 0.076
0 0.714 0.553 0.046 0.075
0 0.676 0.385 0.028 0.061
0 0.703 0.371 0.023 0.053
0 0.74 0.41 0.035 0.056
0 0.707 0.303 0.021 0.04
0 0.678 0.278 0.019 0.037
0 0.719 0.254 0.016 0.036
0 0.719 0.3 0.018 0.039
0 0.742 0.259 0.015 0.039
0 0.75 0.241 0.012 0.029
0 0.761 0.233 0.014 0.033
0 0.785 0.276 0.018 0.033
0 0.795 0.242 0.018 0.035
0 0.824 0.248 0.014 0.032
0 0.828 0.274 0.013 0.029
0 0.827 0.309 0.019 0.039
0 0.822 0.36 0.025 0.053
0 0.802 0.431 0.031 0.063
0 0.846 0.514 0.038 0.079
0 0.86 0.455 0.034 0.075
0 0.941 0.476 0.039 0.075
0 0.929 0.399 0.023 0.049
0 0.874 0.379 0.024 0.058
0 0.884 0.344 0.02 0.053
0 0.86 0.315 0.023 0.048
0 0.862 0.274 0.013 0.033
0 0.859 0.256 0.015 0.029
0 0.89 0.259 0.016 0.033
0 0.871 0.276 0.013 0.036
0 0.909 0.277 0.015 0.035
0 0.904 0.322 0.02 0.045
0 0.925 0.306 0.017 0.033
0 0.946 0.358 0.018 0.042
0 0.948 0.31 0.017 0.032
0 0.956 0.277 0.016 0.033
