0 0.135 0.543 0.042 0.086
0 0.794 0.542 0.033 0.082
0 0.695 0.5 0.038 0.08
0 0.625 0.491 0.031 0.074
0 0.568 0.45 0.032 0.069
0 0.498 0.486 0.031 0.056
0 0.472 0.391 0.029 0.057
0 0.324 0.376 0.023 0.047
0 0.285 0.366 0.021 0.047
0 0.257 0.347 0.019 0.047
0 0.215 0.367 0.018 0.037
0 0.292 0.306 0.017 0.039
0 0.349 0.306 0.018 0.033
0 0.347 0.345 0.018 0.042
0 0.404 0.342 0.022 0.042
0 0.402 0.302 0.017 0.034
0 0.384 0.278 0.016 0.032
0 0.401 0.277 0.014 0.032
0 0.429 0.277 0.016 0.033
0 0.422 0.254 0.014 0.036
0 0.429 0.317 0.018 0.037
0 0.455 0.34 0.02 0.042
0 0.453 0.274 0.014 0.03
0 0.483 0.279 0.015 0.033
0 0.519 0.274 0.014 0.036
0 0.522 0.362 0.025 0.046
0 0.585 0.375 0.019 0.059
0 0.446 0.252 0.014 0.029
0 0.545 0.287 0.014 0.034
0 0.511 0.257 0.009 0.024
0 0.511 0.242 0.014 0.029
0 0.527 0.254 0.011 0.033
0 0.462 0.244 0.013 0.026
0 0.544 0.23 0.013 0.024
0 0.56 0.226 0.011 0.023
0 0.556 0.277 0.014 0.032
0 0.564 0.248 0.012 0.032
0 0.584 0.253 0.013 0.033
0 0.589 0.215 0.011 0.029
0 0.613 0.219 0.012 0.026
0 0.586 0.236 0.014 0.023
0 0.626 0.256 0.013 0.03
0 0.637 0.222 0.01 0.026
0 0.644 0.236 0.013 0.034
0 0.588 0.325 0.022 0.049
0 0.618 0.312 0.018 0.034
0 0.634 0.347 0.02 0.043
0 0.628 0.401 0.024 0.049
0 0.681 0.358 0.02 0.043
0 0.728 0.41 0.026 0.056
0 0.76 0.449 0.026 0.064
0 0.667 0.32 0.019 0.039
0 0.655 0.287 0.014 0.037
0 0.664 0.231 0.015 0.03
0 0.693 0.251 0.014 0.034
0 0.691 0.304 0.018 0.04
0 0.722 0.257 0.014 0.036
0 0.729 0.244 0.013 0.033
0 0.749 0.27 0.012 0.03
0 0.763 0.267 0.013 0.036
0 0.765 0.247 0.013 0.03
0 0.739 0.314 0.016 0.04
0 0.795 0.249 0.013 0.029
0 0.824 0.266 0.014 0.03
0 0.838 0.271 0.013 0.036
0 0.852 0.262 0.013 0.034
0 0.877 0.283 0.014 0.033
0 0.912 0.27 0.012 0.036
0 0.797 0.281 0.012 0.029
0 0.801 0.309 0.015 0.037
0 0.827 0.317 0.013 0.036
0 0.872 0.33 0.015 0.04
0 0.914 0.312 0.014 0.032
0 0.898 0.319 0.014 0.042
0 0.909 0.355 0.015 0.05
0 0.898 0.413 0.021 0.062
0 0.853 0.371 0.018 0.049
0 0.809 0.348 0.019 0.049
0 0.795 0.357 0.021 0.047
0 0.836 0.403 0.023 0.044
0 0.904 0.484 0.027 0.07
0 0.825 0.453 0.028 0.059
