0 0.154 0.367 0.031 0.063
0 0.169 0.349 0.038 0.075
0 0.259 0.289 0.021 0.032
0 0.31 0.26 0.021 0.043
0 0.298 0.279 0.019 0.036
0 0.344 0.269 0.021 0.045
0 0.335 0.219 0.018 0.036
0 0.347 0.22 0.018 0.035
0 0.358 0.24 0.016 0.033
0 0.375 0.231 0.017 0.04
0 0.383 0.202 0.017 0.036
0 0.408 0.176 0.015 0.03
0 0.424 0.192 0.017 0.033
0 0.429 0.231 0.02 0.04
0 0.455 0.233 0.021 0.048
0 0.473 0.255 0.031 0.05
0 0.449 0.194 0.015 0.03
0 0.452 0.178 0.014 0.032
0 0.466 0.164 0.015 0.03
0 0.473 0.193 0.016 0.032
0 0.487 0.194 0.018 0.03
0 0.484 0.137 0.012 0.022
0 0.51 0.159 0.015 0.03
0 0.517 0.213 0.019 0.032
0 0.539 0.133 0.014 0.027
0 0.565 0.17 0.021 0.041
0 0.546 0.166 0.015 0.036
0 0.582 0.14 0.014 0.028
0 0.617 0.153 0.016 0.032
0 0.594 0.126 0.012 0.027
0 0.594 0.1 0.016 0.025
0 0.611 0.063 0.015 0.027
0 0.65 0.077 0.015 0.032
0 0.671 0.073 0.013 0.03
0 0.643 0.105 0.014 0.025
0 0.484 0.304 0.028 0.045
0 0.534 0.351 0.029 0.045
0 0.567 0.254 0.02 0.04
0 0.605 0.273 0.021 0.051
0 0.597 0.357 0.029 0.061
0 0.667 0.367 0.029 0.07
0 0.657 0.312 0.024 0.046
0 0.636 0.211 0.024 0.048
0 0.662 0.217 0.02 0.043
0 0.666 0.185 0.017 0.035
0 0.693 0.192 0.017 0.036
0 0.688 0.158 0.016 0.036
0 0.69 0.226 0.021 0.041
0 0.718 0.296 0.022 0.058
0 0.789 0.315 0.028 0.06
0 0.755 0.266 0.023 0.051
0 0.809 0.266 0.022 0.051
0 0.915 0.294 0.024 0.053
0 0.871 0.248 0.018 0.045
0 0.79 0.197 0.02 0.041
0 0.758 0.175 0.016 0.035
0 0.743 0.187 0.018 0.03
0 0.725 0.171 0.015 0.03
0 0.72 0.148 0.012 0.025
0 0.738 0.133 0.014 0.035
0 0.749 0.148 0.017 0.033
0 0.767 0.137 0.014 0.035
0 0.781 0.129 0.012 0.032
0 0.794 0.145 0.013 0.038
0 0.807 0.144 0.011 0.027
0 0.82 0.165 0.012 0.032
0 0.84 0.178 0.012 0.032
0 0.837 0.148 0.016 0.032
0 0.86 0.159 0.014 0.033
0 0.86 0.136 0.013 0.03
0 0.88 0.187 0.018 0.04
0 0.889 0.177 0.016 0.032
0 0.896 0.143 0.011 0.028
0 0.925 0.208 0.017 0.038
0 0.929 0.163 0.013 0.032
