0 0.111 0.52 0.054 0.106
0 0.194 0.279 0.02 0.054
0 0.215 0.266 0.023 0.051
0 0.235 0.247 0.021 0.052
0 0.289 0.234 0.02 0.046
0 0.291 0.206 0.022 0.043
0 0.319 0.229 0.019 0.049
0 0.332 0.211 0.021 0.052
0 0.354 0.25 0.022 0.043
0 0.373 0.233 0.019 0.038
0 0.349 0.196 0.022 0.051
0 0.397 0.19 0.019 0.043
0 0.404 0.171 0.016 0.041
0 0.419 0.188 0.017 0.043
0 0.428 0.302 0.027 0.054
0 0.436 0.166 0.021 0.041
0 0.465 0.167 0.022 0.046
0 0.479 0.149 0.017 0.036
0 0.484 0.202 0.019 0.044
0 0.467 0.231 0.025 0.049
0 0.543 0.212 0.02 0.038
0 0.514 0.157 0.018 0.036
0 0.543 0.158 0.015 0.038
0 0.545 0.136 0.017 0.033
0 0.57 0.136 0.017 0.039
0 0.573 0.164 0.017 0.034
0 0.57 0.195 0.018 0.036
0 0.603 0.196 0.017 0.039
0 0.6 0.173 0.017 0.036
0 0.597 0.15 0.015 0.028
0 0.587 0.124 0.017 0.029
0 0.61 0.133 0.015 0.036
0 0.647 0.178 0.012 0.033
0 0.645 0.15 0.016 0.038
0 0.651 0.13 0.012 0.028
0 0.679 0.162 0.02 0.043
0 0.679 0.22 0.019 0.047
0 0.702 0.153 0.018 0.038
0 0.684 0.14 0.016 0.038
0 0.596 0.295 0.027 0.059
0 0.565 0.336 0.023 0.061
0 0.6 0.369 0.03 0.064
0 0.647 0.4 0.036 0.07
0 0.726 0.393 0.034 0.079
0 0.658 0.23 0.022 0.057
0 0.716 0.263 0.025 0.057
0 0.738 0.223 0.021 0.049
0 0.763 0.275 0.022 0.052
0 0.794 0.243 0.018 0.051
0 0.815 0.305 0.022 0.061
0 0.799 0.454 0.038 0.09
0 0.851 0.487 0.034 0.093
0 0.877 0.41 0.027 0.074
0 0.956 0.45 0.027 0.072
0 0.862 0.335 0.024 0.067
0 0.89 0.281 0.017 0.044
0 0.899 0.257 0.012 0.039
0 0.901 0.231 0.017 0.033
0 0.87 0.232 0.013 0.038
0 0.831 0.209 0.016 0.041
0 0.811 0.236 0.017 0.036
0 0.781 0.214 0.021 0.046
0 0.751 0.193 0.017 0.039
0 0.774 0.174 0.019 0.038
0 0.809 0.186 0.018 0.044
0 0.926 0.32 0.022 0.061
0 0.949 0.372 0.025 0.067
0 0.98 0.36 0.021 0.052
0 0.974 0.328 0.018 0.044
0 0.981 0.299 0.016 0.031
0 0.99 0.258 0.013 0.041
0 0.938 0.263 0.017 0.038
0 0.95 0.242 0.014 0.043
