0 0.179 0.456 0.059 0.112
0 0.221 0.371 0.05 0.102
0 0.264 0.211 0.021 0.046
0 0.33 0.281 0.025 0.05
0 0.345 0.263 0.019 0.042
0 0.424 0.277 0.024 0.042
0 0.413 0.223 0.022 0.042
0 0.407 0.193 0.018 0.03
0 0.438 0.228 0.026 0.044
0 0.45 0.186 0.016 0.044
0 0.451 0.158 0.018 0.032
0 0.466 0.158 0.016 0.036
0 0.469 0.199 0.022 0.038
0 0.48 0.136 0.013 0.028
0 0.504 0.18 0.022 0.044
0 0.534 0.209 0.027 0.054
0 0.525 0.141 0.018 0.034
0 0.554 0.151 0.018 0.034
0 0.558 0.117 0.016 0.034
0 0.589 0.127 0.021 0.042
0 0.656 0.084 0.016 0.036
0 0.696 0.072 0.019 0.032
0 0.689 0.102 0.014 0.032
0 0.68 0.161 0.023 0.05
0 0.616 0.236 0.028 0.048
0 0.651 0.251 0.025 0.05
0 0.478 0.328 0.039 0.08
0 0.711 0.282 0.027 0.056
0 0.768 0.269 0.028 0.058
0 0.722 0.165 0.019 0.042
0 0.707 0.148 0.021 0.036
0 0.737 0.151 0.017 0.042
0 0.747 0.112 0.015 0.036
0 0.749 0.175 0.019 0.038
0 0.79 0.19 0.018 0.04
0 0.804 0.134 0.016 0.028
0 0.851 0.184 0.018 0.036
0 0.863 0.226 0.018 0.048
