0 0.103 0.559 0.042 0.072
0 0.236 0.338 0.019 0.039
0 0.267 0.345 0.021 0.046
0 0.287 0.372 0.018 0.04
0 0.296 0.307 0.017 0.036
0 0.344 0.357 0.028 0.047
0 0.364 0.33 0.019 0.034
0 0.364 0.298 0.016 0.029
0 0.395 0.333 0.02 0.037
0 0.403 0.262 0.018 0.034
0 0.419 0.295 0.019 0.036
0 0.424 0.328 0.021 0.04
0 0.437 0.296 0.014 0.026
0 0.439 0.258 0.019 0.029
0 0.458 0.323 0.023 0.04
0 0.489 0.307 0.021 0.033
0 0.521 0.315 0.02 0.036
0 0.486 0.261 0.017 0.03
0 0.482 0.24 0.015 0.029
0 0.523 0.262 0.016 0.031
0 0.537 0.275 0.017 0.036
0 0.494 0.401 0.03 0.062
0 0.538 0.248 0.014 0.027
0 0.558 0.252 0.015 0.031
0 0.572 0.28 0.016 0.027
0 0.599 0.265 0.019 0.034
0 0.603 0.236 0.014 0.026
0 0.572 0.226 0.015 0.026
0 0.588 0.218 0.014 0.024
0 0.623 0.221 0.014 0.027
0 0.619 0.207 0.015 0.024
0 0.622 0.247 0.011 0.027
0 0.647 0.215 0.015 0.031
0 0.659 0.218 0.014 0.03
0 0.662 0.246 0.015 0.031
0 0.694 0.228 0.013 0.027
0 0.691 0.206 0.013 0.026
0 0.705 0.225 0.013 0.033
0 0.554 0.356 0.027 0.05
0 0.564 0.409 0.042 0.063
0 0.599 0.412 0.025 0.052
0 0.623 0.326 0.025 0.049
0 0.656 0.301 0.023 0.041
0 0.692 0.278 0.019 0.039
0 0.718 0.3 0.019 0.039
0 0.729 0.298 0.019 0.049
0 0.614 0.454 0.033 0.053
0 0.654 0.464 0.034 0.069
0 0.681 0.361 0.025 0.05
0 0.669 0.34 0.019 0.039
0 0.709 0.362 0.023 0.046
0 0.744 0.401 0.03 0.049
0 0.725 0.543 0.035 0.07
0 0.843 0.507 0.032 0.067
0 0.808 0.421 0.029 0.059
0 0.836 0.361 0.024 0.044
0 0.885 0.397 0.019 0.056
0 0.87 0.446 0.029 0.064
0 0.95 0.461 0.031 0.077
0 0.939 0.398 0.02 0.05
0 0.962 0.352 0.02 0.046
0 0.941 0.324 0.018 0.036
0 0.94 0.299 0.015 0.029
0 0.959 0.305 0.017 0.034
0 0.967 0.273 0.014 0.033
0 0.923 0.278 0.015 0.031
0 0.914 0.316 0.02 0.037
0 0.895 0.336 0.022 0.043
0 0.865 0.298 0.019 0.039
0 0.838 0.3 0.018 0.039
0 0.839 0.276 0.014 0.026
0 0.836 0.246 0.016 0.029
0 0.868 0.254 0.014 0.036
0 0.882 0.27 0.016 0.04
0 0.799 0.274 0.018 0.033
0 0.811 0.262 0.015 0.029
0 0.804 0.236 0.017 0.029
0 0.753 0.25 0.016 0.037
0 0.727 0.248 0.014 0.03
0 0.762 0.24 0.014 0.033
0 0.769 0.233 0.015 0.029
