0 0.22 0.425 0.052 0.098
0 0.27 0.258 0.018 0.036
0 0.286 0.252 0.017 0.038
0 0.317 0.253 0.017 0.041
0 0.327 0.276 0.026 0.046
0 0.331 0.215 0.019 0.043
0 0.398 0.25 0.02 0.045
0 0.415 0.263 0.024 0.046
0 0.396 0.189 0.02 0.035
0 0.407 0.17 0.013 0.024
0 0.422 0.175 0.017 0.036
0 0.432 0.156 0.018 0.029
0 0.456 0.211 0.02 0.035
0 0.457 0.183 0.017 0.029
0 0.46 0.157 0.017 0.025
0 0.477 0.217 0.022 0.041
0 0.508 0.178 0.017 0.036
0 0.488 0.132 0.014 0.022
0 0.521 0.119 0.013 0.029
0 0.532 0.13 0.014 0.022
0 0.538 0.161 0.015 0.032
0 0.545 0.188 0.018 0.034
0 0.551 0.14 0.014 0.034
0 0.572 0.16 0.017 0.039
0 0.583 0.149 0.017 0.034
0 0.597 0.1 0.014 0.024
0 0.606 0.09 0.014 0.027
0 0.612 0.124 0.018 0.027
0 0.621 0.142 0.018 0.029
0 0.646 0.114 0.014 0.028
0 0.667 0.123 0.019 0.031
0 0.614 0.203 0.023 0.038
0 0.644 0.175 0.021 0.045
0 0.65 0.224 0.024 0.049
0 0.655 0.255 0.028 0.05
0 0.663 0.302 0.031 0.059
0 0.496 0.295 0.031 0.052
0 0.535 0.31 0.029 0.062
0 0.565 0.244 0.024 0.048
0 0.616 0.249 0.026 0.058
0 0.692 0.188 0.02 0.039
0 0.686 0.16 0.018 0.028
0 0.721 0.149 0.014 0.034
0 0.74 0.143 0.016 0.022
0 0.763 0.127 0.014 0.029
0 0.761 0.172 0.018 0.035
0 0.745 0.18 0.018 0.035
0 0.754 0.222 0.021 0.042
0 0.706 0.222 0.023 0.046
0 0.703 0.277 0.026 0.058
0 0.742 0.358 0.035 0.069
0 0.805 0.291 0.032 0.06
0 0.813 0.251 0.026 0.05
0 0.783 0.209 0.021 0.039
0 0.796 0.153 0.016 0.034
0 0.8 0.133 0.014 0.029
0 0.826 0.149 0.015 0.032
0 0.849 0.142 0.014 0.031
0 0.855 0.304 0.027 0.059
0 0.864 0.253 0.019 0.058
0 0.834 0.219 0.018 0.038
0 0.837 0.181 0.015 0.036
0 0.884 0.231 0.021 0.042
0 0.884 0.189 0.015 0.043
0 0.916 0.265 0.02 0.048
0 0.878 0.143 0.013 0.031
