0 0.208 0.403 0.037 0.086
0 0.253 0.267 0.02 0.04
0 0.288 0.27 0.022 0.041
0 0.271 0.267 0.015 0.026
0 0.313 0.234 0.018 0.036
0 0.339 0.248 0.02 0.036
0 0.348 0.233 0.015 0.036
0 0.345 0.203 0.014 0.03
0 0.365 0.244 0.019 0.043
0 0.381 0.27 0.023 0.045
0 0.4 0.283 0.026 0.051
0 0.367 0.179 0.014 0.031
0 0.38 0.187 0.016 0.038
0 0.399 0.216 0.018 0.036
0 0.423 0.183 0.015 0.04
0 0.437 0.187 0.02 0.041
0 0.459 0.243 0.024 0.056
0 0.477 0.2 0.018 0.035
0 0.469 0.166 0.016 0.025
0 0.456 0.145 0.015 0.023
0 0.481 0.13 0.015 0.026
0 0.513 0.166 0.016 0.031
0 0.499 0.199 0.021 0.038
0 0.523 0.202 0.021 0.041
0 0.55 0.158 0.016 0.041
0 0.577 0.165 0.018 0.033
0 0.562 0.154 0.016 0.031
0 0.566 0.126 0.014 0.035
0 0.603 0.148 0.015 0.028
0 0.606 0.124 0.012 0.023
0 0.607 0.109 0.011 0.02
0 0.584 0.127 0.013 0.03
0 0.634 0.132 0.018 0.03
0 0.642 0.116 0.012 0.021
0 0.673 0.121 0.018 0.031
0 0.57 0.214 0.026 0.045
0 0.5 0.29 0.026 0.056
0 0.557 0.282 0.032 0.063
0 0.611 0.305 0.028 0.059
0 0.6 0.283 0.022 0.045
0 0.619 0.212 0.029 0.048
0 0.655 0.178 0.02 0.036
0 0.66 0.218 0.023 0.043
0 0.66 0.273 0.028 0.061
0 0.691 0.224 0.022 0.051
0 0.697 0.182 0.02 0.043
0 0.701 0.149 0.018 0.031
0 0.711 0.266 0.032 0.063
0 0.745 0.318 0.029 0.058
0 0.749 0.239 0.025 0.059
0 0.836 0.293 0.028 0.064
0 0.717 0.179 0.018 0.038
0 0.743 0.194 0.018 0.035
0 0.739 0.166 0.016 0.028
0 0.758 0.155 0.015 0.036
0 0.747 0.13 0.013 0.031
0 0.774 0.157 0.016 0.033
0 0.79 0.159 0.02 0.038
0 0.767 0.193 0.025 0.046
0 0.818 0.207 0.022 0.038
0 0.833 0.189 0.016 0.031
0 0.835 0.17 0.014 0.026
0 0.825 0.147 0.012 0.026
0 0.891 0.275 0.026 0.054
0 0.837 0.262 0.022 0.041
0 0.877 0.193 0.02 0.036
0 0.875 0.163 0.014 0.023
0 0.886 0.156 0.012 0.035
