0 0.25 0.227 0.02 0.045
0 0.317 0.176 0.023 0.05
0 0.391 0.232 0.024 0.047
0 0.384 0.193 0.019 0.035
0 0.407 0.192 0.017 0.033
0 0.424 0.205 0.016 0.042
0 0.443 0.255 0.024 0.045
0 0.46 0.209 0.02 0.04
0 0.385 0.128 0.018 0.033
0 0.388 0.089 0.022 0.033
0 0.413 0.133 0.017 0.03
0 0.422 0.109 0.016 0.03
0 0.476 0.231 0.021 0.042
0 0.452 0.112 0.021 0.036
0 0.462 0.135 0.022 0.036
0 0.483 0.084 0.016 0.03
0 0.482 0.121 0.015 0.026
0 0.506 0.174 0.019 0.04
0 0.484 0.205 0.019 0.035
0 0.525 0.152 0.017 0.03
0 0.527 0.097 0.013 0.028
0 0.549 0.123 0.015 0.024
0 0.565 0.098 0.017 0.033
0 0.587 0.104 0.017 0.031
0 0.6 0.125 0.016 0.031
0 0.604 0.102 0.012 0.023
0 0.567 0.13 0.013 0.024
0 0.632 0.134 0.015 0.028
0 0.652 0.143 0.013 0.03
0 0.66 0.105 0.015 0.03
0 0.687 0.115 0.019 0.03
0 0.68 0.068 0.011 0.021
0 0.708 0.113 0.014 0.021
0 0.55 0.195 0.023 0.043
0 0.559 0.275 0.025 0.054
0 0.607 0.256 0.025 0.054
0 0.615 0.219 0.019 0.035
0 0.646 0.201 0.022 0.042
0 0.564 0.168 0.018 0.035
0 0.676 0.188 0.021 0.04
0 0.709 0.187 0.022 0.04
0 0.745 0.199 0.027 0.057
0 0.727 0.143 0.014 0.033
0 0.616 0.331 0.026 0.057
0 0.788 0.222 0.019 0.045
0 0.802 0.265 0.026 0.054
0 0.745 0.107 0.016 0.03
0 0.769 0.117 0.017 0.036
0 0.828 0.166 0.017 0.033
0 0.824 0.107 0.02 0.043
0 0.791 0.167 0.017 0.031
0 0.865 0.102 0.017 0.035
0 0.912 0.147 0.018 0.04
0 0.889 0.193 0.026 0.056
0 0.859 0.181 0.021 0.038
0 0.844 0.225 0.018 0.043
0 0.968 0.296 0.032 0.078
0 0.966 0.389 0.039 0.087
0 0.938 0.2 0.028 0.066
0 0.95 0.173 0.021 0.05
0 0.978 0.15 0.016 0.036
0 0.967 0.129 0.015 0.036
