0 0.203 0.363 0.04 0.082
0 0.294 0.217 0.017 0.035
0 0.331 0.223 0.02 0.035
0 0.343 0.204 0.019 0.032
0 0.348 0.182 0.017 0.026
0 0.357 0.227 0.018 0.034
0 0.381 0.247 0.022 0.039
0 0.38 0.225 0.019 0.034
0 0.392 0.192 0.018 0.034
0 0.411 0.205 0.017 0.037
0 0.416 0.192 0.017 0.037
0 0.415 0.163 0.017 0.035
0 0.443 0.168 0.018 0.037
0 0.439 0.232 0.021 0.047
0 0.445 0.216 0.02 0.041
0 0.484 0.219 0.022 0.039
0 0.483 0.173 0.013 0.03
0 0.471 0.152 0.013 0.028
0 0.455 0.145 0.015 0.03
0 0.468 0.132 0.011 0.026
0 0.492 0.135 0.009 0.02
0 0.493 0.157 0.017 0.032
0 0.522 0.174 0.015 0.039
0 0.535 0.19 0.016 0.037
0 0.503 0.119 0.013 0.03
0 0.524 0.128 0.011 0.028
0 0.541 0.144 0.016 0.032
0 0.554 0.161 0.016 0.039
0 0.547 0.128 0.012 0.026
0 0.585 0.174 0.021 0.035
0 0.581 0.119 0.012 0.03
0 0.593 0.11 0.009 0.03
0 0.604 0.12 0.012 0.028
0 0.615 0.111 0.011 0.024
0 0.626 0.113 0.011 0.028
0 0.617 0.15 0.016 0.032
0 0.572 0.246 0.025 0.052
0 0.582 0.278 0.027 0.058
0 0.492 0.287 0.028 0.063
0 0.61 0.324 0.032 0.063
0 0.632 0.221 0.021 0.047
0 0.645 0.228 0.022 0.054
0 0.647 0.129 0.015 0.032
0 0.665 0.101 0.012 0.028
0 0.666 0.141 0.017 0.032
0 0.683 0.129 0.016 0.028
0 0.691 0.101 0.01 0.028
0 0.715 0.114 0.017 0.03
0 0.697 0.152 0.017 0.032
0 0.673 0.182 0.017 0.039
0 0.682 0.246 0.025 0.056
0 0.692 0.303 0.03 0.061
0 0.725 0.3 0.024 0.056
0 0.749 0.378 0.035 0.074
0 0.739 0.23 0.024 0.047
0 0.719 0.177 0.021 0.041
0 0.748 0.168 0.021 0.037
0 0.757 0.181 0.02 0.045
0 0.753 0.127 0.015 0.026
0 0.779 0.141 0.016 0.035
0 0.801 0.172 0.015 0.035
0 0.799 0.224 0.021 0.043
0 0.771 0.248 0.021 0.048
0 0.798 0.29 0.026 0.054
0 0.818 0.253 0.025 0.052
0 0.833 0.314 0.025 0.076
0 0.816 0.393 0.034 0.071
0 0.899 0.44 0.04 0.088
0 0.919 0.338 0.032 0.065
0 0.921 0.293 0.023 0.047
0 0.927 0.226 0.018 0.043
0 0.883 0.228 0.024 0.047
0 0.87 0.279 0.022 0.052
