0 0.181 0.36 0.054 0.09
0 0.318 0.23 0.011 0.034
0 0.622 0.099 0.012 0.026
0 0.634 0.102 0.013 0.021
0 0.66 0.107 0.013 0.03
0 0.591 0.106 0.014 0.024
0 0.554 0.121 0.015 0.032
0 0.515 0.108 0.014 0.024
0 0.702 0.118 0.016 0.026
0 0.476 0.126 0.012 0.028
0 0.415 0.158 0.015 0.028
0 0.349 0.201 0.017 0.036
0 0.322 0.205 0.017 0.028
0 0.413 0.199 0.017 0.03
0 0.447 0.204 0.019 0.03
0 0.491 0.154 0.018 0.034
0 0.514 0.149 0.018 0.039
0 0.538 0.145 0.02 0.032
0 0.577 0.134 0.02 0.036
0 0.559 0.183 0.023 0.043
0 0.605 0.142 0.018 0.037
0 0.644 0.145 0.017 0.036
0 0.674 0.14 0.018 0.032
0 0.487 0.213 0.025 0.049
0 0.762 0.146 0.017 0.034
0 0.787 0.133 0.017 0.03
0 0.527 0.272 0.033 0.051
0 0.586 0.282 0.022 0.058
0 0.604 0.301 0.043 0.075
0 0.622 0.255 0.026 0.052
0 0.641 0.198 0.021 0.043
0 0.67 0.208 0.027 0.056
0 0.713 0.183 0.02 0.039
0 0.723 0.227 0.022 0.049
0 0.686 0.261 0.027 0.051
0 0.701 0.322 0.03 0.075
0 0.739 0.388 0.03 0.052
0 0.803 0.21 0.024 0.041
0 0.801 0.168 0.017 0.032
0 0.775 0.189 0.021 0.037
0 0.846 0.151 0.016 0.036
0 0.883 0.153 0.015 0.036
0 0.918 0.169 0.015 0.037
0 0.944 0.17 0.013 0.041
0 0.859 0.199 0.017 0.045
0 0.806 0.285 0.03 0.067
0 0.834 0.228 0.027 0.052
0 0.885 0.191 0.02 0.041
0 0.941 0.225 0.024 0.045
0 0.877 0.26 0.019 0.052
0 0.828 0.355 0.032 0.062
0 0.933 0.288 0.024 0.064
0 0.922 0.361 0.025 0.049
0 0.897 0.414 0.036 0.071
0 0.463 0.15 0.014 0.03
0 0.532 0.124 0.018 0.022
0 0.556 0.154 0.017 0.036
0 0.618 0.117 0.02 0.043
0 0.594 0.169 0.016 0.039
0 0.762 0.125 0.015 0.028
0 0.821 0.184 0.022 0.052
0 0.849 0.312 0.029 0.058
0 0.88 0.225 0.021 0.052
0 0.938 0.198 0.022 0.051
0 0.425 0.172 0.015 0.026
0 0.659 0.136 0.016 0.032
0 0.594 0.236 0.023 0.052
