0 0.171 0.485 0.044 0.066
0 0.294 0.266 0.022 0.041
0 0.31 0.224 0.016 0.027
0 0.335 0.227 0.019 0.029
0 0.361 0.217 0.017 0.027
0 0.371 0.247 0.018 0.034
0 0.326 0.269 0.022 0.035
0 0.397 0.251 0.023 0.036
0 0.394 0.283 0.027 0.05
0 0.386 0.222 0.017 0.031
0 0.403 0.22 0.018 0.039
0 0.414 0.196 0.017 0.038
0 0.44 0.167 0.013 0.031
0 0.451 0.174 0.014 0.025
0 0.459 0.14 0.014 0.031
0 0.477 0.144 0.012 0.025
0 0.486 0.14 0.014 0.031
0 0.515 0.133 0.013 0.027
0 0.533 0.129 0.012 0.025
0 0.57 0.113 0.013 0.027
0 0.595 0.108 0.016 0.028
0 0.567 0.135 0.016 0.036
0 0.524 0.158 0.017 0.029
0 0.538 0.177 0.025 0.029
0 0.51 0.189 0.022 0.038
0 0.449 0.216 0.023 0.039
0 0.475 0.245 0.027 0.041
0 0.589 0.163 0.021 0.036
0 0.613 0.141 0.018 0.038
0 0.62 0.107 0.011 0.021
0 0.628 0.092 0.013 0.021
0 0.646 0.097 0.014 0.021
0 0.65 0.129 0.019 0.022
0 0.674 0.095 0.014 0.02
0 0.678 0.121 0.017 0.035
0 0.696 0.101 0.013 0.017
0 0.755 0.109 0.016 0.028
0 0.796 0.107 0.011 0.027
0 0.818 0.119 0.013 0.031
0 0.843 0.13 0.014 0.029
0 0.849 0.123 0.011 0.027
0 0.88 0.132 0.013 0.028
0 0.873 0.147 0.014 0.034
0 0.862 0.157 0.019 0.039
0 0.826 0.161 0.018 0.035
0 0.786 0.153 0.015 0.039
0 0.807 0.179 0.018 0.035
0 0.728 0.13 0.017 0.031
0 0.747 0.143 0.018 0.034
0 0.736 0.175 0.02 0.034
0 0.693 0.157 0.018 0.025
0 0.693 0.187 0.018 0.039
0 0.708 0.217 0.022 0.049
0 0.676 0.222 0.021 0.034
0 0.667 0.26 0.025 0.043
0 0.626 0.206 0.019 0.045
0 0.614 0.244 0.026 0.048
0 0.569 0.248 0.025 0.039
0 0.539 0.297 0.031 0.056
0 0.614 0.324 0.031 0.053
0 0.757 0.227 0.025 0.058
0 0.784 0.2 0.015 0.038
0 0.774 0.287 0.027 0.052
0 0.825 0.253 0.021 0.043
0 0.841 0.212 0.018 0.031
0 0.914 0.136 0.014 0.028
0 0.907 0.15 0.016 0.034
0 0.94 0.154 0.015 0.028
0 0.899 0.182 0.017 0.032
0 0.881 0.214 0.015 0.035
0 0.929 0.229 0.019 0.043
0 0.941 0.203 0.017 0.034
0 0.894 0.252 0.024 0.041
0 0.858 0.288 0.027 0.045
0 0.914 0.329 0.024 0.055
0 0.819 0.358 0.036 0.066
0 0.886 0.414 0.037 0.072
