0 0.122 0.611 0.03 0.073
0 0.081 0.466 0.021 0.075
0 0.082 0.419 0.025 0.054
0 0.186 0.425 0.023 0.07
0 0.234 0.349 0.023 0.064
0 0.247 0.289 0.02 0.038
0 0.175 0.265 0.019 0.042
0 0.162 0.22 0.017 0.051
0 0.126 0.237 0.016 0.045
0 0.124 0.213 0.012 0.035
0 0.176 0.187 0.015 0.037
0 0.153 0.153 0.013 0.031
0 0.054 0.29 0.016 0.04
0 0.047 0.247 0.014 0.04
0 0.046 0.22 0.011 0.024
0 0.046 0.197 0.012 0.031
0 0.205 0.131 0.011 0.028
0 0.218 0.131 0.01 0.035
0 0.249 0.125 0.013 0.045
0 0.287 0.158 0.017 0.037
0 0.296 0.134 0.012 0.028
0 0.289 0.207 0.017 0.042
0 0.311 0.235 0.016 0.038
0 0.344 0.226 0.019 0.042
0 0.377 0.173 0.02 0.037
0 0.411 0.17 0.015 0.044
0 0.479 0.287 0.02 0.054
0 0.533 0.456 0.025 0.066
0 0.358 0.087 0.014 0.035
0 0.373 0.091 0.014 0.038
0 0.399 0.084 0.013 0.033
0 0.423 0.084 0.012 0.033
0 0.457 0.128 0.012 0.03
0 0.475 0.088 0.01 0.033
0 0.477 0.067 0.011 0.026
0 0.488 0.126 0.013 0.033
0 0.466 0.166 0.014 0.035
0 0.495 0.175 0.013 0.033
0 0.493 0.226 0.021 0.049
0 0.553 0.313 0.021 0.051
0 0.521 0.087 0.01 0.024
0 0.504 0.111 0.014 0.031
0 0.557 0.18 0.015 0.04
0 0.569 0.207 0.016 0.042
0 0.568 0.135 0.014 0.033
0 0.586 0.129 0.01 0.031
0 0.583 0.1 0.01 0.03
0 0.615 0.121 0.016 0.037
0 0.637 0.154 0.013 0.033
0 0.625 0.241 0.019 0.044
0 0.676 0.333 0.02 0.056
0 0.702 0.273 0.017 0.044
0 0.694 0.223 0.011 0.038
0 0.72 0.211 0.014 0.038
0 0.728 0.162 0.014 0.038
0 0.766 0.195 0.014 0.038
0 0.786 0.211 0.013 0.042
0 0.826 0.256 0.016 0.045
0 0.772 0.366 0.025 0.063
0 0.905 0.34 0.021 0.056
