0 0.172 0.405 0.049 0.082
0 0.307 0.224 0.019 0.037
0 0.319 0.253 0.019 0.04
0 0.332 0.226 0.021 0.034
0 0.33 0.191 0.018 0.035
0 0.347 0.203 0.016 0.039
0 0.371 0.215 0.017 0.035
0 0.373 0.247 0.018 0.042
0 0.385 0.249 0.021 0.047
0 0.391 0.21 0.02 0.042
0 0.417 0.258 0.025 0.054
0 0.441 0.231 0.021 0.047
0 0.441 0.183 0.017 0.035
0 0.428 0.178 0.017 0.039
0 0.419 0.155 0.016 0.027
0 0.446 0.162 0.015 0.03
0 0.475 0.188 0.021 0.039
0 0.487 0.225 0.022 0.042
0 0.502 0.198 0.018 0.039
0 0.491 0.161 0.014 0.029
0 0.48 0.143 0.011 0.024
0 0.491 0.139 0.01 0.025
0 0.511 0.129 0.015 0.035
0 0.509 0.155 0.014 0.03
0 0.533 0.162 0.016 0.034
0 0.532 0.132 0.012 0.029
0 0.545 0.137 0.015 0.029
0 0.548 0.164 0.015 0.032
0 0.558 0.189 0.016 0.034
0 0.562 0.161 0.015 0.032
0 0.583 0.172 0.018 0.04
0 0.596 0.145 0.016 0.03
0 0.584 0.13 0.013 0.024
0 0.604 0.124 0.016 0.029
0 0.629 0.13 0.015 0.037
0 0.636 0.112 0.012 0.029
0 0.62 0.166 0.016 0.042
0 0.671 0.136 0.011 0.029
0 0.651 0.132 0.014 0.029
0 0.663 0.108 0.015 0.034
0 0.686 0.125 0.013 0.034
0 0.717 0.118 0.015 0.03
0 0.672 0.178 0.022 0.042
0 0.63 0.225 0.021 0.052
0 0.628 0.268 0.027 0.057
0 0.566 0.258 0.028 0.056
0 0.547 0.318 0.031 0.061
0 0.49 0.285 0.029 0.062
0 0.595 0.348 0.029 0.064
0 0.66 0.354 0.034 0.081
0 0.68 0.276 0.025 0.057
0 0.719 0.247 0.024 0.049
0 0.737 0.291 0.023 0.054
0 0.756 0.327 0.029 0.054
0 0.743 0.418 0.043 0.079
0 0.824 0.421 0.028 0.064
0 0.87 0.426 0.031 0.081
0 0.844 0.339 0.03 0.062
0 0.866 0.287 0.023 0.056
0 0.91 0.349 0.029 0.069
0 0.925 0.305 0.022 0.054
0 0.883 0.236 0.025 0.047
0 0.93 0.238 0.017 0.049
0 0.806 0.253 0.025 0.044
0 0.799 0.231 0.022 0.039
0 0.768 0.254 0.024 0.044
0 0.749 0.213 0.022 0.039
0 0.715 0.194 0.02 0.039
0 0.704 0.168 0.019 0.037
0 0.728 0.16 0.017 0.037
0 0.749 0.14 0.015 0.037
0 0.778 0.162 0.016 0.03
0 0.785 0.14 0.015 0.03
0 0.809 0.163 0.013 0.03
