0 0.173 0.341 0.036 0.08
0 0.211 0.369 0.03 0.078
0 0.258 0.284 0.023 0.042
0 0.295 0.263 0.021 0.033
0 0.315 0.273 0.02 0.033
0 0.327 0.255 0.019 0.042
0 0.314 0.225 0.018 0.03
0 0.347 0.217 0.018 0.035
0 0.377 0.228 0.018 0.037
0 0.387 0.2 0.018 0.033
0 0.43 0.218 0.015 0.037
0 0.455 0.225 0.023 0.04
0 0.473 0.25 0.024 0.04
0 0.417 0.166 0.015 0.03
0 0.427 0.186 0.017 0.03
0 0.446 0.188 0.02 0.037
0 0.456 0.177 0.019 0.032
0 0.453 0.143 0.016 0.03
0 0.479 0.199 0.023 0.042
0 0.518 0.201 0.023 0.043
0 0.485 0.135 0.015 0.027
0 0.472 0.149 0.013 0.025
0 0.509 0.164 0.013 0.032
0 0.539 0.126 0.013 0.027
0 0.553 0.157 0.019 0.045
0 0.575 0.179 0.018 0.035
0 0.559 0.109 0.014 0.028
0 0.579 0.144 0.013 0.035
0 0.582 0.125 0.012 0.027
0 0.597 0.12 0.012 0.03
0 0.617 0.144 0.018 0.038
0 0.622 0.11 0.015 0.03
0 0.632 0.097 0.011 0.023
0 0.649 0.098 0.011 0.027
0 0.673 0.121 0.013 0.025
0 0.69 0.097 0.014 0.037
0 0.509 0.297 0.024 0.048
0 0.533 0.338 0.023 0.05
0 0.572 0.24 0.023 0.048
0 0.609 0.263 0.023 0.05
0 0.603 0.309 0.026 0.06
0 0.636 0.207 0.024 0.042
0 0.663 0.209 0.02 0.045
0 0.671 0.178 0.016 0.037
0 0.695 0.186 0.022 0.042
0 0.702 0.147 0.021 0.038
0 0.724 0.145 0.021 0.043
0 0.738 0.124 0.018 0.035
0 0.746 0.104 0.016 0.032
0 0.751 0.144 0.015 0.035
0 0.767 0.134 0.014 0.038
0 0.785 0.125 0.012 0.03
0 0.806 0.126 0.016 0.038
0 0.791 0.189 0.017 0.035
0 0.753 0.171 0.015 0.04
0 0.742 0.193 0.022 0.043
0 0.711 0.276 0.028 0.057
0 0.662 0.3 0.032 0.055
0 0.666 0.362 0.03 0.065
0 0.691 0.223 0.028 0.047
0 0.775 0.225 0.023 0.055
0 0.788 0.282 0.023 0.052
0 0.807 0.258 0.023 0.053
0 0.817 0.168 0.021 0.043
0 0.847 0.172 0.017 0.045
0 0.847 0.138 0.013 0.027
0 0.866 0.143 0.016 0.033
0 0.892 0.171 0.017 0.042
0 0.894 0.144 0.015 0.025
0 0.89 0.216 0.022 0.047
0 0.927 0.252 0.027 0.048
0 0.924 0.196 0.018 0.042
0 0.929 0.157 0.018 0.035
