0 0.115 0.471 0.046 0.098
0 0.256 0.291 0.014 0.025
0 0.271 0.279 0.015 0.028
0 0.303 0.262 0.016 0.033
0 0.315 0.284 0.016 0.028
0 0.352 0.257 0.016 0.03
0 0.317 0.226 0.014 0.032
0 0.341 0.221 0.013 0.025
0 0.353 0.228 0.013 0.028
0 0.37 0.241 0.018 0.032
0 0.412 0.233 0.017 0.038
0 0.432 0.276 0.021 0.042
0 0.387 0.202 0.015 0.027
0 0.404 0.178 0.015 0.023
0 0.423 0.191 0.016 0.022
0 0.443 0.205 0.017 0.03
0 0.465 0.251 0.023 0.038
0 0.467 0.204 0.02 0.035
0 0.449 0.173 0.013 0.03
0 0.452 0.143 0.014 0.027
0 0.479 0.168 0.013 0.027
0 0.471 0.152 0.013 0.023
0 0.487 0.137 0.014 0.03
0 0.487 0.2 0.016 0.03
0 0.54 0.206 0.016 0.028
0 0.542 0.163 0.014 0.032
0 0.556 0.148 0.013 0.03
0 0.577 0.168 0.016 0.035
0 0.517 0.143 0.013 0.023
0 0.529 0.137 0.012 0.023
0 0.507 0.171 0.014 0.028
0 0.559 0.113 0.012 0.023
0 0.583 0.135 0.011 0.023
0 0.59 0.124 0.01 0.022
0 0.594 0.102 0.013 0.028
0 0.61 0.114 0.011 0.025
0 0.619 0.139 0.014 0.025
0 0.623 0.102 0.011 0.025
0 0.636 0.11 0.013 0.03
0 0.649 0.114 0.014 0.025
0 0.663 0.128 0.013 0.028
0 0.694 0.1 0.01 0.03
0 0.484 0.305 0.021 0.057
0 0.543 0.297 0.027 0.055
0 0.561 0.249 0.021 0.045
0 0.608 0.257 0.021 0.05
0 0.623 0.212 0.018 0.043
0 0.659 0.211 0.02 0.038
0 0.647 0.182 0.016 0.033
0 0.679 0.153 0.015 0.04
0 0.715 0.139 0.011 0.028
0 0.659 0.255 0.021 0.043
0 0.678 0.355 0.026 0.057
0 0.582 0.376 0.031 0.055
0 0.715 0.29 0.026 0.047
0 0.775 0.292 0.025 0.053
0 0.758 0.24 0.024 0.043
0 0.731 0.212 0.018 0.035
0 0.699 0.225 0.02 0.043
0 0.691 0.186 0.015 0.035
0 0.728 0.169 0.013 0.032
0 0.747 0.143 0.015 0.033
0 0.736 0.12 0.013 0.03
0 0.747 0.117 0.012 0.03
0 0.759 0.128 0.016 0.032
0 0.767 0.163 0.016 0.035
0 0.778 0.128 0.012 0.032
0 0.795 0.178 0.021 0.033
0 0.794 0.14 0.014 0.03
0 0.808 0.133 0.014 0.03
0 0.829 0.139 0.015 0.035
0 0.829 0.175 0.014 0.03
0 0.843 0.188 0.016 0.032
0 0.85 0.156 0.013 0.035
0 0.862 0.133 0.013 0.027
0 0.88 0.189 0.015 0.032
0 0.863 0.232 0.016 0.04
0 0.922 0.292 0.025 0.048
0 0.919 0.209 0.016 0.042
0 0.891 0.171 0.014 0.028
0 0.902 0.138 0.01 0.025
0 0.925 0.161 0.015 0.032
