0 0.107 0.518 0.049 0.094
0 0.233 0.348 0.021 0.031
0 0.294 0.345 0.015 0.044
0 0.298 0.37 0.018 0.041
0 0.336 0.354 0.023 0.044
0 0.29 0.305 0.017 0.031
0 0.359 0.33 0.017 0.034
0 0.362 0.294 0.019 0.035
0 0.383 0.335 0.019 0.038
0 0.417 0.337 0.02 0.035
0 0.397 0.255 0.016 0.033
0 0.422 0.261 0.014 0.031
0 0.41 0.306 0.019 0.031
0 0.44 0.306 0.022 0.037
0 0.45 0.34 0.025 0.038
0 0.469 0.306 0.019 0.034
0 0.447 0.27 0.017 0.034
0 0.456 0.254 0.014 0.028
0 0.47 0.27 0.014 0.031
0 0.467 0.237 0.012 0.02
0 0.496 0.264 0.016 0.028
0 0.539 0.253 0.015 0.035
0 0.515 0.251 0.012 0.026
0 0.519 0.259 0.015 0.03
0 0.511 0.316 0.019 0.044
0 0.517 0.294 0.014 0.033
0 0.553 0.287 0.019 0.037
0 0.549 0.228 0.017 0.028
0 0.566 0.267 0.019 0.041
0 0.574 0.244 0.013 0.028
0 0.572 0.222 0.014 0.027
0 0.596 0.25 0.013 0.027
0 0.601 0.227 0.012 0.023
0 0.61 0.208 0.013 0.03
0 0.624 0.213 0.014 0.026
0 0.632 0.228 0.014 0.033
0 0.64 0.245 0.018 0.028
0 0.66 0.219 0.013 0.024
0 0.669 0.23 0.011 0.033
0 0.679 0.231 0.012 0.026
0 0.673 0.267 0.015 0.034
0 0.631 0.291 0.018 0.038
0 0.648 0.331 0.021 0.038
0 0.594 0.322 0.022 0.04
0 0.605 0.373 0.026 0.043
0 0.646 0.388 0.031 0.058
0 0.702 0.26 0.014 0.034
0 0.728 0.262 0.013 0.037
0 0.737 0.249 0.013 0.03
0 0.745 0.23 0.014 0.031
0 0.774 0.245 0.013 0.03
0 0.766 0.267 0.014 0.034
0 0.762 0.287 0.016 0.033
0 0.72 0.289 0.017 0.035
0 0.802 0.248 0.013 0.031
0 0.83 0.265 0.012 0.031
0 0.851 0.267 0.014 0.035
0 0.864 0.261 0.014 0.034
0 0.855 0.284 0.014 0.034
0 0.89 0.297 0.014 0.038
0 0.921 0.279 0.013 0.026
0 0.924 0.305 0.011 0.031
0 0.929 0.331 0.017 0.041
0 0.922 0.348 0.011 0.038
0 0.877 0.321 0.015 0.031
0 0.84 0.309 0.014 0.031
0 0.809 0.299 0.015 0.031
0 0.81 0.275 0.016 0.034
0 0.811 0.333 0.02 0.044
0 0.863 0.371 0.019 0.041
0 0.896 0.392 0.022 0.058
0 0.905 0.338 0.013 0.033
0 0.9 0.464 0.027 0.071
0 0.852 0.418 0.025 0.05
0 0.833 0.435 0.022 0.06
0 0.796 0.376 0.021 0.054
0 0.694 0.35 0.021 0.047
0 0.679 0.324 0.022 0.047
0 0.731 0.406 0.024 0.055
0 0.773 0.443 0.027 0.057
0 0.669 0.438 0.034 0.055
0 0.712 0.472 0.031 0.077
0 0.81 0.499 0.029 0.065
0 0.501 0.377 0.027 0.06
0 0.534 0.374 0.027 0.052
0 0.543 0.409 0.031 0.06
0 0.612 0.426 0.033 0.064
