0 0.196 0.448 0.043 0.085
0 0.316 0.244 0.02 0.035
0 0.349 0.199 0.018 0.038
0 0.414 0.17 0.016 0.033
0 0.417 0.208 0.017 0.037
0 0.436 0.175 0.016 0.027
0 0.45 0.23 0.022 0.043
0 0.482 0.232 0.023 0.047
0 0.474 0.194 0.02 0.028
0 0.464 0.171 0.018 0.028
0 0.45 0.159 0.015 0.028
0 0.47 0.146 0.018 0.032
0 0.493 0.141 0.014 0.028
0 0.494 0.171 0.018 0.032
0 0.512 0.143 0.017 0.033
0 0.518 0.122 0.015 0.03
0 0.556 0.191 0.019 0.042
0 0.546 0.148 0.017 0.033
0 0.545 0.101 0.014 0.025
0 0.573 0.14 0.015 0.033
0 0.6 0.144 0.017 0.035
0 0.626 0.134 0.018 0.035
0 0.505 0.285 0.026 0.057
0 0.57 0.298 0.029 0.07
0 0.567 0.254 0.022 0.042
0 0.596 0.26 0.028 0.06
0 0.628 0.307 0.027 0.067
0 0.688 0.342 0.03 0.073
0 0.673 0.282 0.027 0.052
0 0.637 0.203 0.022 0.047
0 0.665 0.227 0.02 0.047
0 0.662 0.193 0.021 0.045
0 0.698 0.18 0.022 0.04
0 0.706 0.207 0.022 0.045
0 0.716 0.242 0.026 0.053
0 0.737 0.188 0.019 0.038
0 0.718 0.174 0.015 0.035
0 0.77 0.175 0.022 0.037
0 0.769 0.146 0.018 0.035
0 0.813 0.3 0.029 0.063
0 0.812 0.264 0.021 0.045
0 0.796 0.217 0.021 0.045
0 0.804 0.179 0.017 0.045
0 0.794 0.18 0.011 0.037
0 0.827 0.175 0.018 0.037
0 0.845 0.191 0.017 0.038
0 0.848 0.225 0.019 0.04
0 0.848 0.328 0.03 0.057
0 0.911 0.37 0.027 0.07
0 0.896 0.458 0.032 0.085
0 0.865 0.302 0.024 0.052
0 0.884 0.232 0.022 0.057
0 0.869 0.187 0.018 0.04
0 0.892 0.198 0.018 0.053
0 0.927 0.237 0.022 0.052
0 0.92 0.299 0.021 0.048
0 0.962 0.142 0.018 0.045
