0 0.033 0.398 0.023 0.045
0 0.238 0.336 0.016 0.032
0 0.256 0.348 0.02 0.039
0 0.282 0.306 0.016 0.031
0 0.285 0.36 0.02 0.041
0 0.324 0.366 0.022 0.044
0 0.347 0.323 0.017 0.034
0 0.349 0.296 0.016 0.031
0 0.375 0.333 0.015 0.028
0 0.4 0.338 0.018 0.032
0 0.4 0.301 0.014 0.027
0 0.38 0.263 0.013 0.032
0 0.401 0.263 0.012 0.027
0 0.428 0.303 0.014 0.032
0 0.429 0.267 0.014 0.031
0 0.415 0.255 0.012 0.03
0 0.418 0.272 0.009 0.024
0 0.457 0.309 0.016 0.031
0 0.418 0.305 0.01 0.028
0 0.454 0.234 0.013 0.023
0 0.44 0.254 0.01 0.025
0 0.497 0.271 0.015 0.028
0 0.491 0.255 0.011 0.027
0 0.498 0.245 0.013 0.028
0 0.52 0.251 0.016 0.034
0 0.548 0.223 0.012 0.023
0 0.556 0.205 0.014 0.03
0 0.557 0.259 0.013 0.03
0 0.561 0.279 0.016 0.031
0 0.511 0.298 0.017 0.032
0 0.49 0.32 0.018 0.039
0 0.485 0.392 0.025 0.051
0 0.527 0.408 0.023 0.052
0 0.52 0.367 0.024 0.051
0 0.579 0.322 0.02 0.044
0 0.589 0.36 0.02 0.044
0 0.589 0.43 0.029 0.065
0 0.65 0.445 0.027 0.066
0 0.637 0.372 0.028 0.055
0 0.627 0.333 0.017 0.037
0 0.615 0.298 0.019 0.042
0 0.586 0.243 0.013 0.024
0 0.589 0.223 0.01 0.023
0 0.594 0.209 0.011 0.023
0 0.608 0.214 0.012 0.025
0 0.617 0.231 0.012 0.027
0 0.623 0.245 0.01 0.025
0 0.635 0.219 0.012 0.025
0 0.645 0.231 0.011 0.027
0 0.657 0.229 0.012 0.035
0 0.679 0.249 0.016 0.035
0 0.653 0.269 0.015 0.034
0 0.677 0.291 0.02 0.044
0 0.7 0.287 0.018 0.032
0 0.704 0.26 0.016 0.035
0 0.721 0.25 0.013 0.023
0 0.719 0.225 0.013 0.027
0 0.753 0.243 0.016 0.03
0 0.748 0.264 0.014 0.028
0 0.739 0.289 0.014 0.031
0 0.668 0.353 0.02 0.052
0 0.708 0.396 0.026 0.048
0 0.691 0.475 0.033 0.075
0 0.765 0.41 0.027 0.054
0 0.789 0.514 0.032 0.063
0 0.812 0.438 0.029 0.063
0 0.781 0.359 0.019 0.052
0 0.786 0.302 0.018 0.037
0 0.786 0.281 0.016 0.027
0 0.78 0.252 0.017 0.035
0 0.807 0.261 0.013 0.034
0 0.823 0.267 0.013 0.032
0 0.828 0.291 0.014 0.031
0 0.841 0.258 0.013 0.028
0 0.814 0.313 0.019 0.034
0 0.804 0.336 0.017 0.038
0 0.829 0.372 0.023 0.052
0 0.838 0.342 0.016 0.044
0 0.856 0.322 0.015 0.037
0 0.862 0.281 0.014 0.034
0 0.896 0.291 0.018 0.03
0 0.879 0.318 0.016 0.032
0 0.887 0.351 0.016 0.039
0 0.875 0.391 0.02 0.045
0 0.878 0.442 0.031 0.063
