0 0.099 0.575 0.04 0.074
0 0.186 0.366 0.017 0.036
0 0.227 0.374 0.02 0.044
0 0.254 0.333 0.02 0.032
0 0.255 0.396 0.028 0.051
0 0.289 0.411 0.03 0.042
0 0.317 0.357 0.025 0.038
0 0.328 0.312 0.018 0.029
0 0.365 0.352 0.019 0.03
0 0.389 0.361 0.025 0.042
0 0.372 0.275 0.018 0.027
0 0.413 0.267 0.017 0.024
0 0.438 0.273 0.015 0.027
0 0.45 0.257 0.016 0.024
0 0.46 0.234 0.013 0.021
0 0.513 0.253 0.018 0.026
0 0.496 0.285 0.016 0.029
0 0.51 0.291 0.018 0.032
0 0.55 0.289 0.019 0.032
0 0.546 0.256 0.018 0.038
0 0.566 0.261 0.021 0.029
0 0.564 0.227 0.014 0.024
0 0.578 0.226 0.022 0.026
0 0.614 0.217 0.02 0.032
0 0.63 0.225 0.017 0.03
0 0.644 0.23 0.012 0.032
0 0.67 0.221 0.017 0.029
0 0.686 0.227 0.016 0.029
0 0.643 0.264 0.015 0.032
0 0.602 0.26 0.018 0.024
0 0.453 0.338 0.024 0.035
0 0.494 0.342 0.022 0.038
0 0.434 0.37 0.025 0.045
0 0.384 0.318 0.018 0.029
0 0.461 0.431 0.031 0.056
0 0.535 0.379 0.022 0.042
0 0.538 0.427 0.026 0.054
0 0.599 0.356 0.026 0.042
0 0.605 0.407 0.028 0.041
0 0.594 0.486 0.03 0.065
0 0.637 0.504 0.031 0.059
0 0.732 0.431 0.027 0.053
0 0.714 0.563 0.037 0.073
0 0.792 0.455 0.03 0.054
0 0.842 0.535 0.031 0.069
0 0.873 0.494 0.032 0.06
0 0.945 0.501 0.033 0.059
0 0.884 0.403 0.025 0.054
0 0.834 0.378 0.02 0.041
0 0.847 0.356 0.022 0.042
0 0.836 0.316 0.018 0.038
0 0.829 0.252 0.015 0.029
0 0.801 0.249 0.015 0.024
0 0.76 0.256 0.021 0.038
0 0.784 0.277 0.026 0.041
0 0.724 0.313 0.025 0.041
0 0.717 0.269 0.017 0.036
0 0.688 0.334 0.022 0.039
0 0.678 0.287 0.018 0.033
0 0.643 0.38 0.026 0.053
0 0.671 0.393 0.024 0.048
0 0.701 0.384 0.026 0.036
0 0.638 0.319 0.027 0.044
0 0.865 0.262 0.014 0.026
0 0.88 0.289 0.016 0.038
0 0.903 0.267 0.018 0.032
0 0.9 0.352 0.021 0.042
0 0.877 0.343 0.022 0.042
0 0.922 0.35 0.017 0.047
0 0.927 0.312 0.018 0.029
0 0.972 0.299 0.012 0.024
0 0.966 0.332 0.021 0.033
0 0.948 0.362 0.02 0.032
0 0.964 0.391 0.022 0.033
