0 0.082 0.452 0.029 0.068
0 0.137 0.571 0.034 0.073
0 0.058 0.377 0.025 0.061
0 0.058 0.206 0.021 0.038
0 0.092 0.098 0.015 0.026
0 0.116 0.189 0.017 0.036
0 0.16 0.125 0.014 0.038
0 0.191 0.172 0.015 0.038
0 0.175 0.234 0.016 0.041
0 0.241 0.241 0.022 0.056
0 0.215 0.315 0.022 0.053
0 0.214 0.449 0.028 0.055
0 0.55 0.442 0.027 0.075
0 0.457 0.258 0.023 0.044
0 0.487 0.199 0.018 0.039
0 0.518 0.145 0.015 0.044
0 0.557 0.271 0.023 0.055
0 0.699 0.323 0.021 0.053
0 0.364 0.199 0.02 0.039
0 0.318 0.207 0.017 0.032
0 0.296 0.172 0.016 0.038
0 0.298 0.137 0.018 0.038
0 0.263 0.1 0.016 0.032
0 0.23 0.124 0.016 0.029
0 0.371 0.063 0.012 0.031
0 0.401 0.07 0.012 0.031
0 0.434 0.142 0.016 0.036
0 0.388 0.149 0.016 0.032
0 0.442 0.064 0.012 0.026
0 0.472 0.106 0.015 0.031
0 0.476 0.143 0.016 0.031
0 0.494 0.102 0.013 0.029
0 0.518 0.082 0.01 0.024
0 0.495 0.051 0.012 0.027
0 0.555 0.061 0.014 0.032
0 0.585 0.172 0.018 0.044
0 0.624 0.208 0.018 0.041
0 0.606 0.101 0.013 0.031
0 0.585 0.077 0.012 0.031
0 0.636 0.09 0.015 0.027
0 0.669 0.131 0.016 0.043
0 0.721 0.185 0.015 0.039
0 0.742 0.188 0.014 0.034
0 0.725 0.241 0.017 0.056
0 0.795 0.335 0.028 0.063
0 0.79 0.179 0.013 0.041
0 0.827 0.202 0.017 0.046
0 0.871 0.242 0.016 0.041
0 0.892 0.276 0.016 0.046
0 0.946 0.333 0.016 0.051
