0 0.353 0.31 0.019 0.035
0 0.392 0.29 0.026 0.048
0 0.49 0.302 0.025 0.05
0 0.341 0.216 0.017 0.031
0 0.366 0.19 0.012 0.02
0 0.369 0.217 0.016 0.028
0 0.398 0.226 0.013 0.03
0 0.454 0.229 0.018 0.038
0 0.403 0.196 0.014 0.025
0 0.471 0.228 0.019 0.036
0 0.46 0.196 0.016 0.038
0 0.49 0.201 0.012 0.031
0 0.545 0.133 0.021 0.041
0 0.575 0.136 0.011 0.026
0 0.631 0.256 0.022 0.046
0 0.711 0.19 0.018 0.036
0 0.755 0.242 0.022 0.048
0 0.765 0.166 0.017 0.035
0 0.938 0.245 0.02 0.041
0 0.476 0.182 0.018 0.036
0 0.402 0.18 0.014 0.036
0 0.447 0.193 0.016 0.041
