0 0.913 0.171 0.012 0.035
0 0.94 0.172 0.013 0.033
0 0.885 0.158 0.012 0.031
0 0.894 0.18 0.014 0.035
0 0.941 0.201 0.013 0.033
0 0.934 0.235 0.015 0.038
0 0.935 0.253 0.015 0.04
0 0.93 0.281 0.015 0.042
0 0.929 0.335 0.02 0.055
0 0.853 0.301 0.021 0.057
0 0.834 0.358 0.024 0.071
0 0.871 0.288 0.021 0.048
0 0.877 0.243 0.017 0.042
0 0.879 0.209 0.02 0.04
0 0.874 0.168 0.013 0.035
0 0.867 0.175 0.013 0.035
0 0.845 0.15 0.014 0.029
0 0.831 0.166 0.013 0.035
0 0.841 0.212 0.017 0.042
0 0.797 0.201 0.014 0.035
0 0.784 0.14 0.011 0.031
0 0.774 0.187 0.015 0.04
0 0.813 0.272 0.017 0.049
0 0.846 0.196 0.014 0.04
0 0.758 0.127 0.014 0.031
0 0.76 0.147 0.014 0.038
0 0.743 0.169 0.013 0.038
0 0.779 0.266 0.025 0.051
0 0.815 0.201 0.016 0.04
0 0.757 0.339 0.027 0.073
0 0.68 0.334 0.031 0.064
0 0.722 0.239 0.017 0.046
0 0.727 0.142 0.014 0.038
0 0.711 0.162 0.016 0.035
0 0.628 0.295 0.026 0.062
0 0.637 0.245 0.018 0.044
0 0.644 0.198 0.017 0.044
0 0.677 0.211 0.018 0.051
0 0.67 0.26 0.021 0.055
0 0.661 0.177 0.018 0.042
0 0.656 0.138 0.013 0.027
0 0.69 0.125 0.012 0.029
0 0.708 0.125 0.009 0.026
0 0.651 0.107 0.009 0.031
0 0.665 0.113 0.009 0.024
0 0.677 0.121 0.009 0.026
0 0.614 0.104 0.012 0.029
0 0.63 0.122 0.011 0.024
0 0.628 0.153 0.013 0.035
0 0.591 0.11 0.01 0.026
0 0.6 0.141 0.015 0.033
0 0.589 0.165 0.013 0.037
0 0.594 0.25 0.023 0.057
0 0.586 0.279 0.027 0.053
0 0.53 0.267 0.024 0.059
0 0.556 0.18 0.013 0.035
0 0.564 0.161 0.014 0.04
0 0.552 0.123 0.013 0.026
0 0.538 0.153 0.012 0.035
0 0.536 0.137 0.012 0.033
0 0.507 0.145 0.013 0.033
0 0.521 0.127 0.01 0.027
0 0.528 0.128 0.01 0.029
0 0.494 0.144 0.011 0.031
0 0.495 0.214 0.018 0.044
0 0.525 0.161 0.011 0.037
0 0.443 0.155 0.012 0.027
0 0.467 0.172 0.015 0.037
0 0.477 0.19 0.016 0.038
0 0.45 0.208 0.021 0.049
0 0.413 0.201 0.016 0.038
0 0.334 0.183 0.012 0.033
0 0.351 0.202 0.015 0.035
0 0.316 0.227 0.016 0.04
0 0.111 0.443 0.045 0.103
0 0.7 0.213 0.017 0.038
