0 0.208 0.394 0.048 0.109
0 0.289 0.284 0.022 0.051
0 0.329 0.244 0.018 0.037
0 0.321 0.301 0.021 0.053
0 0.339 0.309 0.023 0.051
0 0.437 0.306 0.027 0.053
0 0.431 0.241 0.024 0.044
0 0.391 0.221 0.018 0.033
0 0.383 0.248 0.018 0.04
0 0.366 0.249 0.017 0.042
0 0.351 0.247 0.018 0.042
0 0.431 0.193 0.014 0.037
0 0.446 0.217 0.021 0.044
0 0.461 0.192 0.017 0.035
0 0.452 0.166 0.018 0.03
0 0.472 0.252 0.022 0.053
0 0.484 0.183 0.017 0.04
0 0.507 0.207 0.017 0.042
0 0.528 0.227 0.022 0.04
0 0.492 0.143 0.012 0.03
0 0.522 0.169 0.017 0.04
0 0.551 0.177 0.018 0.042
0 0.543 0.145 0.017 0.03
0 0.573 0.186 0.021 0.042
0 0.565 0.13 0.012 0.028
0 0.589 0.165 0.016 0.042
0 0.627 0.157 0.016 0.035
0 0.602 0.109 0.016 0.033
0 0.63 0.116 0.016 0.037
0 0.651 0.117 0.014 0.035
0 0.686 0.12 0.012 0.035
0 0.704 0.108 0.014 0.035
0 0.693 0.169 0.019 0.035
0 0.743 0.134 0.021 0.04
0 0.625 0.23 0.023 0.051
0 0.613 0.288 0.025 0.056
0 0.571 0.284 0.031 0.056
0 0.555 0.333 0.033 0.074
0 0.507 0.337 0.03 0.079
0 0.619 0.373 0.033 0.077
0 0.684 0.364 0.03 0.077
0 0.67 0.283 0.023 0.063
0 0.682 0.227 0.024 0.053
0 0.729 0.316 0.03 0.06
0 0.711 0.228 0.023 0.051
0 0.72 0.167 0.019 0.037
0 0.76 0.201 0.021 0.044
0 0.746 0.179 0.018 0.042
0 0.762 0.159 0.017 0.04
0 0.763 0.12 0.014 0.04
0 0.777 0.148 0.016 0.04
0 0.815 0.15 0.017 0.04
0 0.842 0.152 0.016 0.04
0 0.81 0.201 0.018 0.053
0 0.833 0.188 0.018 0.042
0 0.854 0.214 0.018 0.047
0 0.87 0.186 0.018 0.037
0 0.88 0.172 0.018 0.037
0 0.879 0.149 0.016 0.033
0 0.904 0.21 0.016 0.044
0 0.911 0.171 0.012 0.035
0 0.912 0.144 0.013 0.028
0 0.935 0.159 0.018 0.04
0 0.955 0.126 0.018 0.047
0 0.926 0.22 0.022 0.049
0 0.931 0.297 0.022 0.058
0 0.879 0.265 0.025 0.06
0 0.78 0.326 0.033 0.065
