0 0.199 0.349 0.045 0.088
0 0.299 0.241 0.014 0.029
0 0.317 0.223 0.012 0.027
0 0.341 0.229 0.015 0.031
0 0.346 0.262 0.016 0.033
0 0.378 0.222 0.016 0.033
0 0.383 0.201 0.019 0.025
0 0.421 0.184 0.015 0.025
0 0.439 0.192 0.014 0.025
0 0.422 0.217 0.016 0.031
0 0.453 0.221 0.018 0.031
0 0.425 0.28 0.024 0.046
0 0.464 0.2 0.014 0.023
0 0.452 0.171 0.014 0.027
0 0.476 0.172 0.014 0.025
0 0.498 0.2 0.015 0.027
0 0.514 0.211 0.016 0.038
0 0.468 0.155 0.013 0.025
0 0.483 0.136 0.012 0.025
0 0.521 0.15 0.015 0.031
0 0.541 0.164 0.015 0.036
0 0.567 0.18 0.016 0.033
0 0.574 0.16 0.014 0.027
0 0.553 0.123 0.011 0.025
0 0.583 0.109 0.012 0.021
0 0.609 0.106 0.009 0.023
0 0.604 0.123 0.012 0.021
0 0.614 0.143 0.015 0.031
0 0.637 0.103 0.011 0.025
0 0.631 0.116 0.011 0.023
0 0.653 0.127 0.015 0.027
0 0.61 0.208 0.019 0.04
0 0.557 0.251 0.021 0.042
0 0.598 0.264 0.02 0.046
0 0.54 0.308 0.025 0.054
0 0.485 0.31 0.027 0.05
0 0.598 0.331 0.028 0.054
0 0.655 0.264 0.022 0.042
0 0.668 0.328 0.024 0.063
0 0.71 0.285 0.022 0.05
0 0.706 0.227 0.022 0.048
0 0.655 0.206 0.02 0.044
0 0.649 0.178 0.016 0.029
0 0.682 0.104 0.014 0.036
0 0.711 0.143 0.014 0.031
0 0.686 0.182 0.016 0.042
0 0.724 0.166 0.014 0.031
0 0.739 0.191 0.019 0.052
0 0.739 0.151 0.013 0.029
0 0.756 0.167 0.015 0.038
0 0.73 0.123 0.013 0.029
0 0.743 0.114 0.013 0.031
0 0.759 0.135 0.013 0.031
0 0.79 0.138 0.011 0.033
0 0.802 0.137 0.011 0.031
0 0.79 0.178 0.015 0.046
0 0.813 0.174 0.013 0.033
0 0.822 0.144 0.012 0.033
0 0.842 0.158 0.014 0.036
0 0.854 0.14 0.009 0.021
0 0.857 0.154 0.014 0.031
0 0.882 0.165 0.013 0.029
0 0.892 0.14 0.011 0.029
0 0.919 0.16 0.013 0.036
0 0.876 0.196 0.018 0.036
0 0.91 0.205 0.018 0.042
0 0.834 0.192 0.014 0.033
0 0.86 0.232 0.02 0.046
0 0.905 0.283 0.021 0.056
0 0.761 0.29 0.024 0.056
