0 0.927 0.227 0.015 0.04
0 0.886 0.228 0.014 0.042
0 0.925 0.291 0.017 0.051
0 0.915 0.341 0.024 0.058
0 0.91 0.412 0.029 0.07
0 0.872 0.265 0.019 0.047
0 0.836 0.312 0.022 0.058
0 0.825 0.257 0.017 0.052
0 0.808 0.222 0.017 0.047
0 0.779 0.244 0.019 0.051
0 0.781 0.304 0.019 0.052
0 0.815 0.4 0.029 0.074
0 0.76 0.368 0.029 0.072
0 0.703 0.316 0.026 0.061
0 0.729 0.306 0.022 0.045
0 0.686 0.251 0.021 0.051
0 0.732 0.236 0.018 0.045
0 0.752 0.174 0.015 0.042
0 0.759 0.186 0.014 0.04
0 0.751 0.136 0.012 0.034
0 0.786 0.14 0.011 0.031
0 0.802 0.171 0.012 0.036
0 0.711 0.167 0.014 0.042
0 0.717 0.182 0.015 0.04
0 0.677 0.181 0.016 0.042
0 0.724 0.121 0.011 0.029
0 0.689 0.126 0.011 0.029
0 0.696 0.108 0.01 0.025
0 0.669 0.144 0.012 0.031
0 0.666 0.106 0.01 0.027
0 0.63 0.116 0.011 0.025
0 0.62 0.106 0.011 0.027
0 0.624 0.255 0.02 0.052
0 0.594 0.235 0.017 0.047
0 0.63 0.23 0.018 0.042
0 0.603 0.326 0.024 0.06
0 0.559 0.271 0.022 0.054
0 0.493 0.286 0.022 0.052
0 0.584 0.122 0.008 0.023
0 0.6 0.135 0.011 0.029
0 0.62 0.151 0.012 0.034
0 0.557 0.127 0.011 0.027
0 0.552 0.149 0.01 0.031
0 0.562 0.156 0.01 0.031
0 0.554 0.164 0.013 0.032
0 0.588 0.175 0.012 0.036
0 0.525 0.133 0.012 0.027
0 0.525 0.181 0.013 0.036
0 0.515 0.143 0.01 0.029
0 0.494 0.161 0.014 0.032
0 0.496 0.227 0.018 0.045
0 0.48 0.183 0.015 0.038
0 0.42 0.151 0.012 0.027
0 0.448 0.174 0.015 0.038
0 0.437 0.23 0.021 0.045
0 0.454 0.231 0.02 0.043
0 0.417 0.182 0.015 0.04
0 0.42 0.194 0.016 0.038
0 0.414 0.213 0.017 0.043
0 0.499 0.136 0.013 0.031
0 0.353 0.183 0.012 0.031
0 0.348 0.208 0.013 0.04
0 0.376 0.203 0.015 0.042
0 0.382 0.236 0.016 0.043
0 0.372 0.255 0.015 0.042
0 0.361 0.229 0.017 0.04
0 0.289 0.225 0.015 0.034
0 0.305 0.244 0.017 0.036
0 0.198 0.366 0.04 0.079
