0 0.208 0.49 0.038 0.074
0 0.342 0.225 0.025 0.042
0 0.354 0.256 0.025 0.051
0 0.397 0.267 0.023 0.043
0 0.372 0.237 0.022 0.033
0 0.398 0.234 0.02 0.039
0 0.412 0.203 0.018 0.037
0 0.441 0.222 0.021 0.039
0 0.471 0.236 0.027 0.05
0 0.513 0.185 0.022 0.046
0 0.454 0.175 0.016 0.031
0 0.442 0.171 0.014 0.032
0 0.459 0.154 0.017 0.033
0 0.471 0.146 0.017 0.025
0 0.512 0.127 0.013 0.024
0 0.526 0.148 0.013 0.029
0 0.535 0.135 0.012 0.024
0 0.55 0.162 0.018 0.04
0 0.56 0.14 0.015 0.028
0 0.57 0.128 0.014 0.029
0 0.585 0.162 0.018 0.036
0 0.59 0.129 0.016 0.025
0 0.598 0.114 0.014 0.025
0 0.616 0.148 0.019 0.04
0 0.617 0.119 0.016 0.026
0 0.636 0.112 0.017 0.029
0 0.646 0.096 0.014 0.032
0 0.655 0.112 0.014 0.029
0 0.653 0.138 0.014 0.029
0 0.672 0.121 0.015 0.029
0 0.7 0.107 0.017 0.032
0 0.55 0.306 0.026 0.062
0 0.566 0.252 0.026 0.042
0 0.612 0.217 0.027 0.046
0 0.613 0.258 0.03 0.058
0 0.637 0.312 0.032 0.067
0 0.653 0.269 0.028 0.053
0 0.663 0.226 0.027 0.053
0 0.686 0.193 0.025 0.044
0 0.716 0.221 0.024 0.05
0 0.723 0.173 0.021 0.043
0 0.741 0.188 0.026 0.049
0 0.759 0.173 0.021 0.044
0 0.76 0.139 0.018 0.032
0 0.781 0.105 0.015 0.035
0 0.795 0.152 0.018 0.037
0 0.791 0.198 0.015 0.035
0 0.781 0.232 0.027 0.042
0 0.777 0.286 0.028 0.055
0 0.808 0.396 0.039 0.082
0 0.897 0.42 0.036 0.074
0 0.875 0.318 0.032 0.071
0 0.915 0.345 0.036 0.064
0 0.913 0.277 0.027 0.054
0 0.934 0.248 0.022 0.057
0 0.877 0.255 0.025 0.043
0 0.825 0.237 0.021 0.047
0 0.834 0.218 0.023 0.044
0 0.822 0.164 0.016 0.037
0 0.807 0.189 0.019 0.04
0 0.82 0.121 0.019 0.037
0 0.853 0.129 0.016 0.031
0 0.874 0.141 0.014 0.028
0 0.864 0.172 0.016 0.031
0 0.851 0.193 0.019 0.042
0 0.88 0.221 0.016 0.031
0 0.902 0.18 0.015 0.042
0 0.909 0.142 0.021 0.037
