0 0.154 0.356 0.05 0.085
0 0.26 0.281 0.017 0.037
0 0.295 0.263 0.022 0.038
0 0.315 0.248 0.018 0.043
0 0.346 0.213 0.02 0.037
0 0.33 0.243 0.019 0.032
0 0.362 0.244 0.019 0.043
0 0.378 0.227 0.018 0.035
0 0.385 0.198 0.016 0.037
0 0.412 0.168 0.013 0.033
0 0.433 0.221 0.02 0.04
0 0.456 0.228 0.02 0.037
0 0.477 0.249 0.023 0.043
0 0.425 0.184 0.02 0.028
0 0.446 0.19 0.019 0.042
0 0.453 0.174 0.019 0.037
0 0.467 0.155 0.015 0.028
0 0.478 0.174 0.022 0.032
0 0.483 0.206 0.02 0.033
0 0.517 0.203 0.022 0.045
0 0.511 0.168 0.02 0.033
0 0.485 0.13 0.014 0.025
0 0.521 0.13 0.012 0.028
0 0.533 0.135 0.015 0.032
0 0.548 0.15 0.018 0.043
0 0.574 0.173 0.019 0.04
0 0.56 0.111 0.015 0.03
0 0.57 0.128 0.012 0.023
0 0.584 0.135 0.012 0.027
0 0.595 0.12 0.013 0.023
0 0.619 0.141 0.017 0.033
0 0.634 0.12 0.017 0.028
0 0.62 0.057 0.014 0.028
0 0.647 0.095 0.013 0.03
0 0.635 0.098 0.012 0.02
0 0.671 0.116 0.016 0.03
0 0.516 0.277 0.024 0.051
0 0.534 0.346 0.03 0.056
0 0.593 0.352 0.03 0.073
0 0.569 0.246 0.021 0.047
0 0.607 0.272 0.023 0.05
0 0.635 0.208 0.022 0.051
0 0.664 0.21 0.022 0.051
0 0.669 0.175 0.015 0.035
0 0.695 0.182 0.02 0.042
0 0.688 0.223 0.025 0.045
0 0.657 0.295 0.028 0.058
0 0.675 0.343 0.03 0.061
0 0.739 0.294 0.028 0.07
0 0.758 0.256 0.03 0.056
0 0.79 0.318 0.026 0.065
0 0.809 0.258 0.026 0.055
0 0.743 0.197 0.021 0.048
0 0.71 0.154 0.021 0.047
0 0.723 0.142 0.017 0.042
0 0.719 0.079 0.014 0.032
0 0.739 0.123 0.014 0.03
0 0.751 0.141 0.018 0.033
0 0.765 0.128 0.018 0.043
0 0.783 0.12 0.013 0.035
0 0.795 0.142 0.018 0.035
0 0.806 0.135 0.016 0.032
0 0.79 0.186 0.02 0.037
0 0.754 0.177 0.021 0.038
0 0.872 0.243 0.018 0.043
0 0.914 0.271 0.023 0.056
0 0.826 0.156 0.014 0.033
0 0.845 0.158 0.017 0.037
0 0.839 0.132 0.013 0.025
0 0.862 0.144 0.018 0.045
0 0.893 0.167 0.018 0.035
0 0.927 0.193 0.015 0.033
0 0.929 0.154 0.015 0.037
0 0.893 0.139 0.012 0.025
