0 0.054 0.556 0.053 0.106
0 0.257 0.272 0.014 0.033
0 0.274 0.275 0.018 0.036
0 0.293 0.269 0.021 0.038
0 0.314 0.279 0.019 0.035
0 0.34 0.276 0.021 0.036
0 0.308 0.237 0.018 0.03
0 0.341 0.229 0.017 0.035
0 0.365 0.22 0.017 0.033
0 0.398 0.294 0.025 0.055
0 0.377 0.214 0.016 0.035
0 0.386 0.203 0.015 0.025
0 0.411 0.226 0.017 0.038
0 0.444 0.228 0.02 0.036
0 0.465 0.238 0.019 0.046
0 0.461 0.195 0.017 0.033
0 0.438 0.202 0.019 0.03
0 0.426 0.179 0.018 0.033
0 0.403 0.179 0.012 0.026
0 0.454 0.163 0.015 0.022
0 0.449 0.145 0.009 0.025
0 0.474 0.169 0.013 0.026
0 0.47 0.148 0.009 0.018
0 0.481 0.137 0.009 0.02
0 0.502 0.169 0.015 0.023
0 0.527 0.143 0.016 0.028
0 0.542 0.162 0.015 0.036
0 0.566 0.175 0.016 0.036
0 0.574 0.154 0.011 0.03
0 0.555 0.114 0.011 0.026
0 0.579 0.127 0.012 0.023
0 0.615 0.147 0.017 0.038
0 0.59 0.104 0.013 0.023
0 0.606 0.125 0.011 0.022
0 0.616 0.108 0.011 0.023
0 0.633 0.125 0.013 0.025
0 0.638 0.108 0.015 0.023
0 0.663 0.12 0.014 0.028
0 0.685 0.104 0.013 0.033
0 0.481 0.309 0.024 0.055
0 0.541 0.291 0.032 0.065
0 0.51 0.225 0.019 0.04
0 0.486 0.218 0.018 0.038
0 0.564 0.248 0.021 0.046
0 0.603 0.219 0.023 0.045
0 0.613 0.256 0.022 0.045
0 0.594 0.359 0.034 0.066
0 0.669 0.344 0.037 0.078
0 0.652 0.257 0.024 0.051
0 0.66 0.21 0.022 0.043
0 0.652 0.18 0.019 0.04
0 0.681 0.152 0.019 0.033
0 0.698 0.179 0.018 0.043
0 0.693 0.147 0.016 0.03
0 0.706 0.14 0.014 0.035
0 0.7 0.225 0.023 0.046
0 0.712 0.285 0.024 0.056
0 0.776 0.299 0.029 0.058
0 0.756 0.236 0.021 0.055
0 0.733 0.201 0.022 0.045
0 0.734 0.171 0.018 0.04
0 0.743 0.141 0.018 0.04
0 0.73 0.13 0.015 0.045
0 0.744 0.11 0.016 0.035
0 0.757 0.126 0.018 0.036
0 0.756 0.166 0.016 0.038
0 0.788 0.141 0.013 0.033
0 0.788 0.123 0.015 0.026
0 0.803 0.131 0.015 0.033
0 0.795 0.178 0.019 0.038
0 0.811 0.174 0.012 0.033
0 0.823 0.14 0.016 0.035
0 0.836 0.186 0.016 0.041
0 0.843 0.157 0.017 0.036
0 0.855 0.221 0.019 0.041
0 0.881 0.203 0.016 0.031
0 0.91 0.289 0.021 0.058
0 0.916 0.199 0.017 0.04
0 0.923 0.167 0.014 0.033
0 0.885 0.171 0.015 0.035
0 0.894 0.139 0.017 0.033
0 0.855 0.146 0.017 0.03
0 0.86 0.129 0.014 0.03
