0 0.034 0.532 0.038 0.112
0 0.218 0.308 0.02 0.056
0 0.246 0.296 0.025 0.058
0 0.271 0.259 0.019 0.06
0 0.315 0.244 0.02 0.052
0 0.327 0.209 0.02 0.056
0 0.351 0.23 0.023 0.058
0 0.364 0.215 0.017 0.054
0 0.391 0.268 0.016 0.047
0 0.415 0.257 0.018 0.06
0 0.381 0.2 0.018 0.049
0 0.404 0.195 0.017 0.047
0 0.448 0.329 0.025 0.062
0 0.447 0.189 0.017 0.043
0 0.45 0.166 0.019 0.041
0 0.468 0.166 0.016 0.049
0 0.48 0.188 0.017 0.043
0 0.511 0.206 0.021 0.054
0 0.483 0.256 0.023 0.063
0 0.563 0.225 0.018 0.05
0 0.533 0.167 0.021 0.05
0 0.509 0.148 0.017 0.043
0 0.564 0.129 0.017 0.041
0 0.591 0.126 0.017 0.039
0 0.573 0.16 0.02 0.049
0 0.587 0.211 0.017 0.052
0 0.595 0.171 0.018 0.047
0 0.617 0.189 0.017 0.043
0 0.619 0.152 0.017 0.043
0 0.612 0.116 0.017 0.041
0 0.636 0.198 0.016 0.056
0 0.643 0.119 0.016 0.045
0 0.664 0.134 0.016 0.049
0 0.67 0.177 0.015 0.041
0 0.679 0.139 0.014 0.039
0 0.698 0.13 0.014 0.035
0 0.699 0.156 0.016 0.047
0 0.737 0.157 0.016 0.041
0 0.721 0.212 0.018 0.054
0 0.674 0.261 0.024 0.071
0 0.617 0.299 0.03 0.075
0 0.574 0.362 0.03 0.075
0 0.604 0.422 0.029 0.071
0 0.67 0.452 0.03 0.076
0 0.745 0.438 0.027 0.093
0 0.734 0.284 0.023 0.063
0 0.765 0.309 0.021 0.069
0 0.753 0.231 0.019 0.06
0 0.771 0.191 0.013 0.043
0 0.789 0.208 0.014 0.043
0 0.806 0.253 0.016 0.054
0 0.825 0.309 0.022 0.076
0 0.831 0.228 0.017 0.045
0 0.82 0.19 0.015 0.041
0 0.843 0.219 0.013 0.047
0 0.875 0.235 0.014 0.041
0 0.867 0.359 0.021 0.069
0 0.9 0.42 0.026 0.071
0 0.867 0.518 0.029 0.091
0 0.801 0.478 0.035 0.097
0 0.88 0.324 0.018 0.062
0 0.896 0.286 0.017 0.054
0 0.907 0.261 0.013 0.045
0 0.915 0.238 0.015 0.043
0 0.937 0.352 0.017 0.062
0 0.94 0.282 0.018 0.049
0 0.953 0.243 0.016 0.043
0 0.969 0.492 0.024 0.088
0 0.971 0.417 0.023 0.073
0 0.98 0.383 0.02 0.058
0 0.984 0.332 0.017 0.056
0 0.989 0.266 0.015 0.05
