0 0.091 0.572 0.044 0.101
0 0.225 0.293 0.02 0.047
0 0.21 0.279 0.015 0.049
0 0.277 0.266 0.017 0.034
0 0.271 0.241 0.016 0.037
0 0.303 0.221 0.015 0.044
0 0.327 0.235 0.016 0.049
0 0.345 0.223 0.014 0.052
0 0.364 0.266 0.016 0.037
0 0.388 0.257 0.015 0.039
0 0.435 0.308 0.021 0.051
0 0.463 0.255 0.018 0.042
0 0.359 0.207 0.014 0.04
0 0.382 0.201 0.017 0.039
0 0.424 0.199 0.015 0.039
0 0.428 0.168 0.014 0.034
0 0.447 0.168 0.012 0.029
0 0.471 0.178 0.015 0.037
0 0.488 0.21 0.018 0.04
0 0.485 0.156 0.014 0.035
0 0.512 0.18 0.015 0.037
0 0.518 0.16 0.017 0.037
0 0.54 0.238 0.016 0.039
0 0.56 0.215 0.016 0.037
0 0.551 0.167 0.015 0.034
0 0.548 0.139 0.013 0.032
0 0.57 0.141 0.014 0.04
0 0.59 0.129 0.012 0.035
0 0.599 0.159 0.015 0.032
0 0.605 0.182 0.013 0.037
0 0.611 0.207 0.014 0.034
0 0.459 0.18 0.011 0.037
0 0.621 0.131 0.014 0.04
0 0.638 0.15 0.015 0.034
0 0.657 0.134 0.014 0.039
0 0.683 0.143 0.013 0.034
0 0.704 0.16 0.013 0.037
0 0.647 0.189 0.014 0.037
0 0.679 0.172 0.013 0.037
0 0.573 0.179 0.017 0.032
0 0.565 0.347 0.019 0.051
0 0.6 0.384 0.025 0.057
0 0.607 0.306 0.025 0.057
0 0.652 0.257 0.018 0.049
0 0.689 0.225 0.017 0.039
0 0.65 0.41 0.025 0.059
0 0.71 0.42 0.025 0.062
0 0.786 0.452 0.027 0.072
0 0.86 0.49 0.028 0.074
0 0.873 0.413 0.021 0.066
0 0.945 0.451 0.025 0.064
0 0.713 0.269 0.021 0.049
0 0.733 0.236 0.017 0.044
0 0.736 0.193 0.015 0.035
0 0.761 0.188 0.013 0.035
0 0.768 0.215 0.012 0.03
0 0.786 0.254 0.015 0.044
0 0.742 0.298 0.021 0.047
0 0.805 0.309 0.018 0.052
0 0.809 0.232 0.016 0.037
0 0.798 0.195 0.014 0.037
0 0.831 0.219 0.012 0.037
0 0.862 0.239 0.014 0.037
0 0.87 0.226 0.013 0.039
0 0.888 0.258 0.013 0.042
0 0.897 0.243 0.012 0.035
0 0.879 0.301 0.016 0.045
0 0.856 0.317 0.019 0.039
0 0.853 0.37 0.016 0.056
0 0.915 0.338 0.015 0.051
0 0.917 0.276 0.014 0.04
0 0.942 0.259 0.014 0.037
0 0.971 0.255 0.013 0.032
0 0.961 0.378 0.018 0.049
0 0.962 0.343 0.015 0.035
0 0.961 0.309 0.012 0.039
