0 0.165 0.374 0.045 0.091
0 0.312 0.232 0.025 0.042
0 0.323 0.189 0.018 0.034
0 0.348 0.193 0.019 0.04
0 0.413 0.204 0.019 0.038
0 0.444 0.209 0.019 0.045
0 0.415 0.173 0.017 0.028
0 0.412 0.158 0.015 0.026
0 0.459 0.166 0.014 0.03
0 0.474 0.189 0.017 0.038
0 0.504 0.213 0.02 0.042
0 0.468 0.133 0.013 0.028
0 0.476 0.147 0.014 0.026
0 0.487 0.142 0.012 0.028
0 0.503 0.145 0.014 0.034
0 0.513 0.112 0.013 0.032
0 0.522 0.13 0.012 0.03
0 0.53 0.123 0.013 0.026
0 0.545 0.122 0.013 0.025
0 0.546 0.138 0.013 0.023
0 0.548 0.167 0.013 0.036
0 0.531 0.154 0.014 0.028
0 0.56 0.179 0.017 0.034
0 0.575 0.14 0.014 0.034
0 0.59 0.18 0.015 0.028
0 0.593 0.146 0.016 0.04
0 0.588 0.109 0.014 0.03
0 0.602 0.114 0.012 0.032
0 0.619 0.108 0.013 0.026
0 0.628 0.1 0.015 0.03
0 0.652 0.105 0.015 0.028
0 0.635 0.142 0.016 0.03
0 0.669 0.13 0.013 0.034
0 0.652 0.13 0.013 0.023
0 0.681 0.122 0.009 0.028
0 0.696 0.119 0.009 0.026
0 0.586 0.233 0.019 0.051
0 0.512 0.299 0.03 0.058
0 0.583 0.277 0.023 0.053
0 0.598 0.31 0.035 0.081
0 0.616 0.257 0.027 0.057
0 0.637 0.202 0.023 0.049
0 0.671 0.213 0.021 0.049
0 0.671 0.173 0.017 0.04
0 0.703 0.199 0.019 0.043
0 0.694 0.173 0.017 0.036
0 0.713 0.171 0.018 0.04
0 0.741 0.166 0.013 0.038
0 0.753 0.152 0.012 0.036
0 0.751 0.124 0.015 0.032
0 0.78 0.132 0.017 0.042
0 0.78 0.175 0.014 0.032
0 0.794 0.155 0.015 0.034
0 0.793 0.197 0.02 0.043
0 0.717 0.237 0.024 0.043
0 0.685 0.266 0.021 0.045
0 0.694 0.33 0.028 0.072
0 0.738 0.362 0.028 0.064
0 0.767 0.271 0.027 0.066
0 0.806 0.272 0.024 0.049
0 0.825 0.361 0.033 0.062
0 0.844 0.309 0.022 0.057
0 0.873 0.269 0.02 0.047
0 0.909 0.332 0.025 0.064
0 0.893 0.423 0.036 0.079
0 0.937 0.288 0.027 0.051
0 0.917 0.246 0.022 0.043
0 0.933 0.229 0.018 0.04
0 0.944 0.211 0.017 0.034
0 0.94 0.168 0.017 0.038
0 0.906 0.182 0.016 0.036
0 0.917 0.17 0.015 0.03
0 0.887 0.199 0.022 0.04
0 0.873 0.224 0.021 0.047
0 0.837 0.208 0.019 0.042
0 0.818 0.191 0.019 0.042
0 0.827 0.171 0.013 0.032
0 0.839 0.156 0.013 0.036
0 0.852 0.189 0.016 0.042
0 0.866 0.174 0.014 0.038
0 0.865 0.156 0.01 0.025
0 0.877 0.154 0.014 0.036
