0 0.062 0.364 0.028 0.054
0 0.26 0.289 0.018 0.036
0 0.299 0.27 0.018 0.035
0 0.326 0.274 0.015 0.036
0 0.344 0.273 0.019 0.035
0 0.319 0.226 0.02 0.04
0 0.348 0.231 0.02 0.04
0 0.375 0.236 0.018 0.033
0 0.417 0.282 0.025 0.043
0 0.383 0.209 0.016 0.031
0 0.417 0.229 0.019 0.045
0 0.442 0.234 0.017 0.04
0 0.475 0.236 0.022 0.046
0 0.417 0.177 0.016 0.035
0 0.432 0.192 0.017 0.028
0 0.454 0.192 0.016 0.031
0 0.472 0.189 0.015 0.031
0 0.497 0.21 0.018 0.036
0 0.455 0.149 0.016 0.03
0 0.476 0.152 0.015 0.033
0 0.486 0.162 0.015 0.03
0 0.489 0.137 0.013 0.026
0 0.505 0.154 0.011 0.025
0 0.516 0.169 0.019 0.035
0 0.537 0.145 0.015 0.036
0 0.556 0.154 0.017 0.035
0 0.545 0.194 0.02 0.045
0 0.572 0.167 0.021 0.04
0 0.562 0.118 0.011 0.025
0 0.594 0.103 0.014 0.025
0 0.589 0.143 0.014 0.021
0 0.612 0.139 0.014 0.026
0 0.621 0.158 0.016 0.026
0 0.594 0.125 0.014 0.026
0 0.622 0.124 0.011 0.023
0 0.617 0.111 0.011 0.021
0 0.644 0.111 0.013 0.028
0 0.653 0.118 0.009 0.028
0 0.651 0.136 0.01 0.018
0 0.691 0.125 0.015 0.026
0 0.701 0.104 0.012 0.03
0 0.485 0.308 0.029 0.058
0 0.544 0.311 0.029 0.064
0 0.568 0.253 0.025 0.051
0 0.613 0.252 0.029 0.053
0 0.606 0.342 0.034 0.066
0 0.682 0.328 0.03 0.063
0 0.66 0.276 0.024 0.054
0 0.66 0.215 0.023 0.05
0 0.627 0.211 0.023 0.053
0 0.652 0.181 0.023 0.045
0 0.688 0.153 0.017 0.043
0 0.698 0.186 0.02 0.041
0 0.713 0.139 0.017 0.031
0 0.737 0.123 0.017 0.031
0 0.75 0.147 0.017 0.036
0 0.756 0.118 0.012 0.031
0 0.77 0.131 0.015 0.035
0 0.783 0.121 0.014 0.031
0 0.771 0.162 0.017 0.043
0 0.735 0.162 0.016 0.033
0 0.735 0.202 0.021 0.041
0 0.702 0.226 0.022 0.046
0 0.75 0.239 0.022 0.046
0 0.744 0.285 0.029 0.069
0 0.787 0.291 0.023 0.061
0 0.824 0.224 0.019 0.053
0 0.8 0.182 0.019 0.043
0 0.801 0.144 0.014 0.031
0 0.813 0.13 0.015 0.033
0 0.838 0.136 0.017 0.041
0 0.818 0.171 0.014 0.035
0 0.85 0.191 0.019 0.05
0 0.856 0.149 0.018 0.038
0 0.872 0.153 0.015 0.035
0 0.873 0.13 0.016 0.025
0 0.901 0.134 0.012 0.03
0 0.896 0.198 0.018 0.046
0 0.894 0.166 0.016 0.028
0 0.929 0.204 0.019 0.045
0 0.922 0.286 0.026 0.061
0 0.874 0.231 0.024 0.05
0 0.934 0.18 0.014 0.026
0 0.932 0.159 0.013 0.028
