0 0.846 0.108 0.014 0.028
0 0.87 0.12 0.015 0.032
0 0.882 0.102 0.01 0.028
0 0.936 0.107 0.01 0.026
0 0.912 0.148 0.01 0.02
0 0.876 0.19 0.015 0.036
0 0.915 0.194 0.023 0.048
0 0.809 0.163 0.019 0.05
0 0.82 0.135 0.012 0.026
0 0.8 0.121 0.011 0.026
0 0.864 0.215 0.016 0.038
0 0.782 0.119 0.01 0.026
0 0.76 0.134 0.011 0.032
0 0.775 0.136 0.014 0.032
0 0.726 0.125 0.015 0.034
0 0.735 0.143 0.015 0.038
0 0.751 0.175 0.018 0.038
0 0.771 0.272 0.024 0.054
0 0.729 0.186 0.017 0.04
0 0.732 0.223 0.024 0.054
0 0.703 0.219 0.021 0.054
0 0.708 0.293 0.023 0.06
0 0.627 0.07 0.01 0.028
0 0.654 0.06 0.014 0.024
0 0.68 0.061 0.011 0.026
0 0.668 0.115 0.01 0.026
0 0.64 0.114 0.011 0.028
0 0.66 0.173 0.015 0.034
0 0.686 0.141 0.014 0.034
0 0.712 0.166 0.012 0.032
0 0.655 0.203 0.02 0.046
0 0.624 0.209 0.017 0.046
0 0.671 0.337 0.026 0.064
0 0.605 0.251 0.02 0.044
0 0.565 0.243 0.021 0.046
0 0.619 0.134 0.015 0.032
0 0.604 0.073 0.012 0.03
0 0.552 0.083 0.011 0.022
0 0.573 0.146 0.015 0.036
0 0.572 0.172 0.016 0.036
0 0.529 0.133 0.01 0.026
0 0.548 0.14 0.016 0.032
0 0.545 0.163 0.012 0.034
0 0.431 0.138 0.014 0.028
0 0.451 0.142 0.012 0.028
0 0.466 0.151 0.014 0.026
0 0.383 0.2 0.01 0.024
0 0.408 0.221 0.014 0.034
0 0.441 0.235 0.016 0.038
0 0.413 0.266 0.018 0.05
0 0.347 0.233 0.017 0.042
0 0.356 0.214 0.014 0.036
0 0.264 0.262 0.012 0.03
0 0.233 0.238 0.016 0.04
0 0.305 0.258 0.02 0.038
0 0.49 0.298 0.023 0.058
0 0.534 0.311 0.023 0.056
0 0.568 0.339 0.024 0.064
0 0.197 0.376 0.044 0.094
