0 0.173 0.489 0.042 0.081
0 0.253 0.262 0.021 0.043
0 0.272 0.27 0.019 0.041
0 0.29 0.259 0.018 0.046
0 0.309 0.226 0.021 0.036
0 0.331 0.216 0.019 0.036
0 0.354 0.254 0.02 0.036
0 0.355 0.305 0.023 0.04
0 0.339 0.252 0.017 0.036
0 0.358 0.224 0.018 0.038
0 0.39 0.214 0.019 0.035
0 0.396 0.26 0.023 0.045
0 0.381 0.188 0.013 0.03
0 0.405 0.177 0.014 0.033
0 0.422 0.179 0.014 0.038
0 0.445 0.18 0.017 0.033
0 0.451 0.151 0.017 0.028
0 0.475 0.163 0.016 0.03
0 0.483 0.132 0.012 0.02
0 0.508 0.181 0.019 0.035
0 0.484 0.193 0.018 0.03
0 0.461 0.226 0.02 0.043
0 0.479 0.249 0.022 0.04
0 0.554 0.157 0.017 0.033
0 0.581 0.162 0.018 0.033
0 0.571 0.117 0.014 0.026
0 0.613 0.12 0.017 0.028
0 0.634 0.133 0.019 0.038
0 0.684 0.122 0.013 0.03
0 0.636 0.189 0.021 0.038
0 0.578 0.221 0.023 0.046
0 0.58 0.288 0.027 0.054
0 0.528 0.28 0.033 0.051
0 0.613 0.257 0.024 0.048
0 0.625 0.296 0.027 0.064
0 0.68 0.251 0.024 0.056
0 0.667 0.22 0.023 0.045
0 0.661 0.175 0.018 0.036
0 0.698 0.149 0.016 0.03
0 0.699 0.176 0.021 0.038
0 0.698 0.207 0.023 0.045
0 0.717 0.272 0.026 0.056
0 0.724 0.158 0.02 0.033
0 0.731 0.119 0.013 0.03
0 0.744 0.136 0.015 0.035
0 0.76 0.122 0.016 0.033
0 0.772 0.155 0.017 0.036
0 0.783 0.143 0.017 0.041
0 0.735 0.2 0.023 0.043
0 0.779 0.192 0.02 0.048
0 0.807 0.177 0.019 0.041
0 0.752 0.254 0.022 0.056
0 0.773 0.279 0.028 0.059
0 0.843 0.294 0.028 0.059
0 0.859 0.268 0.02 0.051
0 0.923 0.25 0.023 0.058
0 0.919 0.224 0.018 0.04
0 0.884 0.199 0.019 0.045
0 0.887 0.16 0.016 0.036
0 0.895 0.155 0.016 0.033
0 0.863 0.167 0.023 0.035
0 0.835 0.149 0.019 0.028
0 0.839 0.182 0.02 0.038
0 0.827 0.238 0.022 0.035
