0 0.215 0.444 0.052 0.096
0 0.248 0.375 0.043 0.094
0 0.299 0.242 0.024 0.045
0 0.342 0.281 0.023 0.047
0 0.357 0.258 0.017 0.035
0 0.392 0.188 0.021 0.042
0 0.42 0.126 0.014 0.027
0 0.45 0.185 0.018 0.04
0 0.431 0.215 0.021 0.039
0 0.451 0.219 0.022 0.037
0 0.437 0.282 0.022 0.049
0 0.486 0.316 0.028 0.054
0 0.475 0.199 0.017 0.037
0 0.457 0.144 0.014 0.032
0 0.484 0.164 0.016 0.032
0 0.49 0.13 0.013 0.024
0 0.515 0.17 0.017 0.034
0 0.527 0.207 0.019 0.037
0 0.538 0.138 0.015 0.04
0 0.557 0.144 0.013 0.032
0 0.569 0.109 0.011 0.024
0 0.584 0.156 0.017 0.035
0 0.599 0.092 0.015 0.035
0 0.614 0.242 0.021 0.042
0 0.665 0.258 0.023 0.052
0 0.723 0.279 0.027 0.056
0 0.779 0.306 0.025 0.054
0 0.689 0.153 0.016 0.04
0 0.7 0.093 0.016 0.037
0 0.711 0.178 0.018 0.035
0 0.716 0.146 0.017 0.039
0 0.733 0.168 0.014 0.029
0 0.75 0.144 0.012 0.032
0 0.762 0.166 0.014 0.035
0 0.755 0.11 0.01 0.025
0 0.816 0.128 0.012 0.027
0 0.803 0.18 0.016 0.04
0 0.856 0.193 0.017 0.039
0 0.878 0.223 0.02 0.035
