0 0.179 0.474 0.04 0.071
0 0.295 0.265 0.013 0.037
0 0.332 0.213 0.01 0.035
0 0.323 0.257 0.016 0.039
0 0.348 0.264 0.016 0.042
0 0.353 0.229 0.014 0.036
0 0.35 0.216 0.014 0.037
0 0.373 0.24 0.016 0.037
0 0.387 0.256 0.017 0.043
0 0.395 0.231 0.015 0.039
0 0.416 0.265 0.021 0.054
0 0.412 0.194 0.013 0.031
0 0.426 0.181 0.012 0.026
0 0.44 0.154 0.01 0.025
0 0.451 0.172 0.011 0.026
0 0.467 0.159 0.011 0.026
0 0.459 0.234 0.017 0.043
0 0.497 0.188 0.016 0.036
0 0.509 0.126 0.009 0.019
0 0.518 0.158 0.012 0.039
0 0.537 0.134 0.01 0.024
0 0.547 0.163 0.013 0.036
0 0.556 0.141 0.013 0.029
0 0.567 0.115 0.01 0.028
0 0.59 0.102 0.011 0.026
0 0.581 0.165 0.015 0.036
0 0.611 0.149 0.012 0.033
0 0.621 0.094 0.01 0.025
0 0.644 0.097 0.01 0.024
0 0.644 0.117 0.01 0.028
0 0.639 0.134 0.012 0.029
0 0.605 0.212 0.019 0.044
0 0.591 0.124 0.01 0.028
0 0.599 0.251 0.019 0.056
0 0.639 0.305 0.025 0.057
0 0.658 0.248 0.023 0.051
0 0.562 0.249 0.023 0.047
0 0.537 0.29 0.026 0.06
0 0.661 0.222 0.019 0.05
0 0.691 0.217 0.02 0.051
0 0.657 0.115 0.01 0.026
0 0.665 0.128 0.012 0.032
0 0.699 0.11 0.011 0.025
0 0.722 0.184 0.016 0.037
0 0.72 0.137 0.013 0.035
0 0.691 0.163 0.015 0.031
0 0.737 0.128 0.01 0.032
0 0.747 0.144 0.014 0.035
0 0.771 0.12 0.01 0.021
0 0.754 0.173 0.013 0.032
0 0.779 0.163 0.013 0.032
0 0.806 0.126 0.011 0.032
0 0.811 0.161 0.013 0.033
0 0.765 0.23 0.019 0.043
0 0.775 0.206 0.016 0.039
0 0.768 0.278 0.021 0.054
0 0.812 0.248 0.018 0.049
0 0.854 0.256 0.02 0.05
0 0.838 0.126 0.012 0.031
0 0.822 0.218 0.015 0.033
0 0.842 0.182 0.013 0.031
0 0.852 0.165 0.013 0.035
0 0.856 0.145 0.013 0.029
0 0.907 0.123 0.011 0.026
0 0.926 0.127 0.014 0.032
0 0.895 0.151 0.013 0.035
0 0.924 0.163 0.013 0.033
0 0.888 0.183 0.016 0.033
0 0.925 0.202 0.013 0.032
0 0.921 0.243 0.017 0.044
0 0.869 0.234 0.019 0.049
0 0.904 0.303 0.024 0.061
0 0.879 0.412 0.036 0.075
0 0.831 0.315 0.025 0.068
0 0.8 0.384 0.03 0.079
