0 0.193 0.494 0.051 0.097
0 0.34 0.258 0.02 0.043
0 0.368 0.261 0.021 0.046
0 0.434 0.281 0.025 0.054
0 0.425 0.223 0.02 0.041
0 0.451 0.232 0.021 0.043
0 0.45 0.187 0.018 0.034
0 0.475 0.196 0.021 0.037
0 0.464 0.15 0.012 0.024
0 0.489 0.143 0.014 0.027
0 0.532 0.218 0.021 0.037
0 0.53 0.142 0.015 0.029
0 0.557 0.15 0.019 0.031
0 0.579 0.159 0.017 0.036
0 0.665 0.257 0.025 0.051
0 0.723 0.276 0.025 0.054
0 0.698 0.148 0.018 0.048
0 0.71 0.144 0.017 0.032
0 0.725 0.158 0.021 0.034
0 0.748 0.128 0.013 0.034
0 0.764 0.12 0.017 0.036
0 0.815 0.176 0.021 0.039
0 0.812 0.131 0.015 0.037
0 0.883 0.222 0.022 0.046
0 0.79 0.276 0.031 0.058
0 0.969 0.434 0.036 0.112
