0 0.067 0.398 0.033 0.065
0 0.249 0.291 0.009 0.038
0 0.272 0.269 0.02 0.028
0 0.3 0.26 0.015 0.036
0 0.358 0.262 0.018 0.038
0 0.331 0.208 0.009 0.022
0 0.343 0.223 0.014 0.035
0 0.372 0.216 0.011 0.031
0 0.394 0.216 0.018 0.031
0 0.428 0.265 0.017 0.043
0 0.421 0.214 0.016 0.028
0 0.485 0.303 0.02 0.05
0 0.546 0.302 0.02 0.048
0 0.598 0.333 0.02 0.056
0 0.666 0.347 0.024 0.061
0 0.655 0.257 0.019 0.05
0 0.708 0.292 0.027 0.051
0 0.773 0.286 0.025 0.053
0 0.565 0.244 0.02 0.038
0 0.601 0.252 0.021 0.043
0 0.487 0.227 0.018 0.033
0 0.46 0.172 0.015 0.03
0 0.423 0.181 0.013 0.028
0 0.443 0.201 0.015 0.031
0 0.69 0.208 0.025 0.048
0 0.658 0.209 0.02 0.028
0 0.616 0.22 0.019 0.043
0 0.497 0.197 0.018 0.033
0 0.474 0.172 0.016 0.03
0 0.528 0.196 0.021 0.031
0 0.548 0.156 0.014 0.031
0 0.568 0.177 0.019 0.03
0 0.611 0.146 0.014 0.026
0 0.451 0.15 0.011 0.025
0 0.481 0.134 0.011 0.02
0 0.749 0.216 0.019 0.048
0 0.798 0.243 0.02 0.05
0 0.863 0.233 0.014 0.038
0 0.728 0.197 0.014 0.036
0 0.651 0.175 0.02 0.035
0 0.513 0.162 0.015 0.02
0 0.526 0.131 0.01 0.026
0 0.559 0.11 0.011 0.025
0 0.587 0.101 0.012 0.023
0 0.584 0.123 0.012 0.028
0 0.614 0.111 0.008 0.02
0 0.632 0.124 0.012 0.023
0 0.647 0.103 0.012 0.026
0 0.672 0.118 0.015 0.033
0 0.673 0.151 0.015 0.028
0 0.693 0.099 0.012 0.03
0 0.7 0.146 0.02 0.033
0 0.729 0.123 0.009 0.031
0 0.722 0.156 0.02 0.031
0 0.744 0.136 0.014 0.026
0 0.747 0.106 0.015 0.023
0 0.759 0.132 0.013 0.03
0 0.767 0.163 0.015 0.035
0 0.775 0.125 0.013 0.025
0 0.793 0.168 0.02 0.038
0 0.792 0.131 0.018 0.026
0 0.806 0.123 0.013 0.022
0 0.831 0.141 0.015 0.033
0 0.812 0.171 0.014 0.03
0 0.84 0.194 0.017 0.033
0 0.859 0.133 0.012 0.025
0 0.849 0.162 0.016 0.036
0 0.888 0.132 0.011 0.028
0 0.882 0.167 0.014 0.036
0 0.889 0.211 0.017 0.038
0 0.92 0.201 0.017 0.031
0 0.913 0.171 0.011 0.033
0 0.921 0.16 0.01 0.028
0 0.459 0.197 0.016 0.036
0 0.455 0.215 0.014 0.04
