0 0.071 0.559 0.059 0.114
0 0.256 0.239 0.024 0.056
0 0.599 0.117 0.019 0.038
0 0.581 0.125 0.018 0.041
0 0.559 0.126 0.022 0.046
0 0.554 0.147 0.016 0.036
0 0.532 0.147 0.016 0.046
0 0.496 0.135 0.018 0.051
0 0.443 0.154 0.017 0.041
0 0.459 0.148 0.019 0.038
0 0.477 0.16 0.015 0.042
0 0.632 0.115 0.015 0.051
0 0.65 0.127 0.018 0.038
0 0.374 0.176 0.015 0.041
0 0.315 0.195 0.018 0.041
0 0.307 0.23 0.017 0.052
0 0.336 0.219 0.025 0.046
0 0.354 0.204 0.016 0.049
0 0.394 0.178 0.018 0.036
0 0.432 0.181 0.016 0.038
0 0.369 0.256 0.017 0.047
0 0.401 0.222 0.015 0.036
0 0.502 0.191 0.019 0.042
0 0.477 0.224 0.019 0.049
0 0.551 0.194 0.017 0.036
0 0.571 0.194 0.017 0.044
0 0.695 0.124 0.015 0.033
0 0.686 0.141 0.021 0.052
0 0.715 0.148 0.014 0.038
0 0.437 0.297 0.028 0.06
0 0.555 0.324 0.018 0.051
0 0.615 0.187 0.018 0.047
0 0.658 0.171 0.013 0.028
0 0.781 0.159 0.014 0.041
0 0.75 0.181 0.014 0.038
0 0.714 0.203 0.018 0.047
0 0.66 0.243 0.023 0.054
0 0.617 0.275 0.021 0.056
0 0.609 0.358 0.022 0.056
0 0.66 0.39 0.026 0.054
0 0.723 0.386 0.027 0.065
0 0.715 0.268 0.027 0.062
0 0.813 0.18 0.018 0.042
0 0.782 0.204 0.019 0.036
0 0.745 0.228 0.026 0.047
0 0.737 0.195 0.019 0.041
0 0.765 0.273 0.018 0.042
0 0.789 0.258 0.019 0.046
0 0.829 0.208 0.021 0.046
0 0.815 0.282 0.019 0.047
0 0.872 0.222 0.013 0.039
0 0.905 0.218 0.013 0.044
0 0.864 0.326 0.02 0.057
0 0.951 0.226 0.012 0.041
0 0.99 0.252 0.014 0.042
0 0.923 0.306 0.017 0.059
0 0.956 0.354 0.021 0.051
0 0.978 0.284 0.016 0.036
0 0.956 0.421 0.018 0.06
0 0.886 0.377 0.024 0.056
0 0.865 0.499 0.03 0.087
0 0.785 0.424 0.028 0.08
0 0.902 0.265 0.018 0.046
0 0.935 0.258 0.018 0.046
