0 0.205 0.364 0.046 0.083
0 0.29 0.227 0.018 0.038
0 0.312 0.236 0.017 0.036
0 0.329 0.248 0.02 0.04
0 0.352 0.257 0.02 0.043
0 0.332 0.192 0.013 0.036
0 0.353 0.2 0.016 0.034
0 0.395 0.197 0.017 0.04
0 0.416 0.252 0.027 0.043
0 0.42 0.209 0.018 0.034
0 0.424 0.178 0.018 0.031
0 0.423 0.154 0.015 0.033
0 0.447 0.21 0.017 0.036
0 0.454 0.218 0.019 0.038
0 0.479 0.242 0.022 0.042
0 0.457 0.179 0.017 0.033
0 0.463 0.159 0.016 0.025
0 0.489 0.185 0.018 0.036
0 0.478 0.142 0.011 0.02
0 0.494 0.14 0.013 0.027
0 0.503 0.16 0.017 0.031
0 0.512 0.135 0.013 0.031
0 0.526 0.146 0.012 0.027
0 0.532 0.136 0.012 0.025
0 0.551 0.148 0.013 0.024
0 0.527 0.186 0.02 0.038
0 0.542 0.178 0.013 0.033
0 0.56 0.191 0.016 0.038
0 0.589 0.182 0.017 0.034
0 0.6 0.142 0.012 0.024
0 0.587 0.13 0.01 0.025
0 0.595 0.118 0.01 0.022
0 0.614 0.116 0.011 0.025
0 0.626 0.142 0.013 0.024
0 0.624 0.16 0.013 0.031
0 0.645 0.12 0.012 0.024
0 0.661 0.14 0.015 0.034
0 0.661 0.122 0.011 0.02
0 0.67 0.11 0.013 0.027
0 0.697 0.123 0.013 0.033
0 0.721 0.121 0.01 0.025
0 0.684 0.134 0.01 0.025
0 0.496 0.295 0.031 0.065
0 0.557 0.318 0.029 0.06
0 0.594 0.254 0.024 0.051
0 0.634 0.225 0.027 0.047
0 0.648 0.245 0.022 0.049
0 0.684 0.194 0.017 0.043
0 0.677 0.29 0.027 0.054
0 0.606 0.341 0.037 0.078
0 0.706 0.165 0.019 0.033
0 0.714 0.196 0.018 0.036
0 0.738 0.235 0.021 0.049
0 0.743 0.298 0.027 0.053
0 0.691 0.369 0.035 0.071
0 0.753 0.413 0.033 0.08
0 0.78 0.321 0.025 0.054
0 0.787 0.252 0.022 0.051
0 0.756 0.208 0.017 0.029
0 0.758 0.187 0.016 0.025
0 0.757 0.144 0.015 0.034
0 0.798 0.181 0.02 0.04
0 0.802 0.149 0.015 0.034
0 0.81 0.237 0.018 0.047
0 0.833 0.261 0.023 0.051
0 0.83 0.402 0.034 0.076
0 0.838 0.361 0.025 0.049
0 0.88 0.261 0.022 0.054
0 0.897 0.232 0.023 0.043
0 0.921 0.352 0.027 0.067
0 0.904 0.43 0.038 0.078
0 0.929 0.298 0.022 0.049
0 0.941 0.222 0.02 0.049
