0 0.075 0.301 0.025 0.048
0 0.313 0.239 0.019 0.042
0 0.346 0.192 0.017 0.031
0 0.347 0.217 0.015 0.029
0 0.413 0.209 0.017 0.042
0 0.446 0.216 0.018 0.038
0 0.459 0.182 0.016 0.035
0 0.47 0.233 0.018 0.043
0 0.481 0.186 0.018 0.036
0 0.497 0.162 0.016 0.033
0 0.516 0.169 0.014 0.033
0 0.524 0.132 0.01 0.026
0 0.532 0.144 0.012 0.026
0 0.54 0.132 0.011 0.026
0 0.55 0.191 0.017 0.043
0 0.583 0.119 0.012 0.026
0 0.584 0.179 0.016 0.029
0 0.592 0.156 0.015 0.028
0 0.601 0.131 0.009 0.024
0 0.619 0.112 0.008 0.024
0 0.628 0.123 0.011 0.021
0 0.643 0.115 0.011 0.022
0 0.631 0.157 0.015 0.029
0 0.653 0.131 0.01 0.019
0 0.664 0.119 0.01 0.024
0 0.676 0.125 0.012 0.024
0 0.695 0.147 0.012 0.024
0 0.524 0.292 0.021 0.047
0 0.589 0.24 0.022 0.043
0 0.592 0.289 0.021 0.055
0 0.614 0.312 0.026 0.064
0 0.626 0.215 0.018 0.043
0 0.637 0.256 0.021 0.048
0 0.668 0.225 0.018 0.045
0 0.661 0.272 0.021 0.047
0 0.662 0.187 0.017 0.038
0 0.668 0.348 0.028 0.076
0 0.705 0.399 0.04 0.057
0 0.704 0.201 0.019 0.042
0 0.717 0.224 0.02 0.047
0 0.737 0.186 0.015 0.036
0 0.78 0.146 0.013 0.029
0 0.776 0.194 0.017 0.028
0 0.781 0.226 0.02 0.04
0 0.79 0.17 0.015 0.038
0 0.812 0.206 0.014 0.035
0 0.826 0.186 0.014 0.033
0 0.798 0.296 0.02 0.055
0 0.807 0.276 0.018 0.043
0 0.804 0.355 0.031 0.062
0 0.839 0.314 0.022 0.057
0 0.843 0.16 0.012 0.033
0 0.848 0.198 0.016 0.036
0 0.865 0.194 0.014 0.035
0 0.877 0.161 0.014 0.031
0 0.854 0.24 0.018 0.04
0 0.875 0.256 0.016 0.045
0 0.858 0.292 0.02 0.047
0 0.89 0.223 0.016 0.038
0 0.895 0.166 0.011 0.031
0 0.931 0.174 0.015 0.029
0 0.937 0.208 0.015 0.028
0 0.932 0.246 0.019 0.045
0 0.921 0.28 0.019 0.048
0 0.9 0.272 0.018 0.043
0 0.908 0.321 0.024 0.054
0 0.894 0.387 0.026 0.081
0 0.752 0.138 0.011 0.031
0 0.756 0.164 0.014 0.035
0 0.424 0.183 0.013 0.031
0 0.45 0.168 0.016 0.031
0 0.502 0.131 0.011 0.022
0 0.507 0.139 0.011 0.022
