0 0.95 0.223 0.013 0.037
0 0.983 0.248 0.011 0.041
0 0.977 0.277 0.012 0.037
0 0.973 0.31 0.013 0.04
0 0.98 0.339 0.015 0.047
0 0.951 0.356 0.019 0.046
0 0.957 0.398 0.024 0.064
0 0.871 0.491 0.03 0.073
0 0.882 0.399 0.022 0.064
0 0.925 0.302 0.016 0.047
0 0.935 0.251 0.015 0.043
0 0.908 0.216 0.014 0.04
0 0.903 0.238 0.015 0.047
0 0.892 0.267 0.021 0.044
0 0.871 0.22 0.014 0.034
0 0.882 0.223 0.01 0.034
0 0.858 0.33 0.02 0.047
0 0.819 0.278 0.017 0.047
0 0.822 0.2 0.017 0.038
0 0.815 0.232 0.015 0.044
0 0.811 0.186 0.015 0.029
0 0.795 0.247 0.017 0.044
0 0.785 0.164 0.014 0.037
0 0.78 0.196 0.017 0.044
0 0.759 0.183 0.014 0.04
0 0.747 0.222 0.016 0.044
0 0.768 0.264 0.017 0.044
0 0.74 0.194 0.016 0.043
0 0.696 0.131 0.014 0.034
0 0.718 0.147 0.014 0.04
0 0.72 0.203 0.014 0.04
0 0.72 0.249 0.019 0.055
0 0.687 0.154 0.016 0.038
0 0.637 0.121 0.014 0.037
0 0.65 0.134 0.012 0.032
0 0.654 0.178 0.013 0.035
0 0.661 0.233 0.021 0.05
0 0.622 0.151 0.018 0.031
0 0.602 0.128 0.015 0.029
0 0.613 0.171 0.014 0.034
0 0.618 0.184 0.015 0.038
0 0.577 0.134 0.014 0.035
0 0.559 0.131 0.014 0.032
0 0.558 0.155 0.016 0.035
0 0.531 0.146 0.016 0.038
0 0.584 0.186 0.014 0.038
0 0.5 0.146 0.014 0.032
0 0.463 0.156 0.013 0.034
0 0.47 0.161 0.011 0.037
0 0.479 0.165 0.015 0.037
0 0.502 0.192 0.015 0.038
0 0.531 0.214 0.016 0.043
0 0.49 0.23 0.017 0.047
0 0.421 0.162 0.012 0.028
0 0.432 0.187 0.015 0.04
0 0.396 0.178 0.016 0.032
0 0.371 0.187 0.017 0.032
0 0.322 0.197 0.017 0.031
0 0.34 0.213 0.017 0.041
0 0.358 0.209 0.019 0.038
0 0.406 0.221 0.017 0.041
0 0.37 0.256 0.019 0.044
0 0.263 0.241 0.014 0.041
0 0.439 0.285 0.021 0.054
0 0.117 0.517 0.047 0.101
0 0.622 0.274 0.026 0.06
0 0.561 0.316 0.028 0.054
0 0.607 0.354 0.023 0.057
0 0.662 0.372 0.025 0.054
0 0.73 0.372 0.025 0.063
0 0.793 0.413 0.028 0.083
0 0.318 0.225 0.017 0.034
