0 0.899 0.48 0.028 0.074
0 0.916 0.364 0.019 0.054
0 0.897 0.19 0.017 0.04
0 0.892 0.221 0.015 0.045
0 0.911 0.189 0.015 0.04
0 0.935 0.237 0.017 0.042
0 0.932 0.277 0.018 0.049
0 0.875 0.289 0.017 0.045
0 0.847 0.319 0.023 0.049
0 0.816 0.29 0.021 0.052
0 0.832 0.249 0.018 0.044
0 0.854 0.219 0.016 0.037
0 0.86 0.177 0.016 0.04
0 0.87 0.179 0.014 0.039
0 0.811 0.161 0.013 0.035
0 0.817 0.191 0.016 0.039
0 0.836 0.166 0.014 0.032
0 0.79 0.208 0.017 0.042
0 0.781 0.176 0.014 0.039
0 0.759 0.152 0.015 0.037
0 0.74 0.183 0.014 0.035
0 0.701 0.171 0.013 0.029
0 0.666 0.178 0.017 0.039
0 0.667 0.218 0.018 0.045
0 0.721 0.231 0.019 0.052
0 0.636 0.247 0.023 0.051
0 0.655 0.283 0.022 0.051
0 0.625 0.302 0.026 0.069
0 0.571 0.292 0.025 0.062
0 0.57 0.256 0.02 0.051
0 0.684 0.338 0.028 0.069
0 0.707 0.199 0.018 0.035
0 0.626 0.136 0.012 0.029
0 0.595 0.152 0.015 0.03
0 0.567 0.07 0.009 0.025
0 0.553 0.169 0.011 0.025
0 0.56 0.178 0.012 0.034
0 0.537 0.118 0.009 0.02
0 0.547 0.14 0.012 0.024
0 0.512 0.145 0.011 0.027
0 0.519 0.167 0.013 0.034
0 0.49 0.142 0.01 0.025
0 0.493 0.164 0.013 0.032
0 0.472 0.141 0.013 0.022
0 0.451 0.148 0.013 0.027
0 0.434 0.177 0.014 0.03
0 0.452 0.171 0.014 0.032
0 0.473 0.176 0.015 0.035
0 0.415 0.21 0.013 0.035
0 0.451 0.226 0.014 0.04
0 0.481 0.231 0.017 0.044
0 0.499 0.306 0.026 0.056
0 0.313 0.237 0.015 0.035
0 0.348 0.192 0.015 0.03
0 0.2 0.439 0.037 0.081
0 0.554 0.12 0.011 0.024
