0 0.12 0.505 0.043 0.101
0 0.273 0.236 0.017 0.039
0 0.315 0.22 0.02 0.041
0 0.33 0.197 0.021 0.042
0 0.349 0.221 0.021 0.048
0 0.372 0.198 0.019 0.044
0 0.383 0.188 0.017 0.036
0 0.426 0.168 0.017 0.035
0 0.413 0.223 0.017 0.036
0 0.387 0.241 0.021 0.039
0 0.448 0.278 0.024 0.054
0 0.444 0.187 0.018 0.038
0 0.469 0.159 0.017 0.03
0 0.484 0.15 0.016 0.035
0 0.488 0.161 0.017 0.036
0 0.508 0.145 0.013 0.029
0 0.491 0.224 0.017 0.042
0 0.539 0.208 0.016 0.029
0 0.544 0.153 0.018 0.033
0 0.568 0.128 0.017 0.033
0 0.569 0.15 0.017 0.03
0 0.59 0.141 0.018 0.033
0 0.607 0.121 0.016 0.032
0 0.643 0.122 0.014 0.03
0 0.654 0.129 0.013 0.029
0 0.628 0.145 0.016 0.023
0 0.618 0.172 0.013 0.032
0 0.626 0.185 0.016 0.036
0 0.589 0.189 0.017 0.035
0 0.663 0.171 0.016 0.033
0 0.696 0.129 0.015 0.03
0 0.691 0.15 0.014 0.03
0 0.723 0.149 0.015 0.033
0 0.791 0.161 0.017 0.03
0 0.766 0.18 0.014 0.033
0 0.748 0.195 0.016 0.041
0 0.721 0.2 0.014 0.027
0 0.663 0.24 0.017 0.041
0 0.626 0.274 0.024 0.054
0 0.57 0.335 0.022 0.053
0 0.617 0.344 0.024 0.048
0 0.722 0.241 0.02 0.047
0 0.772 0.265 0.019 0.041
0 0.783 0.214 0.017 0.036
0 0.813 0.18 0.015 0.033
0 0.835 0.205 0.017 0.035
0 0.806 0.239 0.02 0.036
0 0.821 0.277 0.019 0.05
0 0.752 0.214 0.016 0.035
0 0.878 0.211 0.016 0.029
0 0.87 0.222 0.014 0.032
0 0.918 0.21 0.015 0.029
0 0.911 0.231 0.016 0.032
0 0.896 0.254 0.02 0.039
0 0.948 0.218 0.013 0.027
0 0.984 0.239 0.011 0.024
0 0.928 0.312 0.016 0.05
0 0.948 0.348 0.02 0.059
0 0.981 0.286 0.015 0.054
0 0.982 0.336 0.019 0.041
0 0.955 0.42 0.02 0.065
0 0.898 0.389 0.02 0.066
0 0.868 0.335 0.019 0.044
0 0.81 0.411 0.025 0.078
0 0.867 0.478 0.031 0.072
0 0.747 0.385 0.025 0.063
0 0.666 0.368 0.024 0.057
