0 0.102 0.551 0.058 0.105
0 0.221 0.348 0.019 0.035
0 0.26 0.341 0.021 0.046
0 0.285 0.296 0.019 0.038
0 0.285 0.37 0.022 0.049
0 0.317 0.38 0.026 0.048
0 0.353 0.326 0.02 0.043
0 0.355 0.292 0.018 0.038
0 0.384 0.328 0.014 0.035
0 0.407 0.332 0.019 0.042
0 0.404 0.296 0.016 0.034
0 0.438 0.329 0.021 0.036
0 0.437 0.3 0.019 0.036
0 0.467 0.294 0.019 0.036
0 0.508 0.309 0.018 0.038
0 0.403 0.236 0.014 0.035
0 0.429 0.261 0.013 0.028
0 0.443 0.244 0.014 0.029
0 0.456 0.271 0.014 0.032
0 0.463 0.237 0.013 0.025
0 0.49 0.259 0.014 0.028
0 0.523 0.26 0.015 0.032
0 0.514 0.233 0.014 0.027
0 0.528 0.248 0.013 0.025
0 0.545 0.283 0.015 0.034
0 0.57 0.249 0.014 0.029
0 0.542 0.223 0.013 0.029
0 0.563 0.216 0.014 0.025
0 0.588 0.24 0.013 0.027
0 0.592 0.221 0.014 0.028
0 0.604 0.198 0.014 0.027
0 0.619 0.204 0.015 0.028
0 0.628 0.237 0.015 0.032
0 0.65 0.214 0.014 0.028
0 0.662 0.223 0.012 0.029
0 0.675 0.223 0.013 0.032
0 0.695 0.243 0.016 0.035
0 0.472 0.391 0.03 0.063
0 0.524 0.365 0.028 0.055
0 0.538 0.397 0.033 0.063
0 0.579 0.425 0.035 0.071
0 0.609 0.34 0.023 0.048
0 0.592 0.321 0.024 0.053
0 0.629 0.293 0.018 0.042
0 0.638 0.326 0.02 0.048
0 0.656 0.364 0.026 0.056
0 0.677 0.347 0.026 0.063
0 0.63 0.445 0.038 0.071
0 0.687 0.504 0.042 0.094
0 0.666 0.259 0.018 0.034
0 0.711 0.28 0.014 0.031
0 0.719 0.256 0.019 0.041
0 0.73 0.242 0.014 0.038
0 0.743 0.223 0.017 0.032
0 0.768 0.235 0.015 0.036
0 0.756 0.274 0.018 0.041
0 0.751 0.256 0.014 0.032
0 0.728 0.395 0.028 0.059
0 0.758 0.435 0.028 0.069
0 0.796 0.507 0.039 0.078
0 0.831 0.44 0.029 0.063
0 0.897 0.47 0.034 0.069
0 0.794 0.351 0.018 0.055
0 0.803 0.346 0.021 0.045
0 0.849 0.371 0.022 0.059
0 0.861 0.369 0.017 0.041
0 0.89 0.385 0.021 0.053
0 0.911 0.345 0.017 0.042
0 0.921 0.32 0.017 0.038
0 0.912 0.287 0.012 0.028
0 0.918 0.265 0.017 0.035
0 0.882 0.289 0.015 0.034
0 0.866 0.317 0.018 0.045
0 0.829 0.305 0.019 0.036
0 0.799 0.301 0.019 0.034
0 0.811 0.266 0.018 0.034
0 0.825 0.261 0.014 0.034
0 0.798 0.256 0.014 0.029
0 0.844 0.265 0.015 0.032
0 0.856 0.253 0.014 0.032
