0 0.13 0.548 0.037 0.067
0 0.218 0.346 0.017 0.033
0 0.253 0.351 0.019 0.038
0 0.284 0.36 0.017 0.038
0 0.311 0.387 0.02 0.039
0 0.281 0.296 0.015 0.033
0 0.346 0.333 0.014 0.032
0 0.348 0.292 0.013 0.028
0 0.387 0.323 0.013 0.032
0 0.381 0.259 0.014 0.024
0 0.401 0.261 0.012 0.019
0 0.404 0.287 0.014 0.024
0 0.406 0.323 0.018 0.036
0 0.428 0.348 0.018 0.035
0 0.421 0.271 0.013 0.025
0 0.429 0.297 0.014 0.029
0 0.46 0.303 0.014 0.025
0 0.419 0.244 0.013 0.024
0 0.443 0.243 0.01 0.022
0 0.462 0.226 0.01 0.021
0 0.486 0.26 0.014 0.025
0 0.514 0.266 0.015 0.028
0 0.506 0.247 0.009 0.021
0 0.507 0.23 0.012 0.018
0 0.525 0.252 0.014 0.031
0 0.543 0.277 0.013 0.028
0 0.499 0.321 0.016 0.033
0 0.558 0.261 0.015 0.031
0 0.539 0.223 0.014 0.028
0 0.562 0.236 0.01 0.021
0 0.562 0.214 0.011 0.019
0 0.583 0.239 0.014 0.025
0 0.589 0.218 0.01 0.024
0 0.598 0.2 0.01 0.024
0 0.61 0.216 0.012 0.022
0 0.614 0.249 0.014 0.022
0 0.654 0.198 0.01 0.024
0 0.657 0.227 0.01 0.024
0 0.666 0.218 0.01 0.025
0 0.463 0.395 0.021 0.045
0 0.513 0.411 0.023 0.046
0 0.521 0.366 0.019 0.036
0 0.574 0.363 0.021 0.05
0 0.58 0.318 0.017 0.033
0 0.619 0.289 0.014 0.031
0 0.655 0.279 0.015 0.029
0 0.629 0.332 0.016 0.036
0 0.561 0.429 0.025 0.06
0 0.629 0.458 0.027 0.063
0 0.683 0.483 0.03 0.064
0 0.792 0.535 0.025 0.067
0 0.651 0.365 0.021 0.049
0 0.674 0.346 0.018 0.045
0 0.679 0.291 0.014 0.033
0 0.694 0.28 0.014 0.033
0 0.687 0.249 0.011 0.025
0 0.72 0.243 0.012 0.031
0 0.729 0.226 0.011 0.024
0 0.755 0.258 0.015 0.032
0 0.762 0.234 0.015 0.026
0 0.743 0.289 0.016 0.036
0 0.713 0.387 0.021 0.046
0 0.794 0.291 0.012 0.024
0 0.817 0.257 0.014 0.029
0 0.837 0.264 0.016 0.033
0 0.848 0.25 0.01 0.028
0 0.825 0.302 0.016 0.036
0 0.791 0.353 0.018 0.039
0 0.801 0.341 0.016 0.036
0 0.76 0.408 0.021 0.057
0 0.821 0.449 0.025 0.058
0 0.883 0.466 0.023 0.058
0 0.869 0.397 0.021 0.046
0 0.831 0.389 0.019 0.05
0 0.85 0.376 0.016 0.036
0 0.864 0.324 0.016 0.039
0 0.891 0.311 0.012 0.032
0 0.906 0.339 0.016 0.04
0 0.914 0.369 0.017 0.035
0 0.909 0.302 0.012 0.031
0 0.911 0.261 0.012 0.032
0 0.874 0.272 0.018 0.032
