0 0.091 0.267 0.022 0.05
0 0.153 0.246 0.021 0.042
0 0.178 0.234 0.025 0.052
0 0.313 0.236 0.022 0.044
0 0.361 0.193 0.016 0.037
0 0.431 0.268 0.021 0.044
0 0.417 0.206 0.019 0.038
0 0.448 0.235 0.022 0.035
0 0.447 0.185 0.021 0.038
0 0.486 0.18 0.022 0.037
0 0.461 0.144 0.016 0.027
0 0.546 0.193 0.019 0.033
0 0.551 0.172 0.018 0.033
0 0.627 0.324 0.026 0.067
0 0.672 0.341 0.03 0.079
0 0.638 0.265 0.022 0.042
0 0.673 0.287 0.024 0.052
0 0.629 0.222 0.023 0.044
0 0.667 0.174 0.019 0.044
0 0.672 0.225 0.021 0.046
0 0.732 0.237 0.022 0.044
0 0.814 0.258 0.025 0.05
0 0.869 0.27 0.022 0.056
0 0.634 0.129 0.015 0.035
0 0.933 0.247 0.017 0.04
