0 0.136 0.554 0.038 0.075
0 0.229 0.335 0.014 0.035
0 0.26 0.343 0.021 0.044
0 0.281 0.37 0.019 0.038
0 0.288 0.31 0.018 0.035
0 0.329 0.368 0.023 0.05
0 0.353 0.332 0.017 0.035
0 0.353 0.295 0.017 0.033
0 0.387 0.339 0.02 0.042
0 0.41 0.333 0.021 0.038
0 0.408 0.302 0.019 0.03
0 0.394 0.26 0.017 0.027
0 0.427 0.26 0.014 0.025
0 0.444 0.27 0.018 0.034
0 0.435 0.308 0.018 0.04
0 0.449 0.337 0.027 0.044
0 0.475 0.305 0.021 0.033
0 0.467 0.242 0.014 0.028
0 0.473 0.266 0.017 0.034
0 0.509 0.262 0.015 0.031
0 0.523 0.276 0.015 0.034
0 0.524 0.245 0.015 0.024
0 0.544 0.251 0.013 0.035
0 0.558 0.284 0.017 0.035
0 0.507 0.324 0.022 0.034
0 0.571 0.219 0.012 0.025
0 0.578 0.234 0.012 0.027
0 0.583 0.259 0.012 0.031
0 0.589 0.236 0.011 0.021
0 0.606 0.228 0.012 0.028
0 0.612 0.209 0.012 0.021
0 0.632 0.216 0.012 0.028
0 0.643 0.229 0.012 0.025
0 0.645 0.246 0.012 0.028
0 0.603 0.254 0.017 0.03
0 0.677 0.231 0.013 0.028
0 0.675 0.207 0.012 0.023
0 0.689 0.227 0.013 0.033
0 0.484 0.404 0.031 0.058
0 0.54 0.349 0.023 0.051
0 0.549 0.403 0.03 0.048
0 0.593 0.448 0.036 0.075
0 0.605 0.382 0.027 0.054
0 0.604 0.335 0.023 0.05
0 0.64 0.298 0.019 0.041
0 0.673 0.278 0.017 0.035
0 0.7 0.301 0.016 0.041
0 0.713 0.303 0.016 0.037
0 0.712 0.252 0.013 0.033
0 0.736 0.255 0.014 0.03
0 0.742 0.239 0.014 0.028
0 0.755 0.231 0.012 0.028
0 0.65 0.345 0.022 0.045
0 0.667 0.377 0.027 0.055
0 0.692 0.362 0.024 0.054
0 0.726 0.397 0.028 0.059
0 0.643 0.47 0.033 0.072
0 0.706 0.545 0.038 0.068
0 0.836 0.505 0.036 0.065
0 0.771 0.278 0.014 0.035
0 0.789 0.265 0.017 0.038
0 0.788 0.24 0.016 0.034
0 0.821 0.303 0.017 0.038
0 0.816 0.289 0.017 0.035
0 0.816 0.245 0.018 0.037
0 0.848 0.258 0.015 0.033
0 0.862 0.273 0.013 0.034
0 0.875 0.261 0.013 0.033
0 0.902 0.276 0.016 0.031
0 0.891 0.316 0.016 0.027
0 0.853 0.313 0.019 0.037
0 0.819 0.36 0.022 0.052
0 0.796 0.434 0.029 0.066
0 0.849 0.461 0.032 0.057
0 0.868 0.381 0.023 0.05
0 0.875 0.349 0.02 0.042
0 0.921 0.392 0.024 0.042
0 0.93 0.46 0.029 0.066
0 0.94 0.354 0.017 0.035
0 0.943 0.325 0.017 0.034
0 0.923 0.31 0.018 0.037
0 0.947 0.277 0.017 0.031
