0 0.047 0.4 0.033 0.07
0 0.252 0.282 0.013 0.032
0 0.286 0.263 0.011 0.028
0 0.295 0.26 0.016 0.038
0 0.31 0.218 0.015 0.033
0 0.346 0.218 0.017 0.035
0 0.369 0.213 0.016 0.035
0 0.381 0.199 0.014 0.03
0 0.407 0.174 0.013 0.027
0 0.427 0.179 0.015 0.037
0 0.453 0.143 0.012 0.023
0 0.483 0.132 0.015 0.025
0 0.474 0.167 0.017 0.032
0 0.423 0.215 0.015 0.032
0 0.343 0.265 0.019 0.042
0 0.401 0.293 0.025 0.042
0 0.462 0.218 0.014 0.045
0 0.535 0.135 0.016 0.042
0 0.488 0.199 0.016 0.033
0 0.481 0.223 0.017 0.04
0 0.566 0.115 0.009 0.027
0 0.591 0.104 0.012 0.028
0 0.563 0.149 0.019 0.035
0 0.538 0.17 0.024 0.042
0 0.547 0.203 0.019 0.043
0 0.476 0.303 0.026 0.055
0 0.584 0.154 0.018 0.038
0 0.608 0.11 0.015 0.035
0 0.625 0.098 0.013 0.027
0 0.56 0.295 0.027 0.051
0 0.559 0.243 0.026 0.051
0 0.615 0.199 0.019 0.04
0 0.61 0.253 0.028 0.051
0 0.622 0.141 0.018 0.03
0 0.638 0.104 0.009 0.022
0 0.669 0.125 0.012 0.03
0 0.703 0.098 0.012 0.03
0 0.66 0.203 0.018 0.038
0 0.655 0.18 0.019 0.035
0 0.705 0.141 0.018 0.037
0 0.676 0.154 0.019 0.04
0 0.703 0.18 0.022 0.032
0 0.709 0.218 0.024 0.04
0 0.66 0.246 0.019 0.043
0 0.676 0.327 0.029 0.06
0 0.718 0.294 0.023 0.056
0 0.738 0.122 0.014 0.035
0 0.748 0.121 0.02 0.037
0 0.733 0.163 0.016 0.04
0 0.748 0.183 0.018 0.043
0 0.767 0.127 0.015 0.042
0 0.785 0.125 0.016 0.047
0 0.796 0.136 0.016 0.04
0 0.809 0.129 0.012 0.032
0 0.759 0.159 0.019 0.037
0 0.774 0.218 0.017 0.042
0 0.779 0.285 0.026 0.048
0 0.798 0.175 0.017 0.038
0 0.829 0.144 0.02 0.042
0 0.844 0.179 0.014 0.037
0 0.852 0.15 0.013 0.047
0 0.862 0.15 0.023 0.045
0 0.87 0.127 0.011 0.035
0 0.896 0.13 0.013 0.032
0 0.869 0.223 0.015 0.042
0 0.888 0.203 0.022 0.043
0 0.93 0.156 0.013 0.033
0 0.923 0.193 0.012 0.033
0 0.92 0.272 0.019 0.043
0 0.518 0.17 0.02 0.038
0 0.538 0.242 0.018 0.038
0 0.457 0.172 0.017 0.035
0 0.473 0.194 0.019 0.042
0 0.609 0.326 0.032 0.061
0 0.889 0.168 0.015 0.04
0 0.812 0.166 0.016 0.04
