0 0.082 0.432 0.043 0.088
0 0.255 0.281 0.018 0.026
0 0.299 0.252 0.02 0.038
0 0.323 0.223 0.014 0.033
0 0.298 0.277 0.017 0.025
0 0.306 0.306 0.016 0.023
0 0.337 0.243 0.014 0.03
0 0.352 0.22 0.02 0.033
0 0.368 0.213 0.012 0.026
0 0.378 0.262 0.017 0.028
0 0.393 0.193 0.013 0.033
0 0.445 0.226 0.02 0.033
0 0.412 0.175 0.016 0.02
0 0.45 0.148 0.01 0.025
0 0.446 0.193 0.017 0.033
0 0.47 0.194 0.016 0.031
0 0.474 0.151 0.013 0.028
0 0.487 0.141 0.011 0.025
0 0.498 0.184 0.025 0.038
0 0.516 0.139 0.015 0.03
0 0.53 0.14 0.017 0.031
0 0.563 0.109 0.01 0.02
0 0.591 0.125 0.011 0.031
0 0.573 0.174 0.023 0.04
0 0.554 0.153 0.017 0.025
0 0.526 0.213 0.025 0.036
0 0.434 0.268 0.016 0.04
0 0.499 0.282 0.026 0.045
0 0.539 0.307 0.025 0.051
0 0.624 0.14 0.02 0.046
0 0.639 0.102 0.013 0.023
0 0.678 0.113 0.014 0.031
0 0.699 0.102 0.013 0.031
0 0.631 0.19 0.019 0.036
0 0.612 0.253 0.024 0.04
0 0.609 0.325 0.029 0.041
0 0.68 0.323 0.023 0.051
0 0.661 0.258 0.02 0.043
0 0.661 0.201 0.022 0.045
0 0.663 0.159 0.017 0.036
0 0.694 0.179 0.017 0.03
0 0.693 0.138 0.013 0.035
0 0.705 0.222 0.015 0.041
0 0.736 0.128 0.014 0.031
0 0.754 0.11 0.017 0.031
0 0.736 0.165 0.016 0.03
0 0.755 0.223 0.022 0.046
0 0.746 0.187 0.015 0.036
0 0.757 0.177 0.02 0.04
0 0.771 0.131 0.015 0.03
0 0.787 0.293 0.022 0.056
0 0.811 0.255 0.019 0.053
0 0.799 0.185 0.015 0.04
0 0.799 0.126 0.014 0.033
0 0.781 0.116 0.011 0.03
0 0.819 0.131 0.013 0.031
0 0.868 0.127 0.014 0.03
0 0.834 0.146 0.013 0.035
0 0.846 0.192 0.015 0.03
0 0.819 0.169 0.022 0.028
0 0.857 0.168 0.017 0.031
0 0.898 0.133 0.015 0.041
0 0.887 0.191 0.016 0.031
0 0.897 0.17 0.017 0.03
0 0.875 0.226 0.014 0.035
0 0.918 0.279 0.02 0.05
0 0.928 0.207 0.016 0.03
0 0.92 0.173 0.014 0.031
0 0.927 0.153 0.01 0.025
0 0.729 0.308 0.03 0.055
0 0.504 0.226 0.025 0.041
0 0.512 0.174 0.026 0.04
0 0.419 0.229 0.025 0.031
0 0.369 0.231 0.018 0.035
0 0.563 0.246 0.022 0.05
0 0.419 0.191 0.013 0.028
0 0.618 0.107 0.012 0.026
0 0.626 0.109 0.01 0.026
0 0.598 0.103 0.012 0.025
0 0.709 0.14 0.018 0.041
