0 0.171 0.49 0.041 0.077
0 0.276 0.265 0.019 0.032
0 0.359 0.197 0.017 0.032
0 0.366 0.275 0.018 0.036
0 0.409 0.227 0.017 0.036
0 0.453 0.222 0.019 0.039
0 0.415 0.166 0.017 0.036
0 0.466 0.14 0.018 0.031
0 0.521 0.133 0.014 0.027
0 0.534 0.129 0.014 0.029
0 0.559 0.111 0.013 0.02
0 0.559 0.134 0.014 0.029
0 0.579 0.124 0.012 0.026
0 0.605 0.129 0.013 0.026
0 0.614 0.154 0.015 0.029
0 0.648 0.135 0.015 0.022
0 0.558 0.185 0.018 0.032
0 0.497 0.304 0.019 0.036
0 0.538 0.331 0.025 0.046
0 0.552 0.256 0.019 0.044
0 0.607 0.264 0.024 0.044
0 0.652 0.222 0.02 0.039
0 0.653 0.175 0.017 0.041
0 0.688 0.159 0.022 0.049
0 0.712 0.181 0.019 0.041
0 0.666 0.325 0.029 0.07
0 0.724 0.26 0.026 0.06
0 0.748 0.31 0.023 0.055
0 0.753 0.224 0.021 0.046
0 0.778 0.2 0.018 0.046
0 0.771 0.282 0.026 0.06
0 0.807 0.239 0.02 0.049
0 0.788 0.39 0.032 0.061
0 0.838 0.302 0.028 0.061
0 0.891 0.355 0.036 0.077
0 0.911 0.33 0.026 0.049
0 0.836 0.132 0.012 0.029
0 0.828 0.142 0.012 0.026
0 0.855 0.152 0.016 0.027
0 0.865 0.126 0.012 0.027
0 0.898 0.143 0.01 0.02
0 0.923 0.154 0.011 0.019
0 0.772 0.153 0.018 0.024
