0 0.12 0.549 0.047 0.117
0 0.2 0.299 0.021 0.054
0 0.23 0.29 0.023 0.05
0 0.268 0.249 0.019 0.045
0 0.306 0.247 0.02 0.045
0 0.308 0.216 0.02 0.039
0 0.331 0.233 0.023 0.047
0 0.351 0.215 0.017 0.044
0 0.365 0.209 0.019 0.042
0 0.389 0.247 0.016 0.045
0 0.372 0.27 0.018 0.047
0 0.438 0.318 0.022 0.055
0 0.39 0.195 0.017 0.039
0 0.433 0.2 0.016 0.04
0 0.438 0.171 0.016 0.04
0 0.471 0.253 0.022 0.05
0 0.494 0.214 0.019 0.042
0 0.481 0.18 0.018 0.044
0 0.467 0.18 0.014 0.042
0 0.456 0.173 0.015 0.034
0 0.494 0.158 0.017 0.034
0 0.519 0.178 0.021 0.047
0 0.55 0.221 0.016 0.04
0 0.561 0.169 0.017 0.042
0 0.553 0.145 0.014 0.032
0 0.578 0.138 0.014 0.035
0 0.582 0.209 0.018 0.045
0 0.581 0.181 0.015 0.037
0 0.597 0.136 0.015 0.037
0 0.609 0.163 0.017 0.04
0 0.604 0.194 0.014 0.042
0 0.623 0.206 0.017 0.044
0 0.657 0.186 0.013 0.034
0 0.657 0.152 0.014 0.039
0 0.63 0.138 0.015 0.035
0 0.665 0.138 0.014 0.032
0 0.689 0.144 0.014 0.034
0 0.714 0.162 0.017 0.042
0 0.691 0.178 0.016 0.037
0 0.698 0.227 0.019 0.054
0 0.664 0.237 0.024 0.055
0 0.62 0.304 0.026 0.054
0 0.577 0.336 0.031 0.062
0 0.607 0.388 0.029 0.065
0 0.657 0.406 0.031 0.064
0 0.725 0.404 0.032 0.082
0 0.728 0.289 0.024 0.054
0 0.752 0.304 0.02 0.06
0 0.74 0.242 0.019 0.042
0 0.742 0.205 0.021 0.04
0 0.77 0.194 0.017 0.045
0 0.781 0.217 0.017 0.045
0 0.788 0.274 0.018 0.055
0 0.814 0.305 0.019 0.054
0 0.819 0.232 0.019 0.042
0 0.808 0.199 0.018 0.052
0 0.844 0.224 0.015 0.049
0 0.869 0.237 0.016 0.042
0 0.877 0.232 0.013 0.034
0 0.863 0.345 0.018 0.049
0 0.889 0.405 0.026 0.055
0 0.867 0.5 0.03 0.084
0 0.804 0.431 0.033 0.084
0 0.887 0.284 0.02 0.052
0 0.899 0.267 0.015 0.044
0 0.905 0.242 0.014 0.037
0 0.929 0.273 0.016 0.05
0 0.924 0.346 0.018 0.052
0 0.944 0.388 0.023 0.062
0 0.948 0.479 0.023 0.072
0 0.973 0.372 0.018 0.055
0 0.97 0.331 0.017 0.039
0 0.984 0.275 0.017 0.04
0 0.945 0.256 0.018 0.055
