0 0.203 0.365 0.043 0.083
0 0.259 0.285 0.016 0.028
0 0.301 0.256 0.015 0.03
0 0.318 0.251 0.017 0.03
0 0.321 0.22 0.013 0.028
0 0.345 0.219 0.019 0.03
0 0.34 0.267 0.013 0.027
0 0.335 0.24 0.011 0.028
0 0.381 0.223 0.018 0.035
0 0.369 0.248 0.019 0.025
0 0.423 0.266 0.018 0.03
0 0.423 0.228 0.021 0.033
0 0.457 0.229 0.019 0.03
0 0.478 0.253 0.022 0.028
0 0.387 0.197 0.019 0.028
0 0.422 0.174 0.019 0.027
0 0.444 0.197 0.015 0.032
0 0.463 0.192 0.019 0.028
0 0.455 0.172 0.017 0.028
0 0.478 0.176 0.014 0.03
0 0.472 0.153 0.014 0.027
0 0.496 0.208 0.014 0.03
0 0.502 0.186 0.014 0.027
0 0.527 0.217 0.018 0.035
0 0.525 0.189 0.014 0.025
0 0.519 0.154 0.015 0.03
0 0.501 0.149 0.011 0.025
0 0.542 0.167 0.014 0.032
0 0.571 0.186 0.022 0.03
0 0.574 0.238 0.017 0.037
0 0.498 0.285 0.025 0.042
0 0.534 0.348 0.029 0.045
0 0.602 0.343 0.025 0.051
0 0.544 0.143 0.011 0.017
0 0.534 0.134 0.012 0.025
0 0.569 0.154 0.014 0.027
0 0.602 0.158 0.018 0.033
0 0.591 0.127 0.014 0.025
0 0.605 0.102 0.011 0.025
0 0.672 0.121 0.011 0.027
0 0.711 0.103 0.012 0.03
0 0.623 0.092 0.014 0.025
0 0.626 0.078 0.017 0.027
0 0.609 0.268 0.022 0.038
0 0.631 0.202 0.019 0.038
0 0.662 0.208 0.019 0.032
0 0.651 0.191 0.014 0.023
0 0.688 0.208 0.018 0.035
0 0.661 0.295 0.021 0.035
0 0.677 0.346 0.026 0.051
0 0.719 0.294 0.024 0.053
0 0.782 0.306 0.024 0.053
0 0.766 0.223 0.02 0.048
0 0.747 0.198 0.015 0.033
0 0.752 0.177 0.012 0.028
0 0.745 0.146 0.016 0.03
0 0.721 0.17 0.02 0.035
0 0.726 0.142 0.015 0.028
0 0.747 0.106 0.013 0.027
0 0.769 0.133 0.012 0.027
0 0.781 0.124 0.012 0.028
0 0.798 0.139 0.012 0.028
0 0.812 0.129 0.01 0.022
0 0.795 0.184 0.016 0.03
0 0.925 0.282 0.018 0.042
0 0.869 0.231 0.02 0.037
0 0.848 0.201 0.011 0.033
0 0.873 0.191 0.015 0.033
0 0.847 0.164 0.015 0.03
0 0.83 0.145 0.014 0.032
0 0.864 0.145 0.014 0.03
0 0.899 0.17 0.017 0.032
0 0.896 0.132 0.013 0.032
0 0.922 0.103 0.014 0.03
0 0.933 0.199 0.017 0.035
