0 0.114 0.511 0.041 0.068
0 0.206 0.334 0.02 0.037
0 0.241 0.349 0.018 0.043
0 0.268 0.3 0.015 0.033
0 0.279 0.348 0.019 0.04
0 0.307 0.361 0.02 0.044
0 0.331 0.329 0.021 0.033
0 0.336 0.288 0.014 0.022
0 0.367 0.328 0.017 0.033
0 0.392 0.333 0.022 0.029
0 0.372 0.268 0.014 0.029
0 0.415 0.238 0.012 0.022
0 0.427 0.252 0.014 0.032
0 0.436 0.326 0.021 0.039
0 0.448 0.307 0.017 0.033
0 0.446 0.238 0.014 0.022
0 0.493 0.307 0.016 0.041
0 0.453 0.405 0.027 0.054
0 0.493 0.255 0.014 0.032
0 0.502 0.271 0.014 0.033
0 0.513 0.244 0.014 0.029
0 0.533 0.234 0.012 0.029
0 0.546 0.215 0.015 0.024
0 0.561 0.206 0.017 0.022
0 0.597 0.197 0.012 0.024
0 0.56 0.27 0.015 0.036
0 0.589 0.243 0.012 0.033
0 0.625 0.214 0.014 0.025
0 0.627 0.241 0.015 0.032
0 0.648 0.21 0.014 0.025
0 0.664 0.22 0.014 0.028
0 0.684 0.212 0.013 0.026
0 0.509 0.423 0.027 0.059
0 0.527 0.344 0.024 0.047
0 0.572 0.441 0.032 0.061
0 0.572 0.381 0.023 0.048
0 0.585 0.322 0.022 0.041
0 0.622 0.299 0.017 0.037
0 0.654 0.272 0.014 0.03
0 0.69 0.248 0.013 0.033
0 0.672 0.308 0.023 0.035
0 0.699 0.287 0.018 0.037
0 0.645 0.358 0.02 0.05
0 0.673 0.353 0.019 0.043
0 0.626 0.461 0.031 0.064
0 0.703 0.396 0.026 0.058
0 0.686 0.533 0.036 0.069
0 0.763 0.425 0.028 0.055
0 0.722 0.24 0.014 0.026
0 0.749 0.218 0.015 0.029
0 0.752 0.251 0.016 0.035
0 0.768 0.27 0.017 0.037
0 0.771 0.235 0.012 0.033
0 0.788 0.236 0.013 0.032
0 0.812 0.264 0.014 0.03
0 0.832 0.245 0.012 0.036
0 0.804 0.288 0.015 0.033
0 0.826 0.299 0.017 0.033
0 0.817 0.326 0.018 0.04
0 0.801 0.348 0.021 0.048
0 0.848 0.359 0.018 0.046
0 0.839 0.438 0.025 0.058
0 0.809 0.479 0.027 0.057
0 0.902 0.454 0.027 0.059
0 0.867 0.342 0.019 0.044
0 0.843 0.266 0.014 0.037
0 0.866 0.25 0.012 0.036
0 0.884 0.27 0.017 0.04
0 0.899 0.313 0.017 0.036
0 0.926 0.354 0.018 0.05
0 0.923 0.296 0.015 0.036
0 0.928 0.27 0.012 0.024
0 0.901 0.427 0.027 0.036
0 0.568 0.251 0.013 0.035
0 0.39 0.294 0.013 0.029
0 0.42 0.299 0.016 0.03
0 0.389 0.272 0.013 0.025
0 0.875 0.303 0.015 0.041
