0 0.155 0.501 0.056 0.105
0 0.231 0.337 0.019 0.036
0 0.259 0.351 0.024 0.046
0 0.296 0.356 0.024 0.045
0 0.288 0.3 0.017 0.036
0 0.333 0.361 0.025 0.043
0 0.367 0.315 0.018 0.032
0 0.358 0.288 0.017 0.031
0 0.392 0.325 0.018 0.035
0 0.414 0.326 0.02 0.035
0 0.412 0.291 0.016 0.031
0 0.447 0.336 0.023 0.046
0 0.388 0.26 0.015 0.035
0 0.4 0.276 0.014 0.027
0 0.41 0.258 0.017 0.032
0 0.45 0.258 0.015 0.028
0 0.435 0.278 0.017 0.036
0 0.47 0.299 0.015 0.034
0 0.513 0.302 0.02 0.035
0 0.496 0.261 0.017 0.034
0 0.465 0.237 0.013 0.028
0 0.472 0.226 0.011 0.022
0 0.519 0.241 0.016 0.029
0 0.547 0.244 0.016 0.032
0 0.551 0.281 0.017 0.039
0 0.581 0.25 0.018 0.034
0 0.559 0.211 0.012 0.031
0 0.571 0.212 0.011 0.02
0 0.574 0.235 0.011 0.024
0 0.6 0.236 0.014 0.031
0 0.609 0.199 0.012 0.027
0 0.627 0.209 0.011 0.027
0 0.633 0.224 0.011 0.027
0 0.639 0.242 0.015 0.029
0 0.675 0.227 0.014 0.032
0 0.662 0.214 0.013 0.024
0 0.502 0.38 0.028 0.064
0 0.55 0.391 0.032 0.061
0 0.614 0.418 0.031 0.07
0 0.607 0.371 0.028 0.054
0 0.599 0.317 0.024 0.045
0 0.632 0.291 0.021 0.039
0 0.648 0.325 0.021 0.047
0 0.695 0.345 0.022 0.05
0 0.666 0.433 0.034 0.073
0 0.657 0.386 0.027 0.054
0 0.718 0.455 0.039 0.081
0 0.742 0.397 0.028 0.054
0 0.774 0.448 0.03 0.059
0 0.8 0.353 0.022 0.052
0 0.814 0.503 0.034 0.068
0 0.842 0.427 0.028 0.06
0 0.907 0.46 0.03 0.066
0 0.895 0.388 0.024 0.049
0 0.855 0.376 0.024 0.054
0 0.878 0.315 0.019 0.046
0 0.873 0.359 0.022 0.045
0 0.917 0.357 0.021 0.046
0 0.926 0.326 0.016 0.038
0 0.927 0.293 0.014 0.032
0 0.678 0.265 0.018 0.036
0 0.707 0.249 0.015 0.036
0 0.723 0.284 0.018 0.039
0 0.732 0.258 0.017 0.038
0 0.734 0.23 0.014 0.032
0 0.756 0.225 0.016 0.031
0 0.77 0.28 0.017 0.041
0 0.774 0.249 0.015 0.029
0 0.78 0.237 0.012 0.027
0 0.751 0.258 0.015 0.029
0 0.815 0.3 0.021 0.035
0 0.849 0.301 0.017 0.038
0 0.819 0.342 0.021 0.05
0 0.815 0.27 0.016 0.032
0 0.809 0.238 0.017 0.035
0 0.837 0.254 0.014 0.031
0 0.851 0.268 0.016 0.034
0 0.858 0.256 0.015 0.031
0 0.868 0.247 0.015 0.034
0 0.905 0.28 0.018 0.038
0 0.932 0.259 0.018 0.032
