0 0.067 0.3 0.023 0.046
0 0.29 0.221 0.017 0.035
0 0.304 0.24 0.016 0.033
0 0.329 0.246 0.017 0.037
0 0.379 0.25 0.017 0.037
0 0.41 0.245 0.019 0.042
0 0.331 0.177 0.012 0.028
0 0.349 0.188 0.013 0.031
0 0.374 0.194 0.016 0.033
0 0.418 0.193 0.015 0.033
0 0.425 0.165 0.013 0.029
0 0.441 0.174 0.013 0.029
0 0.445 0.215 0.016 0.029
0 0.476 0.226 0.018 0.037
0 0.475 0.189 0.015 0.033
0 0.522 0.18 0.014 0.029
0 0.554 0.183 0.013 0.033
0 0.589 0.17 0.013 0.028
0 0.566 0.156 0.011 0.022
0 0.551 0.157 0.014 0.02
0 0.548 0.132 0.014 0.022
0 0.523 0.136 0.011 0.022
0 0.492 0.162 0.014 0.024
0 0.471 0.159 0.014 0.024
0 0.473 0.138 0.012 0.022
0 0.489 0.135 0.012 0.024
0 0.501 0.127 0.012 0.022
0 0.618 0.155 0.015 0.028
0 0.617 0.13 0.012 0.022
0 0.608 0.118 0.011 0.024
0 0.586 0.121 0.012 0.026
0 0.639 0.113 0.011 0.028
0 0.657 0.125 0.011 0.026
0 0.67 0.103 0.009 0.022
0 0.686 0.119 0.011 0.022
0 0.693 0.102 0.009 0.02
0 0.713 0.109 0.012 0.028
0 0.484 0.277 0.023 0.051
0 0.544 0.292 0.027 0.048
0 0.596 0.348 0.025 0.053
0 0.683 0.366 0.028 0.057
0 0.749 0.382 0.03 0.062
0 0.808 0.444 0.027 0.062
0 0.897 0.427 0.029 0.075
0 0.588 0.247 0.018 0.042
0 0.625 0.22 0.017 0.033
0 0.629 0.266 0.023 0.04
0 0.683 0.25 0.021 0.053
0 0.692 0.18 0.016 0.033
0 0.691 0.163 0.014 0.029
0 0.72 0.178 0.014 0.029
0 0.706 0.171 0.011 0.029
0 0.748 0.136 0.014 0.029
0 0.781 0.129 0.012 0.031
0 0.795 0.154 0.013 0.026
0 0.745 0.195 0.014 0.035
0 0.726 0.225 0.016 0.039
0 0.725 0.305 0.02 0.04
0 0.832 0.356 0.024 0.051
0 0.774 0.326 0.023 0.053
0 0.772 0.241 0.02 0.042
0 0.807 0.209 0.015 0.044
0 0.819 0.226 0.017 0.04
0 0.864 0.269 0.017 0.042
0 0.871 0.216 0.017 0.042
0 0.931 0.215 0.016 0.033
0 0.921 0.294 0.015 0.04
0 0.912 0.347 0.021 0.059
