0 0.104 0.544 0.051 0.102
0 0.216 0.35 0.014 0.033
0 0.256 0.346 0.016 0.042
0 0.285 0.308 0.015 0.035
0 0.282 0.364 0.017 0.044
0 0.328 0.364 0.024 0.048
0 0.352 0.297 0.017 0.035
0 0.387 0.257 0.01 0.029
0 0.353 0.33 0.016 0.03
0 0.378 0.333 0.015 0.04
0 0.401 0.302 0.018 0.03
0 0.408 0.332 0.017 0.036
0 0.43 0.306 0.019 0.033
0 0.435 0.343 0.021 0.032
0 0.421 0.258 0.012 0.024
0 0.443 0.251 0.012 0.021
0 0.457 0.24 0.011 0.026
0 0.458 0.315 0.017 0.024
0 0.494 0.255 0.01 0.028
0 0.504 0.241 0.014 0.028
0 0.553 0.22 0.01 0.025
0 0.525 0.26 0.017 0.033
0 0.505 0.311 0.018 0.032
0 0.453 0.406 0.028 0.042
0 0.532 0.399 0.024 0.05
0 0.539 0.301 0.014 0.033
0 0.562 0.252 0.013 0.028
0 0.598 0.213 0.011 0.024
0 0.614 0.213 0.012 0.026
0 0.622 0.258 0.014 0.03
0 0.572 0.249 0.013 0.024
0 0.584 0.328 0.02 0.036
0 0.593 0.423 0.027 0.054
0 0.633 0.334 0.019 0.03
0 0.619 0.297 0.014 0.032
0 0.644 0.222 0.014 0.024
0 0.65 0.234 0.013 0.028
0 0.665 0.233 0.014 0.029
0 0.651 0.273 0.017 0.028
0 0.691 0.252 0.013 0.033
0 0.671 0.346 0.02 0.043
0 0.641 0.386 0.025 0.061
0 0.648 0.436 0.024 0.058
0 0.689 0.515 0.034 0.073
0 0.718 0.393 0.024 0.054
0 0.71 0.268 0.014 0.032
0 0.727 0.233 0.013 0.029
0 0.747 0.279 0.011 0.026
0 0.755 0.265 0.014 0.03
0 0.756 0.239 0.013 0.032
0 0.784 0.248 0.011 0.036
0 0.794 0.305 0.013 0.04
0 0.814 0.258 0.013 0.028
0 0.846 0.255 0.012 0.025
0 0.834 0.275 0.014 0.035
0 0.829 0.31 0.013 0.032
0 0.788 0.361 0.019 0.051
0 0.758 0.415 0.022 0.054
0 0.804 0.497 0.031 0.069
0 0.817 0.436 0.022 0.053
0 0.832 0.387 0.015 0.046
0 0.845 0.346 0.018 0.042
0 0.865 0.337 0.015 0.042
0 0.867 0.284 0.013 0.033
0 0.908 0.271 0.012 0.024
0 0.878 0.448 0.023 0.06
0 0.887 0.393 0.017 0.042
0 0.898 0.362 0.017 0.032
0 0.898 0.333 0.014 0.021
0 0.703 0.29 0.011 0.035
0 0.457 0.278 0.017 0.026
0 0.562 0.211 0.012 0.025
0 0.906 0.309 0.009 0.028
0 0.893 0.314 0.013 0.028
0 0.523 0.369 0.022 0.048
0 0.587 0.229 0.013 0.022
0 0.719 0.253 0.014 0.037
