0 0.137 0.467 0.041 0.084
0 0.234 0.338 0.014 0.03
0 0.257 0.349 0.018 0.042
0 0.288 0.37 0.017 0.037
0 0.287 0.305 0.012 0.03
0 0.348 0.352 0.019 0.042
0 0.355 0.293 0.017 0.029
0 0.383 0.336 0.014 0.03
0 0.355 0.323 0.015 0.024
0 0.411 0.331 0.019 0.037
0 0.407 0.3 0.012 0.03
0 0.441 0.34 0.021 0.043
0 0.436 0.308 0.014 0.032
0 0.396 0.259 0.015 0.03
0 0.407 0.274 0.012 0.023
0 0.425 0.265 0.012 0.023
0 0.444 0.265 0.013 0.032
0 0.47 0.304 0.016 0.029
0 0.469 0.269 0.015 0.027
0 0.461 0.245 0.012 0.023
0 0.47 0.234 0.011 0.019
0 0.498 0.269 0.013 0.036
0 0.517 0.282 0.016 0.035
0 0.5 0.323 0.018 0.037
0 0.575 0.279 0.014 0.03
0 0.538 0.253 0.013 0.03
0 0.518 0.245 0.014 0.026
0 0.567 0.22 0.008 0.019
0 0.6 0.226 0.013 0.024
0 0.613 0.206 0.01 0.023
0 0.629 0.22 0.012 0.026
0 0.669 0.21 0.008 0.02
0 0.674 0.233 0.01 0.024
0 0.689 0.231 0.009 0.023
0 0.641 0.249 0.012 0.023
0 0.608 0.253 0.011 0.022
0 0.581 0.251 0.013 0.02
0 0.503 0.386 0.024 0.058
0 0.546 0.404 0.026 0.05
0 0.538 0.379 0.02 0.035
0 0.598 0.33 0.021 0.043
0 0.613 0.429 0.026 0.055
0 0.634 0.464 0.029 0.058
0 0.708 0.537 0.032 0.075
0 0.802 0.493 0.023 0.052
0 0.666 0.372 0.022 0.046
0 0.693 0.351 0.016 0.042
0 0.672 0.28 0.016 0.032
0 0.637 0.313 0.019 0.037
0 0.706 0.252 0.012 0.029
0 0.723 0.287 0.013 0.036
0 0.735 0.25 0.012 0.033
0 0.745 0.223 0.013 0.027
0 0.748 0.271 0.012 0.026
0 0.768 0.283 0.014 0.033
0 0.768 0.254 0.011 0.026
0 0.78 0.238 0.01 0.023
0 0.787 0.266 0.013 0.03
0 0.813 0.246 0.015 0.032
0 0.744 0.41 0.022 0.05
0 0.817 0.28 0.013 0.024
0 0.815 0.312 0.013 0.03
0 0.813 0.364 0.022 0.05
0 0.789 0.414 0.021 0.045
0 0.86 0.414 0.022 0.045
0 0.854 0.306 0.012 0.033
0 0.844 0.259 0.013 0.029
0 0.862 0.273 0.012 0.027
0 0.873 0.285 0.014 0.03
0 0.876 0.254 0.012 0.027
0 0.902 0.29 0.014 0.037
0 0.94 0.313 0.012 0.027
0 0.939 0.282 0.012 0.022
0 0.907 0.331 0.014 0.037
0 0.93 0.352 0.013 0.037
0 0.914 0.396 0.018 0.043
0 0.911 0.461 0.025 0.055
0 0.87 0.338 0.018 0.048
0 0.848 0.463 0.028 0.048
