0 0.203 0.487 0.039 0.088
0 0.305 0.248 0.021 0.039
0 0.326 0.267 0.021 0.041
0 0.345 0.28 0.018 0.037
0 0.436 0.285 0.022 0.047
0 0.39 0.208 0.016 0.032
0 0.429 0.218 0.018 0.031
0 0.455 0.218 0.016 0.029
0 0.477 0.22 0.014 0.028
0 0.483 0.196 0.016 0.028
0 0.456 0.188 0.014 0.028
0 0.438 0.177 0.014 0.029
0 0.464 0.157 0.012 0.023
0 0.483 0.168 0.016 0.028
0 0.506 0.17 0.013 0.029
0 0.495 0.14 0.014 0.024
0 0.54 0.148 0.013 0.023
0 0.547 0.133 0.012 0.029
0 0.568 0.123 0.013 0.029
0 0.567 0.159 0.013 0.026
0 0.589 0.165 0.014 0.031
0 0.583 0.134 0.013 0.028
0 0.616 0.14 0.012 0.024
0 0.619 0.111 0.012 0.024
0 0.628 0.119 0.015 0.026
0 0.657 0.064 0.011 0.018
0 0.696 0.062 0.013 0.024
0 0.493 0.328 0.028 0.049
0 0.556 0.322 0.025 0.054
0 0.627 0.312 0.025 0.068
0 0.581 0.256 0.021 0.041
0 0.616 0.253 0.024 0.045
0 0.628 0.211 0.024 0.045
0 0.668 0.265 0.023 0.045
0 0.679 0.213 0.026 0.047
0 0.71 0.208 0.02 0.042
0 0.727 0.287 0.026 0.057
0 0.789 0.317 0.026 0.05
0 0.701 0.111 0.014 0.031
0 0.697 0.162 0.018 0.039
0 0.727 0.144 0.017 0.037
0 0.758 0.186 0.018 0.031
0 0.765 0.157 0.019 0.031
0 0.763 0.123 0.012 0.026
0 0.751 0.124 0.018 0.037
0 0.823 0.136 0.014 0.031
0 0.84 0.157 0.014 0.031
0 0.814 0.195 0.017 0.029
0 0.863 0.192 0.015 0.039
0 0.884 0.231 0.018 0.044
0 0.899 0.196 0.019 0.041
0 0.938 0.205 0.019 0.041
