0 0.193 0.369 0.044 0.09
0 0.284 0.214 0.017 0.037
0 0.305 0.227 0.018 0.037
0 0.322 0.222 0.019 0.043
0 0.348 0.233 0.019 0.046
0 0.371 0.247 0.02 0.045
0 0.416 0.249 0.021 0.046
0 0.329 0.178 0.018 0.038
0 0.352 0.188 0.018 0.037
0 0.369 0.183 0.019 0.04
0 0.385 0.196 0.02 0.04
0 0.418 0.195 0.019 0.037
0 0.448 0.232 0.024 0.042
0 0.417 0.159 0.017 0.035
0 0.433 0.171 0.019 0.037
0 0.454 0.145 0.017 0.03
0 0.469 0.175 0.022 0.04
0 0.497 0.216 0.024 0.045
0 0.5 0.177 0.019 0.037
0 0.486 0.157 0.019 0.035
0 0.468 0.129 0.014 0.027
0 0.485 0.131 0.014 0.024
0 0.537 0.178 0.017 0.038
0 0.525 0.156 0.015 0.037
0 0.506 0.141 0.013 0.032
0 0.502 0.121 0.013 0.03
0 0.525 0.121 0.015 0.03
0 0.547 0.164 0.017 0.03
0 0.545 0.14 0.014 0.027
0 0.548 0.115 0.014 0.03
0 0.563 0.146 0.012 0.029
0 0.574 0.131 0.013 0.03
0 0.579 0.179 0.022 0.035
0 0.582 0.111 0.012 0.029
0 0.593 0.13 0.014 0.032
0 0.603 0.148 0.014 0.027
0 0.599 0.11 0.013 0.03
0 0.62 0.149 0.015 0.032
0 0.622 0.121 0.015 0.027
0 0.629 0.109 0.013 0.029
0 0.645 0.099 0.015 0.026
0 0.655 0.127 0.015 0.03
0 0.659 0.111 0.012 0.024
0 0.68 0.119 0.013 0.03
0 0.677 0.103 0.013 0.024
0 0.702 0.111 0.014 0.032
0 0.5 0.273 0.025 0.062
0 0.573 0.281 0.025 0.059
0 0.603 0.312 0.03 0.075
0 0.586 0.236 0.026 0.053
0 0.62 0.247 0.024 0.054
0 0.623 0.2 0.018 0.04
0 0.664 0.264 0.022 0.05
0 0.674 0.346 0.032 0.074
0 0.668 0.191 0.018 0.042
0 0.699 0.158 0.017 0.043
0 0.712 0.188 0.016 0.042
0 0.726 0.284 0.025 0.056
0 0.728 0.216 0.024 0.046
0 0.756 0.2 0.02 0.046
0 0.738 0.143 0.015 0.03
0 0.747 0.155 0.017 0.037
0 0.752 0.132 0.017 0.034
0 0.764 0.155 0.014 0.037
0 0.779 0.132 0.014 0.027
0 0.806 0.154 0.015 0.029
0 0.789 0.216 0.02 0.045
0 0.774 0.239 0.021 0.051
0 0.786 0.288 0.022 0.062
0 0.774 0.357 0.03 0.066
0 0.823 0.384 0.034 0.079
0 0.829 0.303 0.023 0.064
0 0.832 0.241 0.022 0.053
0 0.856 0.269 0.019 0.045
0 0.883 0.231 0.019 0.045
0 0.917 0.331 0.026 0.062
0 0.87 0.422 0.034 0.079
0 0.923 0.286 0.024 0.04
0 0.927 0.233 0.017 0.04
