0 0.083 0.453 0.041 0.091
0 0.287 0.267 0.025 0.039
0 0.31 0.219 0.02 0.038
0 0.347 0.21 0.018 0.035
0 0.337 0.255 0.02 0.035
0 0.369 0.27 0.022 0.05
0 0.368 0.212 0.018 0.038
0 0.399 0.221 0.021 0.036
0 0.39 0.277 0.028 0.042
0 0.421 0.182 0.015 0.036
0 0.45 0.212 0.018 0.046
0 0.477 0.223 0.017 0.034
0 0.466 0.137 0.015 0.034
0 0.485 0.132 0.016 0.029
0 0.493 0.15 0.015 0.032
0 0.503 0.134 0.015 0.025
0 0.522 0.131 0.014 0.021
0 0.502 0.182 0.029 0.039
0 0.54 0.164 0.016 0.035
0 0.552 0.124 0.016 0.028
0 0.563 0.135 0.023 0.029
0 0.557 0.182 0.018 0.038
0 0.573 0.116 0.014 0.025
0 0.59 0.102 0.021 0.028
0 0.604 0.122 0.021 0.038
0 0.611 0.141 0.013 0.025
0 0.638 0.095 0.013 0.025
0 0.66 0.106 0.013 0.031
0 0.647 0.13 0.015 0.028
0 0.672 0.116 0.01 0.022
0 0.696 0.104 0.01 0.021
0 0.558 0.228 0.022 0.045
0 0.559 0.273 0.023 0.046
0 0.615 0.236 0.025 0.05
0 0.615 0.206 0.021 0.043
0 0.679 0.193 0.022 0.041
0 0.659 0.263 0.025 0.047
0 0.628 0.34 0.03 0.049
0 0.706 0.22 0.023 0.035
0 0.708 0.161 0.018 0.038
0 0.72 0.184 0.021 0.034
0 0.731 0.138 0.019 0.032
0 0.751 0.135 0.021 0.038
0 0.78 0.112 0.017 0.025
0 0.777 0.145 0.022 0.042
0 0.748 0.24 0.029 0.052
0 0.802 0.28 0.026 0.049
0 0.801 0.116 0.018 0.034
0 0.809 0.156 0.021 0.031
0 0.837 0.238 0.023 0.049
0 0.825 0.133 0.015 0.035
0 0.859 0.136 0.02 0.029
0 0.855 0.166 0.015 0.031
0 0.897 0.14 0.013 0.035
0 0.888 0.189 0.015 0.025
0 0.828 0.3 0.025 0.047
0 0.84 0.36 0.023 0.064
0 0.884 0.331 0.03 0.064
0 0.889 0.442 0.036 0.077
0 0.876 0.244 0.024 0.05
0 0.913 0.231 0.024 0.043
0 0.929 0.198 0.012 0.032
0 0.933 0.15 0.008 0.027
0 0.906 0.296 0.027 0.061
0 0.862 0.203 0.019 0.036
0 0.774 0.218 0.031 0.059
0 0.753 0.175 0.025 0.041
0 0.804 0.243 0.024 0.045
0 0.827 0.209 0.025 0.039
0 0.58 0.147 0.031 0.038
0 0.47 0.165 0.019 0.031
0 0.433 0.182 0.025 0.035
0 0.454 0.185 0.015 0.029
0 0.616 0.096 0.021 0.024
0 0.714 0.135 0.021 0.029
