0 0.17 0.467 0.038 0.087
0 0.214 0.35 0.014 0.027
0 0.254 0.349 0.018 0.041
0 0.279 0.37 0.016 0.032
0 0.283 0.308 0.014 0.029
0 0.317 0.379 0.019 0.045
0 0.348 0.328 0.013 0.029
0 0.349 0.297 0.012 0.025
0 0.374 0.331 0.013 0.032
0 0.398 0.341 0.014 0.032
0 0.43 0.346 0.017 0.035
0 0.398 0.298 0.013 0.028
0 0.396 0.248 0.012 0.032
0 0.426 0.308 0.014 0.029
0 0.433 0.266 0.013 0.021
0 0.418 0.252 0.013 0.024
0 0.46 0.267 0.012 0.022
0 0.452 0.241 0.013 0.018
0 0.482 0.269 0.012 0.027
0 0.502 0.297 0.014 0.028
0 0.493 0.258 0.01 0.024
0 0.5 0.243 0.012 0.024
0 0.518 0.252 0.013 0.029
0 0.543 0.226 0.01 0.024
0 0.554 0.244 0.01 0.027
0 0.558 0.206 0.01 0.022
0 0.555 0.276 0.013 0.027
0 0.56 0.266 0.012 0.018
0 0.57 0.252 0.009 0.024
0 0.585 0.238 0.011 0.022
0 0.594 0.209 0.01 0.027
0 0.608 0.209 0.012 0.024
0 0.609 0.236 0.013 0.024
0 0.639 0.223 0.009 0.024
0 0.663 0.229 0.011 0.027
0 0.649 0.233 0.01 0.027
0 0.684 0.255 0.011 0.028
0 0.62 0.261 0.012 0.027
0 0.498 0.329 0.016 0.031
0 0.457 0.316 0.015 0.031
0 0.445 0.411 0.026 0.056
0 0.524 0.409 0.023 0.049
0 0.521 0.369 0.02 0.036
0 0.578 0.323 0.017 0.039
0 0.616 0.296 0.014 0.029
0 0.629 0.337 0.022 0.034
0 0.662 0.363 0.021 0.038
0 0.59 0.427 0.023 0.056
0 0.641 0.438 0.028 0.055
0 0.636 0.389 0.022 0.048
0 0.71 0.394 0.02 0.042
0 0.663 0.327 0.016 0.038
0 0.648 0.278 0.013 0.034
0 0.698 0.287 0.015 0.028
0 0.708 0.271 0.012 0.032
0 0.715 0.248 0.009 0.027
0 0.724 0.235 0.014 0.025
0 0.752 0.241 0.01 0.025
0 0.744 0.281 0.013 0.034
0 0.749 0.264 0.013 0.029
0 0.684 0.508 0.031 0.069
0 0.79 0.529 0.023 0.064
0 0.755 0.431 0.024 0.053
0 0.784 0.363 0.02 0.043
0 0.797 0.332 0.016 0.038
0 0.782 0.299 0.013 0.029
0 0.789 0.276 0.013 0.028
0 0.779 0.247 0.013 0.029
0 0.809 0.257 0.011 0.025
0 0.827 0.28 0.016 0.032
0 0.83 0.261 0.013 0.032
0 0.839 0.254 0.014 0.035
0 0.863 0.284 0.012 0.031
0 0.82 0.317 0.015 0.032
0 0.845 0.357 0.019 0.041
0 0.827 0.391 0.018 0.052
0 0.816 0.446 0.023 0.045
0 0.874 0.46 0.02 0.062
0 0.878 0.395 0.019 0.049
0 0.89 0.359 0.012 0.038
0 0.893 0.336 0.013 0.031
0 0.883 0.318 0.01 0.032
0 0.9 0.308 0.009 0.028
0 0.892 0.292 0.011 0.027
0 0.902 0.272 0.012 0.027
