0 0.188 0.446 0.042 0.081
0 0.341 0.25 0.021 0.044
0 0.386 0.248 0.025 0.04
0 0.443 0.262 0.018 0.04
0 0.497 0.226 0.023 0.035
0 0.442 0.22 0.017 0.033
0 0.391 0.196 0.017 0.032
0 0.365 0.195 0.015 0.028
0 0.422 0.185 0.016 0.033
0 0.47 0.188 0.019 0.032
0 0.466 0.146 0.014 0.025
0 0.5 0.132 0.012 0.025
0 0.526 0.132 0.011 0.023
0 0.542 0.132 0.013 0.019
0 0.513 0.19 0.017 0.03
0 0.538 0.2 0.021 0.032
0 0.586 0.177 0.015 0.032
0 0.579 0.125 0.01 0.03
0 0.617 0.114 0.011 0.021
0 0.62 0.143 0.014 0.026
0 0.636 0.259 0.02 0.044
0 0.585 0.245 0.023 0.04
0 0.629 0.213 0.019 0.033
0 0.656 0.184 0.022 0.035
0 0.747 0.179 0.014 0.028
0 0.732 0.153 0.012 0.025
0 0.699 0.172 0.019 0.025
0 0.697 0.205 0.016 0.035
0 0.717 0.228 0.019 0.046
0 0.761 0.264 0.018 0.033
0 0.667 0.278 0.027 0.047
0 0.773 0.304 0.023 0.051
0 0.802 0.307 0.019 0.046
0 0.835 0.315 0.025 0.051
0 0.864 0.283 0.02 0.04
0 0.911 0.349 0.024 0.06
0 0.927 0.314 0.018 0.042
0 0.927 0.204 0.017 0.042
0 0.947 0.18 0.011 0.033
0 0.863 0.193 0.014 0.032
0 0.889 0.232 0.019 0.04
0 0.835 0.235 0.017 0.035
0 0.848 0.206 0.017 0.03
0 0.838 0.188 0.017 0.032
0 0.932 0.288 0.016 0.039
