0 0.134 0.527 0.038 0.071
0 0.23 0.342 0.017 0.041
0 0.251 0.383 0.025 0.037
0 0.281 0.385 0.029 0.05
0 0.282 0.319 0.022 0.037
0 0.336 0.36 0.027 0.046
0 0.354 0.327 0.021 0.034
0 0.355 0.299 0.016 0.03
0 0.391 0.263 0.017 0.031
0 0.411 0.27 0.016 0.034
0 0.428 0.256 0.018 0.033
0 0.442 0.278 0.016 0.033
0 0.412 0.336 0.025 0.044
0 0.408 0.305 0.027 0.033
0 0.451 0.336 0.023 0.041
0 0.47 0.311 0.018 0.034
0 0.502 0.334 0.026 0.041
0 0.475 0.266 0.018 0.034
0 0.471 0.241 0.022 0.037
0 0.513 0.264 0.015 0.031
0 0.528 0.279 0.018 0.03
0 0.547 0.251 0.016 0.029
0 0.556 0.281 0.021 0.04
0 0.581 0.261 0.018 0.031
0 0.561 0.223 0.011 0.029
0 0.574 0.219 0.014 0.033
0 0.605 0.249 0.014 0.029
0 0.641 0.249 0.013 0.03
0 0.634 0.221 0.02 0.031
0 0.617 0.204 0.017 0.031
0 0.677 0.208 0.013 0.03
0 0.694 0.221 0.015 0.036
0 0.681 0.235 0.013 0.03
0 0.675 0.274 0.018 0.037
0 0.639 0.302 0.025 0.047
0 0.603 0.33 0.025 0.037
0 0.54 0.359 0.03 0.054
0 0.485 0.411 0.033 0.067
0 0.528 0.444 0.038 0.07
0 0.593 0.449 0.033 0.071
0 0.619 0.372 0.023 0.059
0 0.651 0.348 0.02 0.044
0 0.664 0.367 0.027 0.049
0 0.698 0.364 0.024 0.049
0 0.687 0.317 0.019 0.034
0 0.71 0.301 0.023 0.043
0 0.713 0.253 0.02 0.037
0 0.743 0.26 0.017 0.034
0 0.752 0.237 0.014 0.026
0 0.777 0.266 0.015 0.033
0 0.791 0.284 0.015 0.034
0 0.788 0.24 0.015 0.031
0 0.817 0.244 0.016 0.036
0 0.824 0.294 0.016 0.037
0 0.83 0.269 0.017 0.031
0 0.823 0.359 0.026 0.049
0 0.839 0.332 0.018 0.044
0 0.778 0.433 0.033 0.063
0 0.727 0.404 0.033 0.057
0 0.707 0.549 0.038 0.083
0 0.641 0.472 0.043 0.081
0 0.816 0.587 0.042 0.086
0 0.849 0.469 0.037 0.06
0 0.867 0.385 0.028 0.056
0 0.917 0.452 0.028 0.061
0 0.879 0.344 0.019 0.041
0 0.852 0.326 0.018 0.039
0 0.866 0.278 0.018 0.036
0 0.855 0.264 0.018 0.027
0 0.889 0.255 0.016 0.036
0 0.906 0.304 0.022 0.037
0 0.941 0.31 0.018 0.031
0 0.937 0.349 0.02 0.05
0 0.894 0.323 0.018 0.037
0 0.949 0.284 0.013 0.029
