0 0.191 0.455 0.038 0.077
0 0.24 0.336 0.014 0.032
0 0.272 0.345 0.019 0.039
0 0.303 0.359 0.021 0.038
0 0.296 0.304 0.016 0.031
0 0.35 0.359 0.02 0.038
0 0.373 0.325 0.015 0.031
0 0.37 0.292 0.015 0.035
0 0.396 0.331 0.013 0.025
0 0.419 0.33 0.017 0.028
0 0.457 0.334 0.016 0.032
0 0.42 0.301 0.015 0.031
0 0.42 0.272 0.015 0.025
0 0.406 0.257 0.012 0.024
0 0.451 0.269 0.016 0.026
0 0.447 0.304 0.013 0.029
0 0.483 0.3 0.012 0.026
0 0.481 0.266 0.014 0.025
0 0.473 0.244 0.007 0.019
0 0.481 0.235 0.013 0.021
0 0.507 0.265 0.013 0.029
0 0.513 0.312 0.017 0.036
0 0.528 0.277 0.015 0.028
0 0.573 0.249 0.012 0.024
0 0.535 0.251 0.012 0.025
0 0.545 0.257 0.015 0.026
0 0.575 0.216 0.011 0.019
0 0.585 0.242 0.011 0.024
0 0.617 0.224 0.013 0.025
0 0.624 0.203 0.011 0.025
0 0.639 0.221 0.011 0.024
0 0.648 0.247 0.013 0.025
0 0.616 0.255 0.012 0.019
0 0.584 0.275 0.017 0.029
0 0.676 0.21 0.01 0.022
0 0.687 0.228 0.011 0.028
0 0.703 0.227 0.015 0.025
0 0.681 0.273 0.014 0.028
0 0.515 0.379 0.026 0.047
0 0.557 0.401 0.026 0.042
0 0.552 0.369 0.023 0.031
0 0.611 0.325 0.02 0.038
0 0.625 0.419 0.031 0.056
0 0.68 0.368 0.024 0.039
0 0.66 0.341 0.018 0.039
0 0.645 0.302 0.017 0.035
0 0.716 0.26 0.011 0.028
0 0.733 0.284 0.013 0.033
0 0.756 0.222 0.015 0.026
0 0.687 0.435 0.036 0.061
0 0.718 0.512 0.035 0.074
0 0.752 0.403 0.025 0.043
0 0.701 0.352 0.021 0.039
0 0.8 0.404 0.02 0.045
0 0.814 0.483 0.026 0.052
0 0.857 0.433 0.022 0.047
0 0.923 0.464 0.03 0.061
0 0.929 0.395 0.019 0.038
0 0.941 0.351 0.013 0.036
0 0.87 0.407 0.021 0.049
0 0.821 0.361 0.019 0.038
0 0.758 0.272 0.011 0.019
0 0.777 0.282 0.013 0.029
0 0.776 0.253 0.011 0.018
0 0.792 0.234 0.012 0.028
0 0.797 0.275 0.012 0.024
0 0.824 0.306 0.016 0.029
0 0.826 0.278 0.013 0.021
0 0.823 0.243 0.013 0.026
0 0.853 0.26 0.012 0.029
0 0.868 0.264 0.012 0.026
0 0.885 0.256 0.012 0.029
0 0.909 0.288 0.014 0.031
0 0.949 0.282 0.012 0.024
0 0.948 0.299 0.013 0.025
0 0.945 0.313 0.015 0.026
0 0.864 0.313 0.014 0.029
0 0.878 0.341 0.015 0.04
0 0.9 0.321 0.016 0.032
0 0.877 0.288 0.014 0.029
