0 0.18 0.454 0.054 0.107
0 0.238 0.367 0.045 0.107
0 0.277 0.208 0.026 0.046
0 0.341 0.278 0.02 0.044
0 0.356 0.26 0.019 0.036
0 0.438 0.281 0.028 0.051
0 0.424 0.222 0.02 0.038
0 0.411 0.188 0.018 0.033
0 0.452 0.223 0.026 0.048
0 0.462 0.182 0.018 0.035
0 0.483 0.199 0.019 0.036
0 0.464 0.151 0.016 0.028
0 0.479 0.153 0.013 0.03
0 0.489 0.164 0.018 0.031
0 0.493 0.135 0.014 0.026
0 0.518 0.174 0.018 0.031
0 0.541 0.139 0.017 0.035
0 0.569 0.152 0.015 0.031
0 0.574 0.116 0.016 0.028
0 0.591 0.16 0.014 0.036
0 0.548 0.204 0.025 0.04
0 0.493 0.311 0.027 0.061
0 0.633 0.238 0.029 0.051
0 0.652 0.127 0.023 0.053
0 0.667 0.25 0.026 0.059
0 0.696 0.161 0.02 0.038
0 0.725 0.148 0.016 0.033
0 0.741 0.163 0.019 0.036
0 0.709 0.096 0.013 0.03
0 0.717 0.077 0.011 0.028
0 0.741 0.074 0.014 0.03
0 0.766 0.104 0.013 0.026
0 0.759 0.143 0.015 0.04
0 0.768 0.169 0.016 0.041
0 0.73 0.278 0.034 0.059
0 0.788 0.269 0.032 0.061
0 0.813 0.182 0.019 0.041
0 0.828 0.13 0.016 0.036
0 0.866 0.179 0.015 0.035
0 0.888 0.23 0.017 0.048
