0 0.153 0.353 0.038 0.076
0 0.257 0.279 0.015 0.027
0 0.295 0.261 0.02 0.045
0 0.347 0.211 0.021 0.027
0 0.318 0.243 0.02 0.035
0 0.317 0.289 0.019 0.041
0 0.367 0.251 0.027 0.048
0 0.374 0.221 0.02 0.028
0 0.385 0.196 0.021 0.03
0 0.412 0.17 0.016 0.032
0 0.425 0.187 0.024 0.038
0 0.429 0.221 0.021 0.038
0 0.447 0.192 0.026 0.038
0 0.457 0.17 0.023 0.038
0 0.453 0.225 0.024 0.045
0 0.476 0.25 0.024 0.035
0 0.485 0.133 0.013 0.03
0 0.482 0.168 0.027 0.035
0 0.488 0.203 0.024 0.041
0 0.52 0.204 0.028 0.043
0 0.557 0.158 0.02 0.038
0 0.535 0.143 0.018 0.033
0 0.513 0.074 0.015 0.025
0 0.576 0.175 0.017 0.035
0 0.583 0.138 0.025 0.055
0 0.59 0.1 0.019 0.03
0 0.611 0.059 0.009 0.022
0 0.621 0.145 0.023 0.038
0 0.648 0.1 0.013 0.023
0 0.674 0.116 0.014 0.02
0 0.705 0.067 0.013 0.032
0 0.489 0.301 0.028 0.058
0 0.536 0.347 0.025 0.041
0 0.571 0.242 0.027 0.05
0 0.637 0.206 0.023 0.043
0 0.612 0.267 0.024 0.036
0 0.593 0.354 0.031 0.071
0 0.681 0.341 0.036 0.061
0 0.662 0.294 0.038 0.05
0 0.693 0.221 0.024 0.036
0 0.699 0.185 0.022 0.035
0 0.741 0.121 0.019 0.03
0 0.729 0.148 0.023 0.04
0 0.789 0.128 0.018 0.033
0 0.768 0.131 0.024 0.033
0 0.752 0.146 0.024 0.04
0 0.758 0.174 0.023 0.03
0 0.748 0.194 0.016 0.033
0 0.757 0.24 0.034 0.046
0 0.742 0.286 0.025 0.058
0 0.774 0.294 0.028 0.055
0 0.81 0.25 0.022 0.046
0 0.796 0.186 0.022 0.033
0 0.842 0.137 0.011 0.025
0 0.851 0.183 0.02 0.032
0 0.869 0.149 0.018 0.033
0 0.896 0.143 0.018 0.033
0 0.872 0.24 0.017 0.04
0 0.922 0.265 0.022 0.05
0 0.887 0.187 0.021 0.04
0 0.929 0.203 0.024 0.041
0 0.933 0.158 0.015 0.028
0 0.799 0.148 0.019 0.032
0 0.52 0.167 0.028 0.03
0 0.832 0.162 0.024 0.048
0 0.669 0.213 0.024 0.058
0 0.673 0.183 0.018 0.048
0 0.639 0.123 0.018 0.033
0 0.863 0.131 0.014 0.017
