0 0.205 0.353 0.039 0.083
0 0.286 0.253 0.017 0.036
0 0.313 0.223 0.014 0.026
0 0.345 0.225 0.016 0.03
0 0.318 0.271 0.016 0.04
0 0.338 0.279 0.016 0.028
0 0.372 0.208 0.012 0.02
0 0.384 0.2 0.017 0.028
0 0.377 0.229 0.017 0.026
0 0.424 0.216 0.015 0.028
0 0.427 0.177 0.016 0.03
0 0.439 0.197 0.017 0.03
0 0.46 0.208 0.017 0.036
0 0.455 0.172 0.015 0.028
0 0.449 0.155 0.015 0.026
0 0.472 0.154 0.016 0.028
0 0.484 0.14 0.014 0.022
0 0.479 0.169 0.016 0.026
0 0.43 0.275 0.024 0.04
0 0.498 0.202 0.015 0.032
0 0.52 0.208 0.017 0.032
0 0.549 0.168 0.017 0.036
0 0.57 0.178 0.015 0.024
0 0.582 0.157 0.015 0.026
0 0.568 0.141 0.015 0.024
0 0.557 0.12 0.012 0.018
0 0.527 0.147 0.014 0.024
0 0.534 0.132 0.014 0.018
0 0.583 0.125 0.015 0.024
0 0.592 0.102 0.013 0.022
0 0.617 0.101 0.012 0.02
0 0.613 0.117 0.013 0.02
0 0.633 0.122 0.015 0.022
0 0.642 0.101 0.013 0.02
0 0.62 0.145 0.015 0.028
0 0.69 0.099 0.012 0.028
0 0.669 0.124 0.012 0.022
0 0.657 0.17 0.014 0.032
0 0.607 0.215 0.02 0.038
0 0.669 0.206 0.014 0.028
0 0.697 0.185 0.015 0.03
0 0.689 0.158 0.015 0.028
0 0.71 0.139 0.014 0.024
0 0.734 0.125 0.015 0.028
0 0.758 0.109 0.013 0.024
0 0.745 0.14 0.013 0.022
0 0.769 0.133 0.014 0.028
0 0.737 0.165 0.013 0.026
0 0.747 0.196 0.015 0.032
0 0.761 0.187 0.014 0.022
0 0.8 0.184 0.014 0.028
0 0.805 0.143 0.013 0.02
0 0.809 0.128 0.014 0.022
0 0.831 0.142 0.014 0.026
0 0.846 0.152 0.012 0.02
0 0.823 0.174 0.012 0.028
0 0.843 0.188 0.015 0.036
0 0.867 0.144 0.014 0.034
0 0.879 0.191 0.013 0.034
0 0.871 0.229 0.017 0.042
0 0.9 0.14 0.009 0.026
0 0.895 0.168 0.014 0.032
0 0.925 0.158 0.01 0.028
0 0.93 0.158 0.01 0.02
0 0.923 0.187 0.015 0.042
0 0.915 0.282 0.02 0.055
0 0.77 0.291 0.023 0.053
0 0.716 0.29 0.023 0.046
0 0.678 0.33 0.026 0.059
0 0.663 0.257 0.022 0.048
0 0.701 0.225 0.02 0.038
0 0.605 0.267 0.021 0.044
0 0.602 0.333 0.026 0.053
0 0.546 0.304 0.024 0.051
0 0.56 0.252 0.02 0.038
0 0.491 0.301 0.023 0.044
