0 0.119 0.529 0.043 0.07
0 0.22 0.343 0.017 0.035
0 0.25 0.364 0.019 0.046
0 0.285 0.362 0.019 0.045
0 0.278 0.315 0.018 0.034
0 0.332 0.351 0.023 0.048
0 0.373 0.342 0.018 0.035
0 0.403 0.341 0.017 0.037
0 0.346 0.301 0.019 0.035
0 0.401 0.306 0.016 0.028
0 0.444 0.353 0.022 0.038
0 0.385 0.268 0.013 0.032
0 0.422 0.258 0.013 0.022
0 0.457 0.284 0.017 0.029
0 0.45 0.258 0.013 0.025
0 0.464 0.237 0.011 0.018
0 0.459 0.254 0.012 0.024
0 0.5 0.327 0.022 0.037
0 0.466 0.316 0.021 0.034
0 0.517 0.285 0.022 0.031
0 0.501 0.275 0.015 0.027
0 0.548 0.252 0.014 0.032
0 0.568 0.282 0.017 0.035
0 0.58 0.271 0.014 0.034
0 0.556 0.224 0.014 0.024
0 0.575 0.216 0.016 0.029
0 0.608 0.206 0.015 0.028
0 0.625 0.22 0.014 0.027
0 0.641 0.228 0.018 0.028
0 0.64 0.257 0.018 0.025
0 0.6 0.255 0.015 0.024
0 0.668 0.216 0.014 0.025
0 0.7 0.223 0.016 0.032
0 0.675 0.233 0.013 0.028
0 0.705 0.259 0.02 0.038
0 0.669 0.285 0.02 0.034
0 0.634 0.313 0.019 0.037
0 0.599 0.335 0.027 0.049
0 0.529 0.381 0.028 0.046
0 0.46 0.425 0.033 0.06
0 0.525 0.44 0.036 0.055
0 0.588 0.452 0.033 0.066
0 0.591 0.389 0.026 0.051
0 0.64 0.366 0.018 0.041
0 0.66 0.376 0.023 0.052
0 0.637 0.48 0.031 0.07
0 0.699 0.547 0.041 0.08
0 0.721 0.417 0.028 0.059
0 0.69 0.371 0.023 0.041
0 0.684 0.32 0.021 0.046
0 0.713 0.301 0.019 0.039
0 0.734 0.251 0.015 0.031
0 0.76 0.237 0.015 0.032
0 0.783 0.245 0.015 0.038
0 0.77 0.284 0.016 0.037
0 0.761 0.266 0.015 0.024
0 0.81 0.249 0.017 0.038
0 0.821 0.303 0.022 0.032
0 0.841 0.259 0.013 0.032
0 0.858 0.284 0.014 0.042
0 0.867 0.275 0.013 0.039
0 0.88 0.263 0.013 0.029
0 0.897 0.281 0.018 0.042
0 0.933 0.305 0.018 0.041
0 0.94 0.284 0.017 0.029
0 0.85 0.328 0.022 0.038
0 0.878 0.319 0.018 0.034
0 0.91 0.341 0.018 0.044
0 0.933 0.366 0.018 0.049
0 0.812 0.362 0.024 0.062
0 0.823 0.334 0.018 0.028
0 0.863 0.377 0.025 0.046
0 0.775 0.44 0.033 0.059
0 0.828 0.521 0.033 0.076
0 0.85 0.47 0.033 0.055
0 0.915 0.489 0.037 0.074
0 0.912 0.443 0.022 0.041
0 0.428 0.316 0.018 0.039
0 0.515 0.257 0.015 0.025
