0 0.086 0.559 0.05 0.108
0 0.215 0.353 0.016 0.028
0 0.255 0.35 0.017 0.046
0 0.281 0.371 0.021 0.044
0 0.312 0.398 0.025 0.047
0 0.285 0.309 0.016 0.033
0 0.35 0.331 0.016 0.03
0 0.35 0.299 0.018 0.033
0 0.401 0.341 0.019 0.04
0 0.4 0.3 0.016 0.031
0 0.396 0.247 0.013 0.03
0 0.413 0.264 0.013 0.03
0 0.419 0.252 0.013 0.026
0 0.439 0.267 0.013 0.033
0 0.429 0.304 0.018 0.037
0 0.435 0.331 0.02 0.038
0 0.464 0.308 0.016 0.036
0 0.458 0.277 0.015 0.028
0 0.443 0.249 0.014 0.026
0 0.456 0.24 0.013 0.027
0 0.481 0.271 0.015 0.036
0 0.494 0.259 0.013 0.028
0 0.502 0.245 0.013 0.03
0 0.522 0.255 0.015 0.036
0 0.504 0.3 0.015 0.037
0 0.494 0.331 0.02 0.044
0 0.445 0.417 0.027 0.061
0 0.517 0.42 0.027 0.06
0 0.526 0.371 0.02 0.054
0 0.591 0.426 0.027 0.061
0 0.558 0.277 0.017 0.034
0 0.555 0.238 0.013 0.026
0 0.551 0.223 0.012 0.023
0 0.559 0.205 0.012 0.026
0 0.561 0.256 0.014 0.031
0 0.573 0.252 0.013 0.03
0 0.585 0.234 0.014 0.027
0 0.595 0.211 0.013 0.027
0 0.611 0.214 0.013 0.027
0 0.609 0.233 0.013 0.03
0 0.619 0.257 0.013 0.034
0 0.617 0.294 0.016 0.044
0 0.584 0.326 0.024 0.041
0 0.629 0.335 0.02 0.044
0 0.64 0.223 0.01 0.023
0 0.651 0.234 0.013 0.03
0 0.667 0.228 0.014 0.03
0 0.653 0.267 0.016 0.033
0 0.687 0.254 0.015 0.033
0 0.666 0.331 0.02 0.044
0 0.665 0.361 0.017 0.043
0 0.635 0.391 0.025 0.048
0 0.644 0.436 0.026 0.064
0 0.713 0.397 0.023 0.051
0 0.701 0.288 0.015 0.036
0 0.709 0.282 0.013 0.03
0 0.714 0.251 0.013 0.033
0 0.725 0.233 0.013 0.03
0 0.754 0.243 0.014 0.026
0 0.75 0.269 0.014 0.04
0 0.739 0.28 0.014 0.04
0 0.781 0.247 0.013 0.03
0 0.812 0.26 0.012 0.033
0 0.84 0.256 0.013 0.031
0 0.904 0.274 0.012 0.033
0 0.865 0.287 0.013 0.036
0 0.903 0.312 0.013 0.036
0 0.895 0.339 0.013 0.043
0 0.894 0.363 0.015 0.044
0 0.867 0.339 0.015 0.043
0 0.831 0.28 0.013 0.041
0 0.824 0.317 0.015 0.038
0 0.84 0.341 0.017 0.047
0 0.88 0.398 0.02 0.05
0 0.876 0.452 0.027 0.06
0 0.836 0.41 0.024 0.055
0 0.786 0.304 0.014 0.037
0 0.786 0.276 0.013 0.034
0 0.801 0.341 0.017 0.046
0 0.784 0.358 0.02 0.053
0 0.816 0.437 0.024 0.057
0 0.758 0.431 0.03 0.051
0 0.79 0.521 0.031 0.068
0 0.686 0.506 0.035 0.084
