0 0.17 0.47 0.042 0.068
0 0.255 0.262 0.013 0.03
0 0.275 0.268 0.015 0.025
0 0.299 0.255 0.014 0.027
0 0.298 0.295 0.017 0.04
0 0.355 0.263 0.017 0.028
0 0.375 0.273 0.016 0.035
0 0.396 0.29 0.018 0.038
0 0.327 0.222 0.015 0.023
0 0.35 0.207 0.012 0.02
0 0.364 0.224 0.018 0.027
0 0.402 0.221 0.019 0.035
0 0.442 0.23 0.017 0.038
0 0.483 0.23 0.021 0.033
0 0.5 0.199 0.015 0.027
0 0.48 0.189 0.012 0.03
0 0.44 0.192 0.017 0.03
0 0.411 0.189 0.017 0.028
0 0.39 0.186 0.019 0.032
0 0.451 0.154 0.011 0.025
0 0.465 0.159 0.014 0.023
0 0.496 0.155 0.013 0.027
0 0.485 0.134 0.011 0.022
0 0.528 0.161 0.016 0.025
0 0.53 0.205 0.016 0.037
0 0.555 0.163 0.013 0.032
0 0.576 0.164 0.018 0.03
0 0.557 0.126 0.012 0.025
0 0.59 0.129 0.01 0.022
0 0.625 0.144 0.012 0.027
0 0.602 0.14 0.011 0.027
0 0.617 0.123 0.011 0.018
0 0.647 0.135 0.01 0.027
0 0.673 0.124 0.011 0.028
0 0.533 0.297 0.027 0.053
0 0.578 0.222 0.019 0.043
0 0.584 0.289 0.023 0.047
0 0.611 0.323 0.027 0.048
0 0.631 0.24 0.021 0.043
0 0.636 0.198 0.017 0.032
0 0.672 0.179 0.013 0.028
0 0.68 0.214 0.016 0.037
0 0.673 0.266 0.023 0.048
0 0.722 0.287 0.021 0.04
0 0.716 0.232 0.02 0.043
0 0.708 0.184 0.014 0.033
0 0.696 0.157 0.013 0.027
0 0.717 0.156 0.014 0.025
0 0.736 0.169 0.014 0.027
0 0.748 0.149 0.014 0.025
0 0.739 0.128 0.014 0.025
0 0.745 0.201 0.018 0.032
0 0.775 0.232 0.02 0.047
0 0.781 0.194 0.019 0.038
0 0.773 0.16 0.015 0.023
0 0.776 0.122 0.009 0.023
0 0.792 0.143 0.017 0.032
0 0.815 0.183 0.017 0.038
0 0.838 0.216 0.017 0.035
0 0.876 0.228 0.015 0.042
0 0.854 0.193 0.014 0.032
0 0.841 0.15 0.015 0.03
0 0.873 0.156 0.017 0.032
0 0.783 0.292 0.023 0.053
0 0.845 0.337 0.024 0.047
0 0.949 0.263 0.013 0.052
0 0.923 0.258 0.014 0.032
0 0.896 0.177 0.014 0.033
0 0.906 0.149 0.014 0.033
0 0.881 0.199 0.011 0.023
