0 0.209 0.361 0.049 0.101
0 0.282 0.26 0.02 0.038
0 0.328 0.279 0.019 0.043
0 0.343 0.269 0.019 0.036
0 0.355 0.216 0.017 0.038
0 0.379 0.212 0.021 0.043
0 0.419 0.216 0.021 0.036
0 0.439 0.234 0.018 0.036
0 0.426 0.284 0.023 0.046
0 0.423 0.177 0.018 0.033
0 0.441 0.192 0.017 0.036
0 0.466 0.198 0.018 0.032
0 0.444 0.158 0.015 0.03
0 0.455 0.166 0.02 0.03
0 0.497 0.169 0.017 0.036
0 0.482 0.136 0.014 0.023
0 0.503 0.2 0.02 0.032
0 0.524 0.195 0.019 0.035
0 0.517 0.139 0.018 0.033
0 0.534 0.133 0.016 0.027
0 0.553 0.158 0.019 0.038
0 0.553 0.12 0.012 0.025
0 0.57 0.158 0.015 0.028
0 0.589 0.109 0.013 0.03
0 0.609 0.122 0.015 0.032
0 0.685 0.106 0.015 0.036
0 0.555 0.255 0.022 0.046
0 0.478 0.333 0.032 0.063
0 0.541 0.322 0.028 0.053
0 0.604 0.323 0.027 0.055
0 0.603 0.252 0.022 0.05
0 0.613 0.204 0.021 0.043
0 0.663 0.203 0.021 0.045
0 0.677 0.161 0.02 0.043
0 0.698 0.176 0.02 0.04
0 0.71 0.202 0.024 0.05
0 0.71 0.279 0.029 0.063
0 0.672 0.319 0.029 0.061
0 0.658 0.263 0.024 0.045
0 0.772 0.318 0.024 0.058
0 0.745 0.186 0.022 0.05
0 0.705 0.142 0.015 0.032
0 0.731 0.129 0.015 0.035
0 0.746 0.147 0.016 0.032
0 0.763 0.129 0.019 0.028
0 0.752 0.11 0.013 0.032
0 0.795 0.129 0.015 0.032
0 0.807 0.127 0.014 0.028
0 0.797 0.184 0.019 0.04
0 0.815 0.169 0.017 0.033
0 0.842 0.191 0.021 0.046
0 0.868 0.13 0.014 0.035
0 0.882 0.188 0.017 0.038
0 0.871 0.229 0.018 0.05
0 0.913 0.186 0.021 0.046
0 0.91 0.1 0.018 0.032
