0 0.87 0.531 0.028 0.071
0 0.903 0.405 0.02 0.063
0 0.966 0.444 0.024 0.064
0 0.959 0.373 0.017 0.051
0 0.976 0.344 0.013 0.043
0 0.982 0.373 0.015 0.051
0 0.98 0.308 0.013 0.04
0 0.991 0.27 0.01 0.033
0 0.927 0.332 0.016 0.051
0 0.937 0.28 0.012 0.043
0 0.954 0.249 0.011 0.036
0 0.911 0.235 0.013 0.038
0 0.878 0.243 0.011 0.038
0 0.904 0.294 0.017 0.051
0 0.789 0.183 0.012 0.036
0 0.816 0.205 0.013 0.041
0 0.828 0.232 0.014 0.049
0 0.815 0.245 0.015 0.048
0 0.797 0.277 0.017 0.043
0 0.822 0.305 0.018 0.056
0 0.87 0.356 0.017 0.056
0 0.778 0.441 0.024 0.081
0 0.772 0.295 0.016 0.049
0 0.75 0.208 0.013 0.041
0 0.785 0.215 0.017 0.044
0 0.754 0.242 0.017 0.046
0 0.722 0.301 0.021 0.048
0 0.725 0.224 0.014 0.043
0 0.702 0.148 0.011 0.036
0 0.72 0.169 0.012 0.038
0 0.692 0.17 0.014 0.043
0 0.676 0.191 0.013 0.036
0 0.669 0.264 0.019 0.046
0 0.641 0.138 0.012 0.036
0 0.656 0.15 0.012 0.036
0 0.626 0.166 0.017 0.033
0 0.63 0.203 0.013 0.046
0 0.621 0.189 0.013 0.036
0 0.589 0.204 0.014 0.04
0 0.628 0.302 0.02 0.061
0 0.667 0.411 0.025 0.061
0 0.615 0.377 0.023 0.066
0 0.568 0.35 0.026 0.058
0 0.592 0.145 0.012 0.033
0 0.604 0.151 0.013 0.028
0 0.566 0.151 0.013 0.031
0 0.568 0.175 0.012 0.04
0 0.56 0.224 0.014 0.046
0 0.544 0.17 0.015 0.04
0 0.509 0.162 0.013 0.038
0 0.511 0.216 0.013 0.043
0 0.492 0.246 0.02 0.051
0 0.49 0.181 0.014 0.043
0 0.446 0.202 0.013 0.041
0 0.427 0.184 0.01 0.028
0 0.414 0.19 0.015 0.035
0 0.414 0.245 0.014 0.038
0 0.383 0.206 0.015 0.036
0 0.384 0.282 0.017 0.053
0 0.447 0.322 0.02 0.061
0 0.367 0.217 0.016 0.04
0 0.354 0.243 0.014 0.054
0 0.329 0.226 0.017 0.04
0 0.324 0.245 0.014 0.04
0 0.273 0.259 0.015 0.044
0 0.046 0.672 0.049 0.122
0 0.729 0.409 0.022 0.071
