0 0.573 0.336 0.043 0.092
0 0.568 0.239 0.023 0.046
0 0.536 0.215 0.018 0.035
0 0.502 0.19 0.018 0.032
0 0.467 0.21 0.023 0.026
0 0.326 0.217 0.01 0.039
0 0.377 0.199 0.021 0.025
0 0.378 0.178 0.02 0.032
0 0.412 0.174 0.015 0.032
0 0.438 0.173 0.02 0.026
0 0.428 0.146 0.011 0.025
0 0.476 0.134 0.017 0.025
0 0.475 0.159 0.019 0.023
0 0.683 0.798 0.0 0.0
0 0.634 0.21 0.023 0.048
0 0.678 0.223 0.019 0.037
0 0.707 0.227 0.016 0.042
0 0.79 0.231 0.017 0.032
0 0.868 0.272 0.022 0.051
0 0.853 0.202 0.015 0.035
0 0.919 0.254 0.019 0.046
0 0.798 0.129 0.014 0.026
0 0.823 0.135 0.017 0.026
0 0.85 0.144 0.013 0.028
0 0.876 0.159 0.015 0.026
0 0.913 0.176 0.018 0.025
0 0.93 0.158 0.017 0.032
0 0.935 0.193 0.014 0.026
0 0.922 0.216 0.021 0.037
0 0.899 0.205 0.022 0.03
0 0.825 0.185 0.018 0.035
0 0.703 0.119 0.014 0.03
0 0.676 0.113 0.019 0.032
0 0.651 0.121 0.015 0.026
0 0.618 0.107 0.011 0.026
0 0.708 0.19 0.017 0.032
0 0.732 0.18 0.013 0.032
0 0.768 0.18 0.014 0.025
0 0.792 0.173 0.012 0.023
0 0.777 0.151 0.013 0.023
0 0.759 0.139 0.014 0.028
0 0.738 0.151 0.012 0.032
0 0.719 0.151 0.014 0.028
0 0.693 0.175 0.015 0.033
0 0.596 0.138 0.014 0.026
0 0.579 0.121 0.013 0.021
0 0.543 0.139 0.013 0.021
0 0.522 0.17 0.014 0.026
0 0.494 0.136 0.013 0.019
0 0.619 0.167 0.015 0.025
0 0.544 0.174 0.014 0.025
0 0.656 0.197 0.015 0.035
0 0.57 0.178 0.018 0.028
0 0.63 0.124 0.014 0.03
0 0.569 0.149 0.013 0.026
0 0.442 0.155 0.015 0.028
0 0.461 0.173 0.014 0.03
0 0.805 0.158 0.016 0.032
0 0.808 0.204 0.017 0.035
0 0.879 0.243 0.016 0.042
0 0.68 0.148 0.013 0.025
0 0.661 0.138 0.014 0.03
0 0.567 0.132 0.015 0.025
0 0.528 0.128 0.017 0.026
