0 0.143 0.341 0.029 0.061
0 0.278 0.26 0.017 0.034
0 0.294 0.273 0.02 0.034
0 0.299 0.247 0.018 0.038
0 0.334 0.275 0.019 0.044
0 0.365 0.287 0.018 0.039
0 0.369 0.254 0.018 0.028
0 0.386 0.186 0.013 0.031
0 0.4 0.195 0.014 0.028
0 0.405 0.172 0.014 0.028
0 0.422 0.172 0.016 0.033
0 0.425 0.2 0.016 0.03
0 0.445 0.228 0.018 0.036
0 0.453 0.197 0.018 0.026
0 0.452 0.158 0.016 0.031
0 0.472 0.168 0.014 0.028
0 0.478 0.152 0.009 0.025
0 0.484 0.192 0.018 0.039
0 0.475 0.224 0.019 0.038
0 0.51 0.168 0.017 0.034
0 0.511 0.144 0.011 0.023
0 0.503 0.126 0.012 0.025
0 0.546 0.121 0.014 0.028
0 0.533 0.187 0.017 0.036
0 0.54 0.18 0.014 0.028
0 0.57 0.175 0.016 0.034
0 0.561 0.133 0.011 0.03
0 0.578 0.149 0.014 0.031
0 0.586 0.135 0.009 0.021
0 0.578 0.119 0.009 0.018
0 0.584 0.107 0.014 0.026
0 0.609 0.148 0.016 0.033
0 0.611 0.11 0.015 0.03
0 0.635 0.136 0.015 0.026
0 0.64 0.112 0.011 0.025
0 0.629 0.103 0.011 0.028
0 0.658 0.106 0.012 0.028
0 0.694 0.105 0.011 0.033
0 0.677 0.153 0.016 0.033
0 0.694 0.177 0.015 0.038
0 0.648 0.182 0.021 0.039
0 0.668 0.211 0.022 0.041
0 0.608 0.211 0.025 0.044
0 0.569 0.247 0.021 0.044
0 0.533 0.33 0.032 0.056
0 0.536 0.278 0.021 0.039
0 0.493 0.291 0.027 0.059
0 0.619 0.26 0.022 0.048
0 0.624 0.295 0.026 0.051
0 0.661 0.322 0.035 0.069
0 0.706 0.257 0.029 0.057
0 0.695 0.223 0.021 0.039
0 0.721 0.21 0.02 0.043
0 0.731 0.172 0.017 0.033
0 0.74 0.15 0.013 0.028
0 0.732 0.115 0.015 0.033
0 0.759 0.129 0.017 0.031
0 0.773 0.141 0.015 0.036
0 0.77 0.197 0.017 0.053
0 0.747 0.216 0.02 0.048
0 0.758 0.287 0.025 0.062
0 0.735 0.371 0.039 0.076
0 0.804 0.409 0.048 0.072
0 0.893 0.402 0.038 0.072
0 0.895 0.295 0.024 0.061
0 0.9 0.25 0.017 0.046
0 0.911 0.219 0.02 0.034
0 0.917 0.252 0.014 0.044
0 0.859 0.251 0.021 0.043
0 0.849 0.296 0.032 0.064
0 0.799 0.25 0.02 0.051
0 0.816 0.21 0.02 0.059
0 0.799 0.146 0.016 0.036
0 0.826 0.144 0.014 0.03
0 0.821 0.129 0.011 0.028
0 0.847 0.144 0.015 0.03
0 0.859 0.131 0.013 0.03
0 0.851 0.175 0.014 0.031
0 0.873 0.175 0.014 0.034
0 0.88 0.159 0.012 0.03
0 0.915 0.162 0.01 0.028
0 0.862 0.209 0.017 0.033
