0 0.342 0.218 0.02 0.039
0 0.344 0.266 0.026 0.068
0 0.402 0.254 0.026 0.044
0 0.417 0.23 0.018 0.031
0 0.442 0.226 0.023 0.046
0 0.491 0.224 0.017 0.046
0 0.483 0.13 0.014 0.024
0 0.509 0.13 0.012 0.024
0 0.523 0.14 0.015 0.034
0 0.513 0.177 0.018 0.039
0 0.543 0.212 0.019 0.038
0 0.588 0.177 0.021 0.032
0 0.58 0.125 0.013 0.024
0 0.606 0.132 0.016 0.032
0 0.629 0.144 0.014 0.032
0 0.58 0.253 0.02 0.053
0 0.644 0.252 0.024 0.043
0 0.638 0.234 0.021 0.041
0 0.675 0.283 0.024 0.044
0 0.732 0.296 0.026 0.063
0 0.675 0.195 0.018 0.038
0 0.697 0.186 0.017 0.034
0 0.736 0.187 0.019 0.032
0 0.733 0.078 0.015 0.032
0 0.743 0.078 0.014 0.026
0 0.764 0.272 0.026 0.046
0 0.812 0.282 0.024 0.06
0 0.851 0.195 0.017 0.029
0 0.844 0.236 0.016 0.046
0 0.87 0.289 0.022 0.049
0 0.857 0.323 0.027 0.053
0 0.921 0.36 0.021 0.068
0 0.938 0.281 0.018 0.053
0 0.937 0.245 0.014 0.036
0 0.892 0.222 0.02 0.041
