0 0.194 0.485 0.043 0.077
0 0.124 0.236 0.022 0.029
0 0.268 0.232 0.021 0.034
0 0.346 0.245 0.019 0.04
0 0.34 0.201 0.015 0.034
0 0.357 0.212 0.011 0.029
0 0.371 0.211 0.014 0.027
0 0.41 0.233 0.019 0.036
0 0.468 0.218 0.019 0.034
0 0.441 0.185 0.019 0.026
0 0.392 0.173 0.012 0.019
0 0.395 0.198 0.015 0.017
0 0.439 0.151 0.016 0.027
0 0.508 0.194 0.02 0.034
0 0.757 0.353 0.034 0.046
0 0.68 0.279 0.023 0.043
0 0.63 0.258 0.027 0.038
0 0.629 0.204 0.021 0.04
0 0.666 0.232 0.021 0.038
0 0.594 0.253 0.021 0.043
0 0.535 0.222 0.012 0.027
0 0.786 0.338 0.023 0.052
0 0.755 0.296 0.023 0.034
0 0.719 0.249 0.021 0.034
0 0.824 0.365 0.019 0.053
0 0.911 0.399 0.029 0.043
0 0.882 0.262 0.018 0.043
0 0.927 0.301 0.028 0.041
0 0.848 0.235 0.015 0.024
0 0.497 0.138 0.013 0.019
0 0.537 0.147 0.013 0.029
0 0.6 0.123 0.01 0.022
0 0.613 0.112 0.011 0.027
0 0.676 0.116 0.012 0.026
0 0.689 0.127 0.011 0.031
0 0.668 0.141 0.014 0.024
0 0.653 0.13 0.01 0.019
0 0.655 0.109 0.013 0.019
0 0.618 0.171 0.014 0.022
0 0.685 0.194 0.015 0.027
0 0.712 0.125 0.014 0.026
0 0.764 0.134 0.013 0.021
0 0.81 0.155 0.013 0.034
0 0.828 0.192 0.012 0.027
0 0.858 0.199 0.014 0.027
0 0.872 0.171 0.014 0.033
0 0.907 0.17 0.013 0.034
0 0.85 0.157 0.014 0.022
0 0.833 0.168 0.015 0.021
0 0.898 0.218 0.014 0.027
0 0.948 0.211 0.012 0.027
0 0.763 0.186 0.015 0.022
0 0.943 0.179 0.013 0.021
0 0.566 0.14 0.012 0.026
0 0.581 0.131 0.012 0.021
0 0.52 0.137 0.012 0.017
0 0.472 0.183 0.014 0.015
0 0.621 0.144 0.014 0.027
0 0.783 0.17 0.012 0.021
0 0.708 0.193 0.016 0.04
0 0.725 0.204 0.023 0.043
0 0.582 0.201 0.016 0.027
0 0.846 0.214 0.015 0.036
0 0.926 0.253 0.023 0.045
0 0.939 0.199 0.012 0.031
0 0.508 0.162 0.012 0.024
0 0.485 0.163 0.012 0.017
0 0.515 0.181 0.016 0.029
0 0.551 0.144 0.014 0.027
