0 0.23 0.418 0.045 0.083
0 0.279 0.277 0.018 0.033
0 0.288 0.264 0.018 0.033
0 0.331 0.264 0.025 0.041
0 0.354 0.257 0.021 0.038
0 0.334 0.226 0.019 0.033
0 0.339 0.216 0.013 0.024
0 0.397 0.254 0.025 0.041
0 0.419 0.262 0.024 0.048
0 0.457 0.218 0.021 0.042
0 0.494 0.208 0.018 0.04
0 0.394 0.195 0.016 0.037
0 0.41 0.175 0.015 0.035
0 0.425 0.181 0.016 0.037
0 0.441 0.161 0.018 0.031
0 0.467 0.157 0.014 0.037
0 0.476 0.196 0.017 0.038
0 0.51 0.184 0.017 0.037
0 0.539 0.194 0.019 0.041
0 0.547 0.158 0.018 0.042
0 0.574 0.188 0.018 0.045
0 0.511 0.147 0.015 0.031
0 0.497 0.127 0.014 0.03
0 0.588 0.149 0.014 0.033
0 0.611 0.148 0.014 0.033
0 0.626 0.133 0.014 0.031
0 0.642 0.121 0.013 0.027
0 0.664 0.12 0.014 0.031
0 0.608 0.103 0.011 0.023
0 0.595 0.108 0.014 0.03
0 0.495 0.303 0.029 0.059
0 0.543 0.31 0.033 0.061
0 0.555 0.269 0.025 0.065
0 0.609 0.255 0.025 0.051
0 0.622 0.208 0.023 0.054
0 0.655 0.17 0.021 0.045
0 0.654 0.226 0.023 0.051
0 0.65 0.271 0.026 0.055
0 0.69 0.31 0.032 0.061
0 0.714 0.284 0.026 0.064
0 0.71 0.232 0.022 0.042
0 0.692 0.197 0.021 0.038
0 0.691 0.168 0.018 0.038
0 0.718 0.16 0.018 0.034
0 0.739 0.153 0.018 0.035
0 0.766 0.136 0.016 0.035
0 0.78 0.151 0.014 0.027
0 0.804 0.134 0.013 0.034
0 0.764 0.17 0.017 0.028
0 0.742 0.192 0.021 0.04
0 0.741 0.226 0.023 0.042
0 0.755 0.344 0.029 0.068
0 0.8 0.278 0.025 0.061
0 0.815 0.253 0.022 0.051
0 0.82 0.216 0.021 0.044
0 0.784 0.211 0.021 0.041
0 0.805 0.179 0.018 0.033
0 0.821 0.161 0.018 0.038
0 0.847 0.147 0.015 0.037
0 0.84 0.19 0.018 0.04
0 0.875 0.149 0.017 0.035
0 0.885 0.192 0.016 0.041
0 0.874 0.214 0.02 0.047
0 0.865 0.272 0.025 0.057
0 0.919 0.299 0.027 0.061
0 0.849 0.31 0.028 0.064
