0 0.13 0.539 0.037 0.069
0 0.231 0.327 0.019 0.031
0 0.261 0.334 0.019 0.038
0 0.287 0.357 0.019 0.044
0 0.289 0.299 0.018 0.034
0 0.365 0.332 0.022 0.041
0 0.358 0.284 0.016 0.027
0 0.39 0.323 0.019 0.039
0 0.413 0.32 0.019 0.032
0 0.401 0.249 0.015 0.032
0 0.413 0.266 0.015 0.029
0 0.414 0.29 0.018 0.029
0 0.442 0.301 0.019 0.032
0 0.456 0.32 0.02 0.037
0 0.481 0.295 0.019 0.034
0 0.432 0.248 0.014 0.029
0 0.452 0.253 0.014 0.034
0 0.467 0.237 0.016 0.031
0 0.476 0.227 0.012 0.024
0 0.481 0.256 0.015 0.031
0 0.498 0.255 0.015 0.029
0 0.513 0.249 0.012 0.027
0 0.528 0.232 0.015 0.024
0 0.53 0.266 0.016 0.029
0 0.513 0.315 0.019 0.034
0 0.55 0.242 0.017 0.034
0 0.563 0.273 0.017 0.035
0 0.58 0.259 0.015 0.032
0 0.577 0.209 0.012 0.021
0 0.58 0.223 0.014 0.028
0 0.595 0.231 0.016 0.029
0 0.607 0.246 0.016 0.031
0 0.614 0.214 0.013 0.027
0 0.614 0.199 0.014 0.025
0 0.639 0.208 0.016 0.034
0 0.652 0.213 0.017 0.028
0 0.655 0.235 0.016 0.029
0 0.684 0.203 0.013 0.029
0 0.689 0.221 0.013 0.024
0 0.702 0.217 0.014 0.029
0 0.683 0.266 0.015 0.032
0 0.721 0.24 0.015 0.031
0 0.645 0.292 0.022 0.042
0 0.659 0.325 0.021 0.035
0 0.61 0.318 0.023 0.041
0 0.603 0.371 0.027 0.056
0 0.623 0.421 0.028 0.063
0 0.646 0.456 0.035 0.066
0 0.557 0.389 0.03 0.051
0 0.539 0.346 0.022 0.046
0 0.499 0.379 0.031 0.055
0 0.677 0.371 0.025 0.056
0 0.7 0.348 0.022 0.049
0 0.742 0.394 0.03 0.046
0 0.717 0.527 0.042 0.066
0 0.845 0.485 0.033 0.07
0 0.804 0.414 0.031 0.052
0 0.865 0.436 0.034 0.058
0 0.944 0.454 0.034 0.056
0 0.936 0.383 0.021 0.045
0 0.881 0.364 0.022 0.056
0 0.826 0.343 0.02 0.046
0 0.708 0.295 0.018 0.034
0 0.723 0.294 0.019 0.034
0 0.747 0.245 0.015 0.032
0 0.764 0.223 0.014 0.028
0 0.751 0.231 0.012 0.027
0 0.793 0.254 0.016 0.027
0 0.796 0.283 0.021 0.035
0 0.771 0.257 0.018 0.034
0 0.798 0.23 0.015 0.031
0 0.829 0.236 0.014 0.031
0 0.832 0.261 0.014 0.028
0 0.833 0.291 0.015 0.041
0 0.864 0.301 0.018 0.035
0 0.868 0.263 0.018 0.038
0 0.862 0.246 0.014 0.029
0 0.878 0.26 0.013 0.031
0 0.894 0.251 0.014 0.035
0 0.914 0.261 0.017 0.032
0 0.908 0.308 0.015 0.039
0 0.888 0.322 0.019 0.046
0 0.952 0.345 0.019 0.041
0 0.93 0.292 0.018 0.039
0 0.953 0.297 0.015 0.029
0 0.96 0.263 0.015 0.035
