0 0.092 0.498 0.052 0.108
0 0.259 0.229 0.018 0.048
0 0.302 0.216 0.019 0.04
0 0.321 0.19 0.02 0.041
0 0.339 0.21 0.025 0.045
0 0.36 0.195 0.022 0.044
0 0.372 0.243 0.023 0.044
0 0.406 0.21 0.019 0.034
0 0.371 0.176 0.019 0.031
0 0.416 0.16 0.017 0.032
0 0.438 0.169 0.018 0.037
0 0.44 0.268 0.022 0.05
0 0.482 0.214 0.026 0.047
0 0.497 0.189 0.018 0.041
0 0.533 0.195 0.021 0.041
0 0.481 0.154 0.019 0.037
0 0.46 0.149 0.015 0.035
0 0.476 0.135 0.015 0.026
0 0.502 0.136 0.013 0.029
0 0.536 0.148 0.019 0.035
0 0.562 0.146 0.016 0.037
0 0.561 0.119 0.014 0.026
0 0.581 0.128 0.018 0.031
0 0.601 0.109 0.016 0.031
0 0.61 0.158 0.015 0.032
0 0.624 0.168 0.017 0.038
0 0.619 0.138 0.018 0.032
0 0.64 0.116 0.017 0.034
0 0.649 0.127 0.017 0.037
0 0.657 0.166 0.016 0.028
0 0.686 0.146 0.016 0.034
0 0.691 0.119 0.015 0.031
0 0.72 0.139 0.015 0.032
0 0.566 0.313 0.027 0.059
0 0.612 0.337 0.031 0.056
0 0.618 0.26 0.026 0.057
0 0.663 0.231 0.025 0.051
0 0.721 0.189 0.02 0.038
0 0.722 0.238 0.021 0.054
0 0.752 0.204 0.02 0.04
0 0.743 0.181 0.017 0.034
0 0.76 0.172 0.014 0.034
0 0.788 0.154 0.019 0.041
0 0.812 0.176 0.015 0.041
0 0.832 0.199 0.016 0.035
0 0.802 0.225 0.018 0.041
0 0.776 0.198 0.015 0.037
0 0.769 0.25 0.02 0.042
0 0.663 0.357 0.03 0.063
0 0.738 0.379 0.029 0.064
0 0.788 0.403 0.032 0.079
0 0.864 0.454 0.033 0.073
0 0.891 0.378 0.026 0.069
0 0.862 0.309 0.022 0.047
0 0.819 0.266 0.022 0.056
0 0.872 0.207 0.015 0.04
0 0.882 0.208 0.016 0.032
0 0.896 0.245 0.017 0.045
0 0.907 0.224 0.014 0.038
0 0.914 0.208 0.016 0.038
0 0.926 0.305 0.019 0.054
0 0.946 0.334 0.023 0.056
0 0.954 0.406 0.027 0.073
0 0.982 0.328 0.019 0.044
0 0.984 0.286 0.015 0.041
0 0.98 0.261 0.015 0.038
0 0.983 0.227 0.014 0.029
0 0.948 0.211 0.02 0.047
0 0.943 0.242 0.015 0.04
