0 0.21 0.359 0.048 0.079
0 0.325 0.199 0.017 0.038
0 0.321 0.237 0.019 0.038
0 0.36 0.204 0.016 0.036
0 0.759 0.126 0.014 0.029
0 0.787 0.137 0.014 0.032
0 0.693 0.118 0.014 0.023
0 0.836 0.156 0.018 0.031
0 0.644 0.111 0.015 0.034
0 0.63 0.099 0.012 0.025
0 0.583 0.101 0.01 0.022
0 0.429 0.175 0.019 0.04
0 0.877 0.162 0.014 0.036
0 0.91 0.166 0.019 0.032
0 0.948 0.18 0.018 0.031
0 0.467 0.141 0.012 0.036
0 0.5 0.121 0.011 0.022
0 0.544 0.122 0.015 0.034
0 0.449 0.221 0.018 0.034
0 0.403 0.212 0.017 0.031
0 0.504 0.21 0.02 0.034
0 0.599 0.14 0.016 0.031
0 0.564 0.153 0.015 0.036
0 0.543 0.189 0.02 0.042
0 0.515 0.15 0.016 0.029
0 0.492 0.175 0.015 0.025
0 0.459 0.175 0.018 0.036
0 0.723 0.14 0.017 0.034
0 0.77 0.185 0.015 0.038
0 0.704 0.162 0.015 0.04
0 0.644 0.151 0.016 0.034
0 0.665 0.123 0.016 0.036
0 0.675 0.11 0.018 0.029
0 0.642 0.201 0.021 0.042
0 0.533 0.279 0.023 0.049
0 0.584 0.281 0.024 0.045
0 0.59 0.245 0.025 0.056
0 0.627 0.297 0.025 0.06
0 0.668 0.228 0.022 0.052
0 0.667 0.171 0.018 0.047
0 0.675 0.291 0.024 0.043
0 0.689 0.336 0.031 0.072
0 0.753 0.416 0.032 0.063
0 0.738 0.225 0.018 0.049
0 0.748 0.169 0.014 0.034
0 0.808 0.188 0.019 0.054
0 0.791 0.278 0.023 0.054
0 0.832 0.363 0.027 0.069
0 0.82 0.255 0.022 0.056
0 0.835 0.214 0.023 0.06
0 0.866 0.17 0.015 0.04
0 0.873 0.214 0.019 0.049
0 0.873 0.266 0.02 0.06
0 0.887 0.218 0.014 0.049
0 0.904 0.319 0.02 0.052
0 0.936 0.286 0.026 0.06
0 0.445 0.142 0.011 0.023
0 0.606 0.106 0.014 0.029
0 0.594 0.173 0.019 0.036
0 0.703 0.21 0.024 0.042
0 0.892 0.181 0.018 0.036
0 0.76 0.147 0.014 0.034
0 0.796 0.164 0.018 0.043
0 0.942 0.205 0.017 0.042
0 0.851 0.192 0.018 0.049
0 0.489 0.145 0.015 0.027
0 0.538 0.154 0.02 0.034
0 0.934 0.253 0.024 0.047
