0 0.015 0.416 0.024 0.052
0 0.23 0.334 0.014 0.034
0 0.289 0.3 0.013 0.033
0 0.258 0.372 0.019 0.04
0 0.295 0.363 0.019 0.049
0 0.338 0.357 0.028 0.046
0 0.356 0.285 0.014 0.031
0 0.363 0.33 0.02 0.038
0 0.387 0.325 0.021 0.04
0 0.394 0.256 0.013 0.027
0 0.41 0.261 0.014 0.031
0 0.411 0.295 0.015 0.025
0 0.413 0.335 0.023 0.04
0 0.441 0.3 0.02 0.038
0 0.43 0.252 0.014 0.031
0 0.451 0.261 0.015 0.037
0 0.474 0.228 0.024 0.03
0 0.477 0.262 0.013 0.036
0 0.474 0.3 0.018 0.03
0 0.452 0.336 0.019 0.03
0 0.506 0.319 0.018 0.04
0 0.514 0.257 0.013 0.037
0 0.526 0.272 0.022 0.047
0 0.532 0.243 0.023 0.031
0 0.529 0.315 0.017 0.033
0 0.54 0.353 0.023 0.043
0 0.47 0.402 0.027 0.056
0 0.562 0.272 0.018 0.038
0 0.552 0.244 0.011 0.033
0 0.565 0.217 0.013 0.021
0 0.589 0.252 0.014 0.028
0 0.582 0.216 0.019 0.027
0 0.607 0.213 0.017 0.03
0 0.617 0.198 0.015 0.03
0 0.61 0.246 0.017 0.037
0 0.642 0.245 0.02 0.031
0 0.635 0.209 0.012 0.019
0 0.648 0.214 0.018 0.019
0 0.603 0.331 0.021 0.043
0 0.666 0.203 0.01 0.028
0 0.709 0.21 0.021 0.033
0 0.686 0.233 0.021 0.031
0 0.689 0.268 0.021 0.03
0 0.712 0.243 0.02 0.034
0 0.644 0.294 0.019 0.04
0 0.625 0.342 0.022 0.036
0 0.534 0.424 0.029 0.055
0 0.606 0.462 0.032 0.084
0 0.662 0.363 0.028 0.046
0 0.649 0.468 0.038 0.061
0 0.698 0.351 0.014 0.034
0 0.697 0.308 0.02 0.04
0 0.736 0.28 0.014 0.033
0 0.755 0.236 0.013 0.034
0 0.72 0.479 0.04 0.083
0 0.75 0.413 0.028 0.055
0 0.774 0.233 0.015 0.034
0 0.784 0.28 0.016 0.038
0 0.79 0.241 0.013 0.033
0 0.799 0.243 0.008 0.034
0 0.796 0.422 0.027 0.064
0 0.851 0.54 0.03 0.08
0 0.858 0.469 0.034 0.062
0 0.822 0.358 0.025 0.056
0 0.83 0.297 0.016 0.03
0 0.834 0.26 0.014 0.03
0 0.854 0.249 0.013 0.03
0 0.884 0.242 0.012 0.025
0 0.871 0.259 0.019 0.033
0 0.853 0.306 0.018 0.036
0 0.857 0.334 0.02 0.038
0 0.871 0.368 0.021 0.052
0 0.887 0.335 0.023 0.043
0 0.908 0.283 0.017 0.04
0 0.926 0.484 0.027 0.062
0 0.951 0.359 0.022 0.043
0 0.93 0.312 0.015 0.044
0 0.948 0.303 0.028 0.046
0 0.951 0.277 0.013 0.025
0 0.867 0.281 0.015 0.038
