0 0.066 0.417 0.034 0.068
0 0.257 0.283 0.015 0.028
0 0.279 0.285 0.016 0.028
0 0.307 0.261 0.019 0.033
0 0.345 0.272 0.017 0.038
0 0.315 0.22 0.011 0.023
0 0.334 0.228 0.017 0.026
0 0.361 0.218 0.012 0.026
0 0.375 0.22 0.015 0.026
0 0.383 0.205 0.017 0.033
0 0.407 0.235 0.02 0.04
0 0.428 0.268 0.019 0.036
0 0.442 0.236 0.019 0.036
0 0.463 0.228 0.018 0.036
0 0.41 0.172 0.016 0.026
0 0.44 0.198 0.015 0.026
0 0.47 0.186 0.012 0.028
0 0.453 0.183 0.011 0.018
0 0.43 0.187 0.012 0.023
0 0.448 0.146 0.014 0.025
0 0.469 0.152 0.012 0.026
0 0.483 0.164 0.012 0.028
0 0.486 0.131 0.012 0.026
0 0.508 0.186 0.017 0.031
0 0.536 0.188 0.018 0.03
0 0.539 0.157 0.014 0.026
0 0.525 0.139 0.012 0.03
0 0.549 0.142 0.013 0.036
0 0.572 0.16 0.015 0.03
0 0.579 0.14 0.014 0.03
0 0.567 0.111 0.01 0.02
0 0.582 0.103 0.012 0.021
0 0.592 0.12 0.012 0.028
0 0.61 0.136 0.014 0.025
0 0.626 0.119 0.01 0.023
0 0.625 0.1 0.009 0.021
0 0.647 0.096 0.012 0.026
0 0.667 0.117 0.012 0.025
0 0.684 0.102 0.012 0.028
0 0.538 0.313 0.024 0.048
0 0.481 0.288 0.021 0.045
0 0.568 0.243 0.02 0.043
0 0.604 0.255 0.021 0.046
0 0.614 0.207 0.019 0.033
0 0.656 0.213 0.019 0.043
0 0.647 0.174 0.016 0.033
0 0.679 0.159 0.017 0.036
0 0.701 0.199 0.02 0.045
0 0.708 0.174 0.015 0.03
0 0.722 0.16 0.016 0.031
0 0.664 0.257 0.018 0.041
0 0.666 0.345 0.023 0.051
0 0.594 0.345 0.026 0.05
0 0.708 0.28 0.021 0.045
0 0.777 0.29 0.023 0.045
0 0.771 0.226 0.02 0.043
0 0.737 0.193 0.017 0.031
0 0.77 0.161 0.011 0.021
0 0.736 0.145 0.01 0.02
0 0.732 0.128 0.01 0.025
0 0.754 0.106 0.011 0.026
0 0.776 0.126 0.011 0.023
0 0.766 0.13 0.01 0.025
0 0.791 0.133 0.011 0.025
0 0.804 0.123 0.012 0.028
0 0.825 0.141 0.013 0.028
0 0.794 0.162 0.016 0.03
0 0.834 0.169 0.013 0.03
0 0.842 0.186 0.012 0.031
0 0.817 0.253 0.015 0.036
0 0.865 0.231 0.013 0.04
0 0.886 0.194 0.012 0.031
0 0.874 0.171 0.015 0.031
0 0.861 0.131 0.011 0.023
0 0.862 0.16 0.011 0.026
0 0.888 0.13 0.009 0.028
0 0.895 0.161 0.012 0.025
0 0.923 0.207 0.014 0.031
0 0.918 0.178 0.011 0.025
0 0.921 0.155 0.011 0.023
0 0.926 0.27 0.019 0.048
