0 0.314 0.224 0.014 0.035
0 0.283 0.254 0.016 0.031
0 0.294 0.248 0.012 0.029
0 0.305 0.258 0.015 0.036
0 0.332 0.275 0.02 0.039
0 0.331 0.218 0.015 0.035
0 0.412 0.265 0.02 0.042
0 0.406 0.257 0.019 0.042
0 0.406 0.223 0.017 0.031
0 0.436 0.239 0.017 0.036
0 0.477 0.23 0.017 0.043
0 0.418 0.194 0.017 0.031
0 0.406 0.191 0.011 0.022
0 0.406 0.171 0.013 0.025
0 0.424 0.166 0.013 0.032
0 0.48 0.189 0.014 0.035
0 0.452 0.146 0.012 0.028
0 0.47 0.156 0.012 0.035
0 0.485 0.139 0.013 0.029
0 0.498 0.13 0.011 0.025
0 0.524 0.194 0.017 0.033
0 0.519 0.148 0.015 0.029
0 0.522 0.136 0.013 0.028
0 0.545 0.162 0.017 0.032
0 0.495 0.299 0.022 0.049
0 0.538 0.307 0.024 0.047
0 0.577 0.232 0.016 0.04
0 0.607 0.237 0.02 0.042
0 0.564 0.14 0.013 0.033
0 0.59 0.112 0.011 0.026
0 0.579 0.115 0.012 0.028
0 0.59 0.146 0.014 0.028
0 0.596 0.162 0.01 0.025
0 0.611 0.2 0.017 0.043
0 0.616 0.143 0.013 0.033
0 0.622 0.13 0.012 0.024
0 0.649 0.116 0.012 0.029
0 0.67 0.114 0.013 0.033
0 0.691 0.155 0.013 0.032
0 0.659 0.209 0.02 0.04
0 0.651 0.175 0.013 0.028
0 0.664 0.309 0.024 0.067
0 0.651 0.252 0.02 0.047
0 0.712 0.285 0.025 0.054
0 0.743 0.363 0.025 0.067
0 0.781 0.265 0.02 0.053
0 0.857 0.291 0.02 0.047
0 0.705 0.221 0.022 0.042
0 0.715 0.183 0.017 0.033
0 0.735 0.193 0.017 0.039
0 0.755 0.221 0.015 0.037
0 0.727 0.157 0.012 0.031
0 0.753 0.149 0.013 0.026
0 0.771 0.123 0.012 0.025
0 0.76 0.173 0.013 0.035
0 0.784 0.153 0.012 0.031
0 0.796 0.143 0.012 0.031
0 0.785 0.126 0.012 0.022
0 0.783 0.193 0.015 0.046
0 0.807 0.172 0.014 0.036
0 0.822 0.157 0.013 0.032
0 0.83 0.132 0.013 0.026
0 0.863 0.143 0.013 0.033
0 0.813 0.224 0.017 0.043
0 0.839 0.202 0.016 0.039
0 0.84 0.168 0.013 0.033
0 0.867 0.216 0.018 0.053
0 0.895 0.245 0.02 0.047
0 0.88 0.189 0.014 0.032
0 0.43 0.322 0.035 0.076
