0 0.842 0.112 0.011 0.027
0 0.868 0.124 0.009 0.022
0 0.9 0.145 0.01 0.024
0 0.93 0.151 0.009 0.022
0 0.916 0.296 0.022 0.058
0 0.768 0.284 0.022 0.058
0 0.795 0.267 0.019 0.055
0 0.83 0.296 0.025 0.065
0 0.738 0.323 0.029 0.073
0 0.678 0.302 0.027 0.066
0 0.655 0.214 0.018 0.043
0 0.622 0.249 0.02 0.048
0 0.608 0.145 0.013 0.034
0 0.564 0.175 0.013 0.034
0 0.565 0.125 0.011 0.029
0 0.583 0.12 0.01 0.026
0 0.51 0.124 0.01 0.024
0 0.535 0.122 0.012 0.029
0 0.415 0.159 0.012 0.026
0 0.456 0.219 0.017 0.036
0 0.359 0.195 0.013 0.029
0 0.384 0.218 0.015 0.034
0 0.389 0.262 0.016 0.037
0 0.477 0.327 0.025 0.048
0 0.533 0.324 0.023 0.051
0 0.171 0.483 0.036 0.077
0 0.094 0.315 0.018 0.037
0 0.384 0.203 0.017 0.024
