0 0.079 0.396 0.03 0.068
0 0.38 0.186 0.014 0.027
0 0.402 0.256 0.013 0.032
0 0.425 0.157 0.012 0.028
0 0.471 0.218 0.019 0.038
0 0.495 0.133 0.012 0.023
0 0.531 0.116 0.011 0.023
0 0.565 0.115 0.011 0.028
0 0.577 0.173 0.015 0.035
0 0.578 0.123 0.01 0.027
0 0.598 0.117 0.01 0.025
0 0.801 0.297 0.022 0.06
0 0.857 0.305 0.027 0.063
0 0.943 0.21 0.015 0.045
0 0.923 0.302 0.025 0.06
0 0.716 0.177 0.026 0.065
0 0.67 0.215 0.019 0.041
0 0.676 0.332 0.031 0.063
0 0.626 0.25 0.021 0.05
0 0.487 0.325 0.026 0.046
0 0.55 0.321 0.027 0.055
0 0.881 0.115 0.01 0.028
0 0.923 0.14 0.011 0.025
0 0.95 0.149 0.01 0.027
0 0.397 0.221 0.017 0.028
