0 0.113 0.262 0.016 0.029
0 0.195 0.441 0.038 0.077
0 0.341 0.249 0.017 0.034
0 0.343 0.216 0.015 0.029
0 0.392 0.195 0.014 0.033
0 0.377 0.261 0.023 0.034
0 0.408 0.277 0.017 0.038
0 0.414 0.241 0.015 0.031
0 0.447 0.2 0.014 0.029
0 0.488 0.217 0.019 0.043
0 0.48 0.163 0.014 0.027
0 0.463 0.141 0.012 0.021
0 0.502 0.13 0.009 0.019
0 0.522 0.133 0.012 0.022
0 0.513 0.18 0.014 0.033
0 0.541 0.205 0.017 0.033
0 0.583 0.194 0.017 0.024
0 0.62 0.135 0.013 0.026
0 0.606 0.139 0.012 0.027
0 0.567 0.131 0.014 0.026
0 0.549 0.117 0.013 0.024
0 0.57 0.254 0.015 0.045
0 0.638 0.252 0.02 0.04
0 0.643 0.209 0.017 0.033
0 0.66 0.195 0.015 0.033
0 0.662 0.266 0.02 0.045
0 0.714 0.226 0.017 0.04
0 0.701 0.205 0.012 0.033
0 0.732 0.151 0.013 0.027
0 0.749 0.269 0.019 0.05
0 0.814 0.308 0.017 0.048
0 0.845 0.325 0.021 0.045
0 0.833 0.238 0.014 0.029
0 0.863 0.278 0.016 0.041
0 0.912 0.351 0.021 0.065
0 0.928 0.308 0.016 0.04
0 0.927 0.242 0.013 0.027
0 0.929 0.285 0.018 0.034
0 0.886 0.22 0.013 0.038
0 0.842 0.201 0.015 0.034
0 0.828 0.183 0.012 0.033
