0 0.14 0.301 0.025 0.045
0 0.19 0.452 0.062 0.13
0 0.285 0.484 0.059 0.118
0 0.472 0.543 0.064 0.13
0 0.466 0.417 0.051 0.095
0 0.229 0.205 0.016 0.04
0 0.332 0.174 0.018 0.032
0 0.38 0.213 0.024 0.05
0 0.47 0.222 0.02 0.043
0 0.515 0.267 0.026 0.057
0 0.391 0.2 0.021 0.043
0 0.557 0.114 0.025 0.045
0 0.577 0.082 0.011 0.03
0 0.61 0.128 0.018 0.038
0 0.616 0.098 0.015 0.032
0 0.633 0.121 0.018 0.045
0 0.661 0.13 0.025 0.047
0 0.661 0.091 0.016 0.038
0 0.698 0.136 0.022 0.048
0 0.732 0.057 0.016 0.033
