0 0.057 0.28 0.027 0.047
0 0.274 0.212 0.016 0.032
0 0.314 0.218 0.016 0.038
0 0.348 0.164 0.014 0.036
0 0.353 0.213 0.015 0.034
0 0.361 0.183 0.014 0.036
0 0.375 0.224 0.017 0.034
0 0.404 0.224 0.017 0.046
0 0.426 0.241 0.02 0.046
0 0.418 0.192 0.016 0.038
0 0.397 0.149 0.011 0.025
0 0.382 0.195 0.016 0.034
0 0.412 0.153 0.011 0.036
0 0.426 0.162 0.013 0.025
0 0.435 0.189 0.017 0.028
0 0.464 0.192 0.019 0.038
0 0.436 0.151 0.012 0.021
0 0.482 0.188 0.014 0.034
0 0.478 0.124 0.011 0.021
0 0.491 0.151 0.017 0.028
0 0.512 0.146 0.017 0.03
0 0.5 0.113 0.012 0.021
0 0.52 0.121 0.012 0.023
0 0.558 0.116 0.016 0.023
0 0.531 0.165 0.018 0.03
0 0.552 0.177 0.018 0.04
0 0.562 0.146 0.017 0.03
0 0.584 0.157 0.016 0.042
0 0.578 0.124 0.013 0.021
0 0.597 0.105 0.014 0.028
0 0.611 0.12 0.013 0.034
0 0.623 0.105 0.013 0.028
0 0.646 0.107 0.015 0.028
0 0.639 0.148 0.016 0.03
0 0.627 0.192 0.019 0.034
0 0.596 0.218 0.02 0.038
0 0.638 0.229 0.024 0.032
0 0.661 0.172 0.015 0.032
0 0.676 0.122 0.014 0.025
0 0.707 0.102 0.013 0.027
0 0.707 0.157 0.015 0.032
0 0.677 0.213 0.016 0.025
0 0.688 0.248 0.02 0.044
0 0.727 0.22 0.02 0.046
0 0.723 0.17 0.015 0.036
0 0.736 0.159 0.0 0.0
0 0.743 0.181 0.014 0.04
0 0.735 0.13 0.015 0.025
0 0.772 0.119 0.015 0.025
0 0.785 0.158 0.014 0.028
0 0.79 0.193 0.02 0.032
0 0.758 0.243 0.021 0.046
0 0.758 0.34 0.023 0.057
0 0.696 0.306 0.029 0.068
0 0.822 0.134 0.016 0.028
0 0.842 0.144 0.014 0.03
0 0.856 0.142 0.012 0.034
0 0.871 0.168 0.016 0.044
0 0.828 0.165 0.015 0.027
0 0.832 0.238 0.018 0.04
0 0.801 0.277 0.024 0.049
0 0.889 0.226 0.017 0.038
0 0.909 0.14 0.015 0.03
0 0.91 0.179 0.014 0.04
0 0.945 0.177 0.015 0.036
0 0.922 0.167 0.011 0.034
0 0.928 0.235 0.015 0.042
0 0.915 0.322 0.026 0.059
0 0.852 0.203 0.016 0.034
0 0.548 0.151 0.014 0.028
0 0.484 0.14 0.014 0.027
0 0.935 0.208 0.015 0.036
0 0.812 0.182 0.017 0.034
0 0.855 0.184 0.015 0.03
0 0.796 0.132 0.011 0.025
0 0.9 0.209 0.014 0.046
0 0.732 0.162 0.015 0.036
