0 0.123 0.416 0.054 0.107
0 0.292 0.204 0.014 0.033
0 0.31 0.211 0.012 0.033
0 0.325 0.21 0.014 0.032
0 0.341 0.234 0.019 0.04
0 0.347 0.202 0.015 0.037
0 0.342 0.165 0.013 0.033
0 0.353 0.187 0.012 0.033
0 0.37 0.201 0.015 0.035
0 0.389 0.201 0.017 0.039
0 0.401 0.249 0.02 0.046
0 0.4 0.165 0.016 0.032
0 0.397 0.155 0.017 0.026
0 0.419 0.151 0.013 0.025
0 0.436 0.157 0.016 0.026
0 0.429 0.18 0.014 0.032
0 0.44 0.193 0.019 0.032
0 0.463 0.196 0.016 0.035
0 0.463 0.123 0.012 0.03
0 0.481 0.139 0.01 0.03
0 0.504 0.191 0.019 0.032
0 0.5 0.174 0.017 0.037
0 0.499 0.14 0.015 0.028
0 0.497 0.116 0.011 0.023
0 0.518 0.122 0.011 0.019
0 0.533 0.125 0.012 0.026
0 0.531 0.159 0.017 0.032
0 0.552 0.177 0.015 0.042
0 0.554 0.145 0.014 0.028
0 0.545 0.117 0.011 0.028
0 0.573 0.129 0.012 0.03
0 0.6 0.151 0.017 0.033
0 0.621 0.127 0.014 0.026
0 0.639 0.149 0.013 0.025
0 0.66 0.165 0.013 0.03
0 0.646 0.108 0.012 0.03
0 0.602 0.1 0.009 0.021
0 0.627 0.113 0.011 0.023
0 0.561 0.229 0.021 0.053
0 0.636 0.238 0.021 0.042
0 0.624 0.203 0.016 0.039
0 0.659 0.235 0.017 0.046
0 0.685 0.253 0.021 0.047
0 0.669 0.329 0.028 0.07
0 0.748 0.375 0.026 0.063
0 0.795 0.281 0.022 0.051
0 0.761 0.244 0.022 0.044
0 0.736 0.231 0.019 0.039
0 0.715 0.18 0.017 0.042
0 0.7 0.172 0.015 0.032
0 0.685 0.108 0.012 0.03
0 0.683 0.097 0.012 0.03
0 0.699 0.102 0.012 0.025
0 0.733 0.137 0.012 0.028
0 0.732 0.166 0.012 0.035
0 0.75 0.188 0.019 0.04
0 0.796 0.201 0.017 0.033
0 0.789 0.161 0.014 0.032
0 0.759 0.125 0.01 0.03
0 0.773 0.12 0.01 0.026
0 0.788 0.131 0.01 0.021
0 0.798 0.122 0.011 0.03
0 0.823 0.132 0.011 0.026
0 0.838 0.145 0.01 0.032
0 0.828 0.165 0.014 0.026
0 0.815 0.191 0.015 0.035
0 0.82 0.252 0.018 0.049
0 0.84 0.218 0.019 0.047
0 0.852 0.208 0.014 0.035
0 0.866 0.17 0.014 0.039
0 0.874 0.16 0.015 0.037
0 0.918 0.34 0.023 0.056
0 0.891 0.227 0.017 0.04
0 0.93 0.253 0.017 0.04
0 0.931 0.211 0.014 0.037
0 0.938 0.195 0.014 0.037
0 0.946 0.182 0.011 0.035
0 0.895 0.179 0.011 0.028
0 0.909 0.18 0.011 0.026
