0 0.207 0.423 0.041 0.072
0 0.263 0.268 0.016 0.027
0 0.293 0.25 0.015 0.029
0 0.318 0.256 0.013 0.031
0 0.328 0.276 0.018 0.029
0 0.35 0.282 0.021 0.031
0 0.313 0.229 0.017 0.031
0 0.338 0.225 0.017 0.034
0 0.38 0.276 0.02 0.044
0 0.41 0.288 0.019 0.044
0 0.435 0.253 0.022 0.027
0 0.47 0.232 0.019 0.038
0 0.386 0.204 0.017 0.029
0 0.428 0.187 0.018 0.026
0 0.412 0.177 0.012 0.024
0 0.456 0.156 0.015 0.032
0 0.475 0.164 0.015 0.031
0 0.515 0.187 0.013 0.029
0 0.487 0.203 0.016 0.031
0 0.548 0.194 0.014 0.036
0 0.543 0.177 0.018 0.038
0 0.527 0.154 0.013 0.029
0 0.52 0.138 0.012 0.031
0 0.509 0.128 0.01 0.02
0 0.558 0.148 0.013 0.027
0 0.427 0.224 0.019 0.027
0 0.6 0.165 0.016 0.032
0 0.612 0.154 0.012 0.034
0 0.586 0.131 0.015 0.024
0 0.606 0.109 0.011 0.027
0 0.63 0.141 0.015 0.029
0 0.62 0.13 0.01 0.02
0 0.651 0.112 0.012 0.026
0 0.67 0.125 0.015 0.029
0 0.529 0.288 0.02 0.043
0 0.562 0.303 0.022 0.053
0 0.579 0.249 0.019 0.041
0 0.633 0.213 0.023 0.034
0 0.641 0.253 0.017 0.041
0 0.66 0.269 0.019 0.039
0 0.666 0.226 0.016 0.039
0 0.653 0.177 0.017 0.032
0 0.69 0.17 0.015 0.032
0 0.676 0.335 0.027 0.067
0 0.717 0.289 0.024 0.053
0 0.791 0.351 0.03 0.06
0 0.789 0.292 0.02 0.048
0 0.753 0.248 0.021 0.039
0 0.712 0.234 0.019 0.038
0 0.723 0.195 0.016 0.038
0 0.75 0.201 0.018 0.029
0 0.735 0.16 0.014 0.029
0 0.751 0.152 0.015 0.031
0 0.769 0.18 0.014 0.029
0 0.793 0.192 0.017 0.039
0 0.79 0.149 0.011 0.029
0 0.773 0.124 0.014 0.029
0 0.806 0.131 0.011 0.029
0 0.813 0.173 0.014 0.036
0 0.832 0.233 0.019 0.049
0 0.85 0.216 0.015 0.039
0 0.86 0.185 0.015 0.032
0 0.833 0.173 0.013 0.039
0 0.84 0.141 0.015 0.036
0 0.887 0.154 0.012 0.032
0 0.896 0.192 0.014 0.036
0 0.889 0.221 0.018 0.036
0 0.875 0.24 0.02 0.049
0 0.866 0.293 0.019 0.046
0 0.921 0.276 0.018 0.043
