0 0.129 0.563 0.044 0.089
0 0.23 0.338 0.015 0.035
0 0.261 0.346 0.021 0.045
0 0.281 0.376 0.02 0.042
0 0.291 0.307 0.019 0.038
0 0.333 0.373 0.027 0.049
0 0.361 0.322 0.018 0.041
0 0.358 0.298 0.015 0.031
0 0.392 0.338 0.019 0.045
0 0.415 0.333 0.018 0.036
0 0.412 0.296 0.018 0.033
0 0.401 0.257 0.017 0.033
0 0.434 0.26 0.013 0.025
0 0.441 0.268 0.015 0.032
0 0.445 0.309 0.023 0.047
0 0.459 0.336 0.021 0.048
0 0.482 0.305 0.018 0.036
0 0.515 0.328 0.021 0.036
0 0.479 0.268 0.017 0.032
0 0.474 0.241 0.016 0.028
0 0.515 0.26 0.018 0.033
0 0.531 0.277 0.018 0.032
0 0.531 0.242 0.016 0.033
0 0.554 0.246 0.018 0.038
0 0.569 0.282 0.014 0.038
0 0.589 0.258 0.017 0.035
0 0.581 0.218 0.013 0.029
0 0.597 0.235 0.014 0.028
0 0.614 0.251 0.013 0.031
0 0.617 0.226 0.013 0.029
0 0.623 0.208 0.015 0.029
0 0.644 0.215 0.014 0.035
0 0.654 0.224 0.015 0.026
0 0.66 0.245 0.015 0.028
0 0.688 0.231 0.015 0.031
0 0.691 0.208 0.015 0.032
0 0.704 0.23 0.013 0.032
0 0.502 0.39 0.033 0.055
0 0.555 0.353 0.027 0.057
0 0.554 0.414 0.031 0.063
0 0.602 0.448 0.037 0.071
0 0.616 0.379 0.033 0.051
0 0.614 0.334 0.024 0.042
0 0.657 0.3 0.022 0.047
0 0.667 0.349 0.026 0.049
0 0.683 0.38 0.027 0.058
0 0.655 0.472 0.039 0.083
0 0.718 0.549 0.04 0.074
0 0.852 0.506 0.039 0.074
0 0.756 0.398 0.029 0.051
0 0.708 0.365 0.026 0.052
0 0.714 0.301 0.021 0.041
0 0.685 0.277 0.021 0.039
0 0.729 0.299 0.015 0.036
0 0.727 0.249 0.02 0.032
0 0.751 0.255 0.016 0.038
0 0.757 0.237 0.015 0.033
0 0.771 0.231 0.013 0.031
0 0.789 0.277 0.014 0.031
0 0.805 0.242 0.017 0.033
0 0.801 0.266 0.015 0.035
0 0.836 0.299 0.019 0.036
0 0.846 0.275 0.016 0.035
0 0.834 0.245 0.014 0.035
0 0.837 0.355 0.022 0.055
0 0.813 0.434 0.032 0.07
0 0.873 0.455 0.036 0.071
0 0.952 0.474 0.034 0.071
0 0.886 0.378 0.032 0.055
0 0.895 0.353 0.025 0.051
0 0.91 0.318 0.02 0.036
0 0.922 0.275 0.02 0.038
0 0.901 0.258 0.012 0.029
0 0.882 0.274 0.017 0.036
0 0.869 0.26 0.019 0.039
0 0.87 0.312 0.019 0.033
0 0.94 0.394 0.022 0.047
0 0.961 0.354 0.019 0.039
0 0.969 0.328 0.019 0.035
0 0.961 0.306 0.015 0.031
0 0.967 0.277 0.016 0.036
0 0.941 0.304 0.016 0.038
