0 0.079 0.386 0.033 0.062
0 0.281 0.245 0.015 0.033
0 0.3 0.244 0.015 0.04
0 0.309 0.259 0.017 0.037
0 0.362 0.256 0.021 0.038
0 0.376 0.242 0.017 0.033
0 0.382 0.282 0.021 0.043
0 0.388 0.179 0.017 0.03
0 0.407 0.187 0.019 0.033
0 0.429 0.172 0.021 0.04
0 0.449 0.218 0.019 0.038
0 0.452 0.178 0.015 0.038
0 0.471 0.182 0.017 0.037
0 0.477 0.229 0.022 0.04
0 0.473 0.136 0.013 0.028
0 0.483 0.146 0.016 0.028
0 0.507 0.179 0.019 0.042
0 0.532 0.187 0.021 0.04
0 0.546 0.169 0.017 0.038
0 0.506 0.123 0.015 0.028
0 0.52 0.139 0.011 0.025
0 0.529 0.149 0.017 0.028
0 0.568 0.17 0.018 0.037
0 0.55 0.124 0.013 0.027
0 0.562 0.12 0.014 0.023
0 0.583 0.134 0.016 0.033
0 0.593 0.114 0.011 0.03
0 0.598 0.096 0.011 0.022
0 0.615 0.124 0.01 0.025
0 0.628 0.146 0.015 0.032
0 0.641 0.11 0.012 0.033
0 0.648 0.097 0.013 0.027
0 0.666 0.108 0.01 0.032
0 0.658 0.124 0.01 0.025
0 0.708 0.1 0.011 0.03
0 0.655 0.166 0.021 0.045
0 0.512 0.284 0.025 0.057
0 0.566 0.293 0.023 0.052
0 0.579 0.238 0.024 0.038
0 0.631 0.239 0.021 0.033
0 0.637 0.294 0.027 0.05
0 0.631 0.197 0.016 0.04
0 0.658 0.212 0.019 0.04
0 0.68 0.153 0.018 0.038
0 0.704 0.165 0.016 0.04
0 0.727 0.16 0.018 0.033
0 0.731 0.197 0.02 0.043
0 0.706 0.225 0.019 0.042
0 0.736 0.245 0.021 0.048
0 0.696 0.303 0.03 0.062
0 0.746 0.365 0.032 0.075
0 0.783 0.293 0.03 0.062
0 0.819 0.348 0.035 0.058
0 0.765 0.214 0.022 0.057
0 0.787 0.194 0.02 0.045
0 0.816 0.246 0.021 0.048
0 0.83 0.199 0.017 0.045
0 0.812 0.138 0.014 0.035
0 0.786 0.139 0.015 0.032
0 0.767 0.125 0.014 0.03
0 0.739 0.134 0.016 0.037
0 0.744 0.114 0.015 0.03
0 0.856 0.284 0.021 0.057
0 0.919 0.412 0.038 0.073
0 0.911 0.287 0.024 0.057
0 0.873 0.206 0.019 0.035
0 0.855 0.164 0.013 0.035
0 0.859 0.141 0.012 0.028
0 0.867 0.124 0.014 0.032
0 0.833 0.134 0.015 0.033
0 0.89 0.186 0.017 0.032
0 0.894 0.159 0.014 0.032
0 0.905 0.147 0.012 0.03
0 0.932 0.16 0.011 0.023
0 0.924 0.205 0.019 0.037
0 0.921 0.257 0.017 0.037
