0 0.19 0.246 0.021 0.044
0 0.302 0.225 0.015 0.029
0 0.348 0.188 0.013 0.031
0 0.421 0.257 0.016 0.038
0 0.407 0.196 0.015 0.033
0 0.441 0.224 0.017 0.027
0 0.443 0.17 0.012 0.031
0 0.477 0.173 0.017 0.04
0 0.451 0.134 0.013 0.023
0 0.538 0.183 0.015 0.033
0 0.542 0.16 0.015 0.029
0 0.622 0.116 0.012 0.029
0 0.625 0.301 0.024 0.061
0 0.658 0.362 0.031 0.069
0 0.62 0.203 0.018 0.042
0 0.662 0.211 0.019 0.038
0 0.658 0.174 0.014 0.027
0 0.717 0.073 0.013 0.027
0 0.72 0.227 0.018 0.04
0 0.662 0.289 0.018 0.038
0 0.792 0.34 0.041 0.086
0 0.812 0.254 0.017 0.04
0 0.855 0.256 0.019 0.048
0 0.922 0.217 0.015 0.036
0 0.987 0.236 0.023 0.069
0 0.988 0.318 0.02 0.08
