0 0.171 0.484 0.043 0.081
0 0.282 0.246 0.015 0.031
0 0.296 0.243 0.018 0.035
0 0.309 0.253 0.019 0.038
0 0.366 0.258 0.017 0.035
0 0.373 0.279 0.022 0.041
0 0.367 0.196 0.016 0.036
0 0.376 0.213 0.018 0.033
0 0.39 0.223 0.018 0.031
0 0.397 0.195 0.017 0.031
0 0.402 0.17 0.015 0.026
0 0.421 0.169 0.013 0.028
0 0.429 0.175 0.017 0.031
0 0.443 0.224 0.021 0.04
0 0.472 0.232 0.022 0.036
0 0.45 0.183 0.016 0.033
0 0.483 0.198 0.02 0.04
0 0.476 0.177 0.014 0.028
0 0.482 0.165 0.012 0.023
0 0.465 0.138 0.013 0.026
0 0.508 0.164 0.016 0.028
0 0.481 0.146 0.013 0.025
0 0.512 0.147 0.014 0.03
0 0.508 0.12 0.014 0.026
0 0.526 0.137 0.014 0.023
0 0.543 0.189 0.017 0.036
0 0.578 0.165 0.017 0.036
0 0.55 0.124 0.013 0.03
0 0.56 0.131 0.013 0.028
0 0.585 0.117 0.012 0.026
0 0.591 0.108 0.013 0.028
0 0.599 0.152 0.018 0.033
0 0.609 0.129 0.011 0.028
0 0.615 0.1 0.012 0.023
0 0.637 0.129 0.013 0.028
0 0.637 0.101 0.01 0.025
0 0.669 0.106 0.011 0.028
0 0.696 0.104 0.014 0.026
0 0.665 0.16 0.017 0.033
0 0.639 0.175 0.016 0.036
0 0.608 0.208 0.022 0.038
0 0.621 0.244 0.023 0.049
0 0.574 0.237 0.022 0.04
0 0.494 0.306 0.03 0.063
0 0.532 0.325 0.028 0.054
0 0.606 0.321 0.03 0.063
0 0.675 0.325 0.039 0.066
0 0.712 0.264 0.028 0.054
0 0.696 0.235 0.018 0.041
0 0.655 0.213 0.022 0.043
0 0.702 0.173 0.02 0.046
0 0.724 0.2 0.02 0.044
0 0.749 0.214 0.021 0.049
0 0.731 0.118 0.017 0.028
0 0.746 0.138 0.016 0.033
0 0.757 0.129 0.01 0.031
0 0.772 0.139 0.015 0.031
0 0.774 0.189 0.019 0.04
0 0.783 0.266 0.024 0.048
0 0.736 0.354 0.038 0.076
0 0.808 0.369 0.035 0.066
0 0.888 0.365 0.033 0.077
0 0.896 0.302 0.027 0.068
0 0.906 0.259 0.019 0.046
0 0.911 0.225 0.018 0.038
0 0.921 0.199 0.013 0.038
0 0.922 0.159 0.015 0.031
0 0.895 0.178 0.018 0.04
0 0.884 0.158 0.014 0.04
0 0.875 0.199 0.019 0.038
0 0.861 0.252 0.018 0.049
0 0.836 0.289 0.027 0.054
0 0.803 0.254 0.023 0.043
0 0.826 0.19 0.018 0.041
0 0.798 0.143 0.016 0.03
0 0.827 0.138 0.016 0.036
0 0.845 0.169 0.017 0.035
0 0.854 0.149 0.018 0.031
0 0.864 0.124 0.014 0.031
