0 0.12 0.544 0.041 0.073
0 0.216 0.342 0.02 0.038
0 0.244 0.377 0.022 0.045
0 0.276 0.371 0.022 0.048
0 0.272 0.319 0.02 0.035
0 0.324 0.361 0.024 0.046
0 0.34 0.336 0.02 0.037
0 0.337 0.303 0.017 0.035
0 0.368 0.341 0.018 0.038
0 0.395 0.338 0.022 0.041
0 0.393 0.305 0.018 0.028
0 0.375 0.268 0.015 0.027
0 0.388 0.284 0.018 0.028
0 0.41 0.262 0.016 0.027
0 0.43 0.264 0.015 0.031
0 0.445 0.275 0.019 0.035
0 0.45 0.245 0.015 0.031
0 0.491 0.265 0.017 0.035
0 0.504 0.283 0.018 0.034
0 0.508 0.255 0.015 0.028
0 0.532 0.284 0.018 0.037
0 0.487 0.334 0.02 0.038
0 0.447 0.324 0.024 0.038
0 0.419 0.315 0.02 0.037
0 0.434 0.354 0.024 0.038
0 0.517 0.367 0.025 0.048
0 0.451 0.43 0.029 0.059
0 0.521 0.435 0.034 0.062
0 0.538 0.25 0.016 0.034
0 0.541 0.222 0.015 0.028
0 0.556 0.258 0.015 0.03
0 0.559 0.234 0.013 0.032
0 0.581 0.255 0.016 0.025
0 0.585 0.233 0.015 0.03
0 0.593 0.214 0.013 0.028
0 0.614 0.214 0.014 0.03
0 0.622 0.23 0.015 0.027
0 0.648 0.218 0.014 0.028
0 0.659 0.233 0.012 0.03
0 0.667 0.222 0.017 0.032
0 0.614 0.261 0.017 0.03
0 0.585 0.331 0.025 0.048
0 0.566 0.461 0.037 0.075
0 0.617 0.475 0.037 0.082
0 0.605 0.371 0.025 0.045
0 0.637 0.376 0.025 0.062
0 0.672 0.378 0.024 0.049
0 0.702 0.408 0.032 0.056
0 0.618 0.311 0.02 0.042
0 0.655 0.284 0.02 0.034
0 0.666 0.32 0.022 0.049
0 0.686 0.303 0.019 0.038
0 0.688 0.254 0.016 0.038
0 0.721 0.265 0.016 0.032
0 0.718 0.242 0.013 0.031
0 0.729 0.232 0.015 0.031
0 0.748 0.262 0.015 0.032
0 0.757 0.288 0.015 0.034
0 0.766 0.248 0.017 0.034
0 0.794 0.246 0.017 0.031
0 0.685 0.544 0.037 0.079
0 0.759 0.436 0.03 0.065
0 0.793 0.366 0.021 0.052
0 0.807 0.503 0.034 0.08
0 0.822 0.471 0.034 0.073
0 0.837 0.399 0.027 0.052
0 0.895 0.47 0.033 0.072
0 0.92 0.366 0.022 0.052
0 0.904 0.338 0.021 0.042
0 0.917 0.317 0.016 0.035
0 0.877 0.281 0.017 0.038
0 0.873 0.328 0.017 0.035
0 0.853 0.342 0.02 0.044
0 0.831 0.332 0.023 0.045
0 0.798 0.305 0.019 0.039
0 0.797 0.274 0.015 0.028
0 0.824 0.262 0.016 0.039
0 0.836 0.282 0.019 0.041
0 0.849 0.266 0.02 0.039
