0 0.053 0.395 0.026 0.05
0 0.277 0.244 0.014 0.03
0 0.304 0.255 0.016 0.023
0 0.319 0.249 0.014 0.033
0 0.335 0.259 0.016 0.033
0 0.351 0.264 0.017 0.036
0 0.37 0.273 0.019 0.038
0 0.394 0.289 0.025 0.045
0 0.475 0.238 0.016 0.035
0 0.457 0.226 0.013 0.033
0 0.4 0.219 0.015 0.03
0 0.359 0.23 0.018 0.028
0 0.332 0.227 0.017 0.023
0 0.328 0.211 0.013 0.022
0 0.38 0.2 0.013 0.028
0 0.386 0.192 0.012 0.023
0 0.415 0.201 0.015 0.032
0 0.443 0.193 0.013 0.028
0 0.452 0.177 0.016 0.028
0 0.49 0.206 0.017 0.035
0 0.537 0.206 0.017 0.036
0 0.467 0.147 0.011 0.025
0 0.481 0.146 0.011 0.02
0 0.498 0.16 0.013 0.022
0 0.543 0.167 0.015 0.028
0 0.53 0.174 0.011 0.023
0 0.567 0.182 0.016 0.033
0 0.553 0.166 0.011 0.023
0 0.563 0.129 0.016 0.028
0 0.589 0.15 0.012 0.025
0 0.612 0.158 0.015 0.032
0 0.619 0.133 0.013 0.025
0 0.606 0.124 0.01 0.025
0 0.638 0.151 0.014 0.03
0 0.651 0.125 0.012 0.028
0 0.676 0.131 0.013 0.03
0 0.584 0.229 0.025 0.05
0 0.499 0.313 0.025 0.053
0 0.587 0.299 0.023 0.05
0 0.636 0.328 0.024 0.053
0 0.622 0.254 0.024 0.053
0 0.633 0.211 0.019 0.038
0 0.65 0.182 0.012 0.033
0 0.664 0.206 0.019 0.035
0 0.665 0.26 0.02 0.043
0 0.719 0.297 0.02 0.046
0 0.844 0.327 0.021 0.056
0 0.76 0.288 0.022 0.045
0 0.716 0.221 0.022 0.041
0 0.704 0.187 0.018 0.035
0 0.686 0.156 0.013 0.027
0 0.726 0.177 0.015 0.03
0 0.714 0.16 0.011 0.025
0 0.737 0.119 0.012 0.023
0 0.748 0.153 0.013 0.032
0 0.738 0.207 0.016 0.036
0 0.77 0.207 0.02 0.043
0 0.771 0.163 0.014 0.032
0 0.774 0.136 0.01 0.023
0 0.785 0.142 0.013 0.028
0 0.797 0.172 0.016 0.032
0 0.782 0.233 0.022 0.045
0 0.828 0.207 0.016 0.04
0 0.844 0.185 0.012 0.032
0 0.835 0.158 0.014 0.027
0 0.814 0.132 0.016 0.028
0 0.872 0.166 0.013 0.03
0 0.91 0.235 0.018 0.04
0 0.934 0.266 0.024 0.048
0 0.866 0.294 0.022 0.046
0 0.89 0.212 0.015 0.033
0 0.893 0.182 0.012 0.023
0 0.902 0.165 0.01 0.025
