0 0.089 0.423 0.045 0.093
0 0.259 0.285 0.02 0.043
0 0.29 0.263 0.018 0.042
0 0.303 0.263 0.019 0.043
0 0.32 0.284 0.021 0.042
0 0.346 0.277 0.021 0.043
0 0.31 0.234 0.02 0.032
0 0.35 0.219 0.02 0.038
0 0.358 0.232 0.02 0.033
0 0.394 0.215 0.017 0.03
0 0.419 0.218 0.02 0.04
0 0.389 0.196 0.016 0.032
0 0.429 0.274 0.025 0.048
0 0.471 0.247 0.021 0.05
0 0.451 0.226 0.017 0.038
0 0.411 0.172 0.017 0.032
0 0.458 0.167 0.016 0.027
0 0.432 0.189 0.015 0.028
0 0.445 0.193 0.016 0.025
0 0.49 0.198 0.02 0.035
0 0.46 0.205 0.021 0.033
0 0.476 0.163 0.014 0.028
0 0.468 0.15 0.01 0.02
0 0.452 0.148 0.013 0.023
0 0.486 0.133 0.015 0.028
0 0.512 0.168 0.018 0.027
0 0.537 0.164 0.019 0.038
0 0.521 0.218 0.023 0.047
0 0.536 0.133 0.016 0.033
0 0.524 0.146 0.014 0.038
0 0.558 0.111 0.014 0.025
0 0.555 0.145 0.016 0.033
0 0.57 0.173 0.021 0.04
0 0.577 0.155 0.018 0.03
0 0.589 0.121 0.018 0.032
0 0.597 0.098 0.016 0.033
0 0.621 0.143 0.018 0.04
0 0.623 0.101 0.013 0.025
0 0.638 0.123 0.016 0.033
0 0.651 0.096 0.015 0.035
0 0.676 0.124 0.016 0.032
0 0.689 0.11 0.016 0.033
0 0.481 0.311 0.029 0.058
0 0.556 0.292 0.026 0.053
0 0.571 0.247 0.021 0.052
0 0.607 0.273 0.026 0.048
0 0.614 0.333 0.031 0.075
0 0.67 0.363 0.033 0.073
0 0.613 0.211 0.021 0.048
0 0.643 0.192 0.018 0.037
0 0.655 0.212 0.022 0.038
0 0.672 0.253 0.025 0.053
0 0.697 0.221 0.022 0.055
0 0.722 0.268 0.028 0.058
0 0.694 0.155 0.016 0.04
0 0.715 0.139 0.02 0.038
0 0.71 0.187 0.021 0.047
0 0.74 0.203 0.02 0.042
0 0.744 0.17 0.019 0.033
0 0.744 0.146 0.017 0.032
0 0.734 0.129 0.017 0.035
0 0.75 0.112 0.013 0.027
0 0.765 0.131 0.016 0.032
0 0.78 0.126 0.013 0.038
0 0.796 0.128 0.012 0.033
0 0.809 0.133 0.011 0.03
0 0.817 0.166 0.019 0.035
0 0.797 0.177 0.024 0.048
0 0.765 0.247 0.021 0.048
0 0.786 0.29 0.024 0.057
0 0.819 0.25 0.025 0.053
0 0.846 0.185 0.022 0.047
0 0.837 0.152 0.015 0.035
0 0.867 0.122 0.014 0.032
0 0.873 0.154 0.018 0.035
0 0.872 0.219 0.018 0.052
0 0.887 0.203 0.019 0.042
0 0.894 0.164 0.014 0.035
0 0.9 0.133 0.014 0.038
0 0.931 0.168 0.013 0.033
0 0.927 0.154 0.01 0.022
0 0.925 0.2 0.017 0.043
0 0.927 0.291 0.026 0.062
