0 0.215 0.353 0.042 0.084
0 0.279 0.266 0.019 0.035
0 0.329 0.284 0.02 0.038
0 0.34 0.258 0.014 0.038
0 0.42 0.286 0.024 0.038
0 0.361 0.217 0.017 0.035
0 0.376 0.226 0.014 0.033
0 0.38 0.202 0.016 0.031
0 0.417 0.223 0.015 0.031
0 0.437 0.232 0.018 0.03
0 0.459 0.221 0.011 0.03
0 0.463 0.196 0.018 0.03
0 0.435 0.193 0.015 0.03
0 0.419 0.183 0.016 0.026
0 0.45 0.169 0.013 0.028
0 0.44 0.165 0.011 0.026
0 0.467 0.167 0.015 0.031
0 0.484 0.175 0.014 0.031
0 0.48 0.134 0.01 0.025
0 0.505 0.147 0.013 0.028
0 0.524 0.21 0.017 0.025
0 0.537 0.169 0.013 0.028
0 0.562 0.168 0.015 0.033
0 0.527 0.139 0.014 0.025
0 0.551 0.127 0.012 0.026
0 0.583 0.113 0.013 0.021
0 0.604 0.123 0.014 0.021
0 0.679 0.108 0.013 0.028
0 0.475 0.328 0.025 0.043
0 0.543 0.312 0.024 0.051
0 0.562 0.256 0.019 0.041
0 0.6 0.257 0.021 0.04
0 0.611 0.213 0.024 0.043
0 0.659 0.207 0.018 0.041
0 0.675 0.321 0.028 0.059
0 0.59 0.347 0.024 0.048
0 0.703 0.211 0.018 0.036
0 0.705 0.284 0.025 0.058
0 0.67 0.166 0.017 0.03
0 0.7 0.148 0.018 0.03
0 0.694 0.187 0.015 0.035
0 0.744 0.194 0.018 0.04
0 0.731 0.167 0.012 0.025
0 0.742 0.153 0.011 0.026
0 0.727 0.133 0.01 0.025
0 0.744 0.108 0.013 0.028
0 0.759 0.135 0.013 0.033
0 0.79 0.143 0.015 0.031
0 0.801 0.133 0.012 0.026
0 0.791 0.19 0.018 0.038
0 0.764 0.318 0.026 0.053
0 0.81 0.167 0.013 0.031
0 0.838 0.185 0.014 0.031
0 0.864 0.23 0.022 0.051
0 0.914 0.28 0.023 0.059
0 0.91 0.187 0.017 0.035
0 0.884 0.151 0.013 0.028
0 0.895 0.137 0.014 0.03
0 0.863 0.138 0.011 0.025
0 0.855 0.154 0.014 0.025
0 0.826 0.144 0.013 0.028
0 0.838 0.15 0.014 0.03
0 0.83 0.082 0.012 0.031
