0 0.108 0.456 0.055 0.116
0 0.27 0.232 0.019 0.038
0 0.329 0.251 0.021 0.043
0 0.328 0.209 0.021 0.045
0 0.373 0.193 0.018 0.036
0 0.392 0.203 0.017 0.036
0 0.389 0.174 0.011 0.03
0 0.405 0.174 0.014 0.031
0 0.419 0.218 0.021 0.04
0 0.406 0.246 0.022 0.04
0 0.414 0.278 0.021 0.046
0 0.488 0.227 0.019 0.045
0 0.443 0.212 0.019 0.043
0 0.442 0.175 0.015 0.033
0 0.433 0.154 0.014 0.026
0 0.476 0.169 0.014 0.035
0 0.472 0.204 0.019 0.038
0 0.503 0.208 0.019 0.04
0 0.519 0.177 0.016 0.033
0 0.508 0.149 0.013 0.023
0 0.488 0.154 0.013 0.026
0 0.475 0.142 0.01 0.023
0 0.539 0.146 0.015 0.028
0 0.547 0.212 0.021 0.045
0 0.582 0.168 0.017 0.035
0 0.574 0.13 0.013 0.031
0 0.586 0.12 0.013 0.031
0 0.599 0.137 0.016 0.033
0 0.61 0.117 0.016 0.03
0 0.623 0.136 0.016 0.033
0 0.637 0.151 0.016 0.031
0 0.633 0.124 0.012 0.026
0 0.652 0.124 0.012 0.023
0 0.655 0.146 0.016 0.028
0 0.66 0.114 0.016 0.026
0 0.681 0.114 0.013 0.023
0 0.687 0.126 0.012 0.023
0 0.712 0.125 0.011 0.025
0 0.579 0.278 0.028 0.06
0 0.566 0.256 0.025 0.05
0 0.625 0.21 0.018 0.04
0 0.629 0.251 0.025 0.046
0 0.688 0.263 0.024 0.053
0 0.669 0.216 0.021 0.045
0 0.657 0.194 0.021 0.035
0 0.708 0.19 0.016 0.033
0 0.708 0.171 0.016 0.031
0 0.734 0.15 0.015 0.036
0 0.719 0.251 0.02 0.05
0 0.74 0.268 0.02 0.056
0 0.762 0.258 0.022 0.05
0 0.745 0.213 0.021 0.036
0 0.753 0.183 0.013 0.031
0 0.762 0.15 0.017 0.045
0 0.782 0.147 0.015 0.04
0 0.798 0.16 0.014 0.033
0 0.811 0.161 0.012 0.031
0 0.822 0.147 0.011 0.026
0 0.799 0.219 0.019 0.041
0 0.797 0.293 0.026 0.06
0 0.859 0.355 0.026 0.055
0 0.915 0.39 0.032 0.063
0 0.883 0.261 0.028 0.056
0 0.843 0.241 0.018 0.04
0 0.843 0.207 0.017 0.03
0 0.831 0.181 0.013 0.028
0 0.85 0.154 0.014 0.03
0 0.859 0.196 0.016 0.035
0 0.869 0.174 0.015 0.036
0 0.89 0.167 0.014 0.033
0 0.913 0.164 0.013 0.033
0 0.894 0.212 0.017 0.035
0 0.925 0.225 0.021 0.043
0 0.93 0.257 0.018 0.038
0 0.927 0.298 0.02 0.051
0 0.946 0.218 0.017 0.033
0 0.94 0.177 0.014 0.03
0 0.934 0.198 0.012 0.028
