0 0.167 0.269 0.02 0.045
0 0.191 0.241 0.02 0.034
0 0.298 0.229 0.013 0.034
0 0.312 0.228 0.017 0.037
0 0.364 0.203 0.014 0.037
0 0.375 0.217 0.012 0.035
0 0.386 0.211 0.016 0.03
0 0.401 0.236 0.02 0.047
0 0.439 0.239 0.017 0.049
0 0.477 0.232 0.024 0.058
0 0.453 0.166 0.018 0.03
0 0.486 0.212 0.024 0.05
0 0.46 0.136 0.014 0.034
0 0.493 0.122 0.015 0.035
0 0.472 0.129 0.011 0.022
0 0.512 0.144 0.01 0.026
0 0.525 0.14 0.01 0.026
0 0.526 0.172 0.015 0.026
0 0.553 0.184 0.016 0.035
0 0.549 0.143 0.011 0.024
0 0.549 0.095 0.013 0.026
0 0.572 0.131 0.014 0.034
0 0.586 0.116 0.01 0.03
0 0.612 0.128 0.013 0.024
0 0.59 0.167 0.012 0.028
0 0.61 0.11 0.012 0.022
0 0.63 0.131 0.012 0.034
0 0.629 0.105 0.01 0.024
0 0.644 0.104 0.017 0.039
0 0.661 0.126 0.012 0.032
0 0.695 0.104 0.015 0.037
0 0.51 0.217 0.02 0.035
0 0.627 0.218 0.022 0.045
0 0.617 0.283 0.024 0.05
0 0.678 0.363 0.028 0.069
0 0.702 0.207 0.017 0.041
0 0.717 0.242 0.025 0.05
0 0.73 0.308 0.024 0.052
0 0.775 0.234 0.021 0.039
0 0.752 0.214 0.02 0.039
0 0.736 0.152 0.015 0.032
0 0.766 0.153 0.012 0.034
0 0.788 0.142 0.012 0.03
0 0.81 0.161 0.015 0.035
0 0.803 0.228 0.014 0.037
0 0.816 0.271 0.02 0.043
0 0.78 0.414 0.029 0.056
0 0.816 0.397 0.027 0.06
0 0.834 0.437 0.026 0.071
0 0.834 0.338 0.022 0.056
0 0.868 0.285 0.018 0.049
0 0.883 0.243 0.016 0.043
0 0.92 0.311 0.02 0.047
0 0.942 0.233 0.015 0.037
0 0.419 0.166 0.014 0.026
