0 0.066 0.395 0.038 0.071
0 0.257 0.281 0.017 0.035
0 0.284 0.268 0.018 0.028
0 0.302 0.266 0.016 0.044
0 0.309 0.236 0.018 0.031
0 0.325 0.248 0.018 0.031
0 0.341 0.277 0.02 0.043
0 0.401 0.286 0.023 0.048
0 0.371 0.214 0.017 0.03
0 0.382 0.217 0.016 0.038
0 0.387 0.198 0.017 0.03
0 0.408 0.175 0.017 0.031
0 0.407 0.23 0.016 0.031
0 0.429 0.192 0.015 0.031
0 0.444 0.196 0.017 0.03
0 0.442 0.226 0.017 0.04
0 0.465 0.232 0.022 0.036
0 0.464 0.196 0.015 0.033
0 0.485 0.197 0.018 0.031
0 0.458 0.17 0.013 0.026
0 0.463 0.156 0.018 0.031
0 0.485 0.164 0.021 0.031
0 0.486 0.131 0.011 0.021
0 0.516 0.165 0.016 0.03
0 0.517 0.138 0.012 0.025
0 0.527 0.141 0.013 0.028
0 0.539 0.158 0.014 0.033
0 0.533 0.202 0.019 0.038
0 0.553 0.14 0.014 0.03
0 0.561 0.113 0.012 0.025
0 0.573 0.165 0.019 0.043
0 0.582 0.133 0.009 0.026
0 0.595 0.148 0.019 0.033
0 0.607 0.129 0.013 0.028
0 0.597 0.101 0.014 0.028
0 0.623 0.101 0.015 0.025
0 0.635 0.124 0.013 0.018
0 0.648 0.1 0.013 0.028
0 0.668 0.126 0.013 0.028
0 0.683 0.103 0.014 0.028
0 0.686 0.145 0.015 0.033
0 0.71 0.145 0.015 0.036
0 0.706 0.185 0.018 0.036
0 0.645 0.187 0.023 0.035
0 0.641 0.232 0.02 0.046
0 0.601 0.206 0.021 0.036
0 0.572 0.245 0.022 0.041
0 0.61 0.253 0.025 0.048
0 0.66 0.258 0.022 0.048
0 0.692 0.226 0.02 0.043
0 0.718 0.282 0.025 0.053
0 0.668 0.355 0.032 0.064
0 0.608 0.33 0.027 0.064
0 0.555 0.291 0.029 0.054
0 0.484 0.308 0.025 0.049
0 0.735 0.125 0.013 0.03
0 0.749 0.108 0.011 0.028
0 0.742 0.152 0.014 0.026
0 0.737 0.175 0.016 0.033
0 0.731 0.201 0.019 0.04
0 0.745 0.254 0.02 0.049
0 0.783 0.284 0.029 0.058
0 0.816 0.256 0.02 0.048
0 0.757 0.173 0.015 0.036
0 0.799 0.189 0.016 0.035
0 0.765 0.133 0.013 0.026
0 0.774 0.124 0.011 0.026
0 0.787 0.14 0.011 0.03
0 0.802 0.139 0.012 0.025
0 0.829 0.145 0.014 0.033
0 0.848 0.151 0.016 0.035
0 0.863 0.132 0.013 0.026
0 0.867 0.16 0.014 0.036
0 0.893 0.132 0.012 0.03
0 0.892 0.164 0.012 0.025
0 0.921 0.158 0.01 0.023
0 0.919 0.177 0.014 0.028
0 0.922 0.21 0.017 0.038
0 0.881 0.2 0.015 0.038
0 0.841 0.186 0.016 0.043
0 0.836 0.172 0.016 0.035
0 0.863 0.222 0.016 0.046
0 0.916 0.285 0.023 0.053
