0 0.131 0.472 0.058 0.105
0 0.314 0.226 0.017 0.048
0 0.314 0.201 0.013 0.028
0 0.349 0.195 0.014 0.032
0 0.412 0.194 0.017 0.039
0 0.447 0.203 0.016 0.037
0 0.447 0.17 0.014 0.027
0 0.477 0.217 0.019 0.046
0 0.481 0.187 0.017 0.034
0 0.532 0.2 0.018 0.037
0 0.562 0.154 0.015 0.034
0 0.583 0.159 0.017 0.034
0 0.615 0.093 0.011 0.027
0 0.688 0.117 0.012 0.032
0 0.701 0.113 0.012 0.027
0 0.514 0.295 0.02 0.053
0 0.584 0.231 0.02 0.043
0 0.591 0.285 0.018 0.052
0 0.607 0.284 0.027 0.067
0 0.627 0.271 0.026 0.059
0 0.679 0.237 0.021 0.041
0 0.69 0.324 0.034 0.073
0 0.676 0.206 0.02 0.043
0 0.677 0.168 0.015 0.034
0 0.707 0.187 0.017 0.046
0 0.723 0.221 0.02 0.044
0 0.726 0.353 0.025 0.064
0 0.744 0.17 0.012 0.037
0 0.763 0.143 0.013 0.034
0 0.785 0.129 0.011 0.023
0 0.788 0.17 0.015 0.044
0 0.802 0.191 0.014 0.037
0 0.83 0.173 0.013 0.03
0 0.843 0.147 0.013 0.034
0 0.843 0.183 0.015 0.043
0 0.869 0.179 0.013 0.032
0 0.906 0.157 0.013 0.037
0 0.942 0.168 0.015 0.03
0 0.839 0.232 0.018 0.041
0 0.809 0.259 0.019 0.046
0 0.815 0.281 0.019 0.046
0 0.817 0.348 0.027 0.06
0 0.847 0.32 0.024 0.06
0 0.904 0.416 0.026 0.075
0 0.921 0.326 0.02 0.052
0 0.91 0.302 0.024 0.046
0 0.868 0.289 0.022 0.034
0 0.89 0.225 0.017 0.052
0 0.93 0.241 0.018 0.048
0 0.947 0.202 0.014 0.03
0 0.925 0.16 0.011 0.032
0 0.881 0.143 0.012 0.03
0 0.878 0.161 0.012 0.034
0 0.817 0.184 0.016 0.048
0 0.631 0.218 0.02 0.043
0 0.419 0.148 0.012 0.02
0 0.419 0.168 0.014 0.03
0 0.475 0.147 0.011 0.028
0 0.496 0.145 0.012 0.03
0 0.519 0.152 0.014 0.034
0 0.536 0.13 0.011 0.028
0 0.595 0.102 0.01 0.023
0 0.589 0.143 0.016 0.03
0 0.632 0.096 0.009 0.021
0 0.637 0.121 0.01 0.028
0 0.633 0.138 0.012 0.03
0 0.656 0.13 0.012 0.028
0 0.55 0.155 0.011 0.028
