0 0.051 0.394 0.023 0.047
0 0.313 0.236 0.017 0.031
0 0.343 0.218 0.017 0.038
0 0.34 0.257 0.019 0.035
0 0.369 0.221 0.017 0.031
0 0.38 0.223 0.015 0.033
0 0.371 0.258 0.018 0.038
0 0.398 0.264 0.019 0.039
0 0.403 0.235 0.017 0.031
0 0.425 0.261 0.024 0.045
0 0.433 0.225 0.019 0.036
0 0.426 0.194 0.017 0.032
0 0.447 0.167 0.014 0.025
0 0.458 0.171 0.013 0.022
0 0.451 0.192 0.014 0.028
0 0.468 0.147 0.012 0.024
0 0.484 0.146 0.011 0.025
0 0.482 0.218 0.016 0.035
0 0.514 0.188 0.017 0.032
0 0.51 0.147 0.012 0.024
0 0.52 0.161 0.013 0.024
0 0.521 0.132 0.01 0.025
0 0.535 0.149 0.012 0.025
0 0.543 0.137 0.01 0.026
0 0.552 0.166 0.014 0.026
0 0.561 0.145 0.012 0.028
0 0.565 0.122 0.011 0.025
0 0.586 0.118 0.011 0.025
0 0.594 0.117 0.011 0.028
0 0.6 0.129 0.014 0.029
0 0.588 0.144 0.015 0.029
0 0.579 0.168 0.015 0.031
0 0.625 0.14 0.013 0.026
0 0.632 0.134 0.01 0.022
0 0.639 0.124 0.01 0.024
0 0.654 0.129 0.014 0.026
0 0.666 0.136 0.014 0.025
0 0.665 0.113 0.01 0.025
0 0.66 0.107 0.012 0.025
0 0.697 0.118 0.013 0.022
0 0.614 0.11 0.011 0.022
0 0.617 0.21 0.019 0.036
0 0.614 0.248 0.022 0.045
0 0.558 0.264 0.022 0.043
0 0.534 0.293 0.026 0.045
0 0.586 0.322 0.025 0.054
0 0.671 0.267 0.024 0.053
0 0.687 0.22 0.017 0.038
0 0.69 0.191 0.016 0.033
0 0.73 0.211 0.021 0.043
0 0.714 0.156 0.015 0.036
0 0.735 0.138 0.017 0.031
0 0.751 0.146 0.017 0.031
0 0.756 0.241 0.022 0.045
0 0.774 0.225 0.018 0.036
0 0.765 0.3 0.023 0.054
0 0.827 0.346 0.029 0.067
0 0.835 0.314 0.029 0.051
0 0.913 0.341 0.025 0.047
0 0.922 0.291 0.019 0.036
0 0.869 0.247 0.022 0.04
0 0.828 0.252 0.019 0.038
0 0.836 0.205 0.017 0.032
0 0.844 0.188 0.016 0.031
0 0.912 0.225 0.021 0.042
0 0.927 0.202 0.016 0.033
0 0.93 0.168 0.016 0.032
0 0.939 0.154 0.016 0.031
0 0.915 0.144 0.013 0.029
0 0.904 0.154 0.014 0.029
0 0.892 0.182 0.017 0.038
0 0.867 0.153 0.014 0.031
0 0.874 0.14 0.012 0.022
0 0.834 0.152 0.016 0.031
0 0.838 0.128 0.012 0.022
0 0.803 0.182 0.015 0.029
0 0.812 0.156 0.015 0.029
0 0.808 0.127 0.014 0.024
0 0.787 0.12 0.011 0.025
0 0.78 0.156 0.015 0.033
0 0.88 0.48 0.029 0.061
0 0.299 0.307 0.018 0.024
