0 0.116 0.555 0.04 0.08
0 0.22 0.342 0.02 0.036
0 0.257 0.347 0.023 0.044
0 0.277 0.371 0.022 0.047
0 0.283 0.307 0.019 0.035
0 0.331 0.362 0.024 0.047
0 0.353 0.327 0.019 0.038
0 0.351 0.299 0.017 0.033
0 0.412 0.334 0.022 0.039
0 0.446 0.338 0.024 0.042
0 0.425 0.293 0.016 0.025
0 0.407 0.297 0.021 0.035
0 0.39 0.263 0.018 0.032
0 0.428 0.261 0.016 0.028
0 0.472 0.267 0.016 0.031
0 0.478 0.307 0.021 0.035
0 0.509 0.325 0.025 0.045
0 0.47 0.242 0.016 0.033
0 0.517 0.265 0.017 0.036
0 0.527 0.275 0.016 0.036
0 0.547 0.294 0.018 0.039
0 0.55 0.254 0.016 0.035
0 0.564 0.227 0.014 0.029
0 0.578 0.221 0.014 0.026
0 0.585 0.223 0.011 0.022
0 0.592 0.234 0.016 0.026
0 0.59 0.265 0.018 0.035
0 0.614 0.249 0.017 0.029
0 0.61 0.223 0.015 0.025
0 0.609 0.206 0.016 0.022
0 0.639 0.216 0.014 0.028
0 0.651 0.222 0.014 0.026
0 0.654 0.246 0.014 0.028
0 0.686 0.231 0.018 0.029
0 0.7 0.226 0.016 0.033
0 0.686 0.209 0.015 0.028
0 0.684 0.28 0.022 0.042
0 0.648 0.305 0.02 0.041
0 0.612 0.33 0.025 0.041
0 0.612 0.378 0.028 0.055
0 0.545 0.36 0.026 0.049
0 0.557 0.415 0.035 0.06
0 0.482 0.408 0.035 0.065
0 0.605 0.457 0.035 0.071
0 0.648 0.47 0.035 0.08
0 0.663 0.371 0.031 0.06
0 0.703 0.36 0.024 0.054
0 0.739 0.403 0.035 0.065
0 0.721 0.529 0.039 0.084
0 0.837 0.515 0.038 0.071
0 0.806 0.432 0.029 0.065
0 0.836 0.362 0.027 0.049
0 0.882 0.392 0.034 0.061
0 0.95 0.466 0.03 0.068
0 0.711 0.301 0.019 0.044
0 0.721 0.3 0.017 0.031
0 0.721 0.251 0.017 0.033
0 0.748 0.252 0.018 0.036
0 0.764 0.241 0.014 0.032
0 0.791 0.262 0.014 0.029
0 0.801 0.238 0.016 0.031
0 0.799 0.283 0.02 0.035
0 0.836 0.298 0.018 0.038
0 0.868 0.323 0.019 0.039
0 0.895 0.336 0.02 0.045
0 0.912 0.32 0.016 0.036
0 0.941 0.331 0.018 0.036
0 0.961 0.36 0.022 0.051
0 0.96 0.307 0.016 0.039
0 0.966 0.277 0.013 0.031
0 0.927 0.286 0.016 0.039
0 0.938 0.305 0.016 0.031
0 0.904 0.256 0.014 0.035
0 0.882 0.274 0.018 0.033
0 0.869 0.275 0.017 0.032
0 0.865 0.253 0.016 0.029
0 0.83 0.243 0.019 0.036
