0 0.199 0.486 0.042 0.086
0 0.306 0.242 0.018 0.037
0 0.318 0.202 0.017 0.037
0 0.347 0.154 0.013 0.03
0 0.363 0.193 0.015 0.026
0 0.411 0.17 0.014 0.03
0 0.423 0.175 0.016 0.03
0 0.406 0.226 0.019 0.037
0 0.44 0.212 0.021 0.044
0 0.444 0.162 0.016 0.031
0 0.456 0.171 0.013 0.031
0 0.473 0.179 0.017 0.03
0 0.464 0.142 0.014 0.019
0 0.472 0.151 0.016 0.023
0 0.497 0.14 0.013 0.019
0 0.497 0.161 0.017 0.03
0 0.517 0.146 0.013 0.023
0 0.53 0.129 0.011 0.017
0 0.538 0.141 0.016 0.028
0 0.547 0.182 0.018 0.035
0 0.55 0.167 0.013 0.023
0 0.562 0.154 0.013 0.033
0 0.587 0.15 0.014 0.024
0 0.589 0.123 0.012 0.019
0 0.598 0.125 0.013 0.023
0 0.581 0.184 0.017 0.037
0 0.627 0.143 0.015 0.028
0 0.632 0.127 0.013 0.024
0 0.649 0.145 0.014 0.028
0 0.66 0.134 0.013 0.028
0 0.664 0.111 0.012 0.019
0 0.683 0.131 0.013 0.021
0 0.697 0.127 0.016 0.028
0 0.628 0.182 0.015 0.023
0 0.629 0.21 0.019 0.04
0 0.586 0.258 0.017 0.045
0 0.664 0.191 0.017 0.037
0 0.676 0.22 0.016 0.035
0 0.638 0.264 0.021 0.044
0 0.661 0.317 0.017 0.033
0 0.68 0.355 0.033 0.075
0 0.609 0.312 0.027 0.061
0 0.56 0.32 0.024 0.054
0 0.487 0.341 0.023 0.04
0 0.723 0.241 0.017 0.045
0 0.706 0.182 0.016 0.031
0 0.733 0.19 0.015 0.035
0 0.765 0.194 0.016 0.035
0 0.752 0.165 0.015 0.033
0 0.74 0.158 0.012 0.019
0 0.768 0.132 0.014 0.026
0 0.775 0.167 0.012 0.023
0 0.791 0.188 0.015 0.028
0 0.822 0.188 0.014 0.026
0 0.823 0.206 0.013 0.031
0 0.846 0.2 0.015 0.037
0 0.861 0.173 0.014 0.031
0 0.875 0.161 0.013 0.024
0 0.877 0.185 0.015 0.024
0 0.888 0.203 0.015 0.03
0 0.916 0.176 0.013 0.028
0 0.935 0.198 0.015 0.033
0 0.935 0.236 0.017 0.04
0 0.915 0.267 0.018 0.042
0 0.885 0.241 0.017 0.045
0 0.831 0.249 0.017 0.033
0 0.799 0.236 0.018 0.038
0 0.81 0.259 0.018 0.033
0 0.777 0.301 0.025 0.051
0 0.806 0.369 0.029 0.054
0 0.847 0.378 0.023 0.04
0 0.871 0.402 0.03 0.075
0 0.893 0.312 0.022 0.052
0 0.867 0.29 0.018 0.056
