0 0.852 0.16 0.013 0.029
0 0.842 0.184 0.014 0.038
0 0.822 0.214 0.017 0.045
0 0.868 0.214 0.021 0.05
0 0.89 0.177 0.015 0.035
0 0.798 0.171 0.021 0.042
0 0.842 0.297 0.022 0.062
0 0.919 0.234 0.017 0.053
0 0.906 0.29 0.018 0.046
0 0.874 0.358 0.031 0.064
0 0.813 0.324 0.032 0.078
0 0.762 0.275 0.022 0.052
0 0.721 0.147 0.015 0.039
0 0.757 0.159 0.015 0.035
0 0.705 0.224 0.019 0.049
0 0.676 0.232 0.019 0.05
0 0.652 0.206 0.019 0.045
0 0.586 0.159 0.017 0.041
0 0.599 0.101 0.01 0.022
0 0.611 0.235 0.018 0.05
0 0.562 0.243 0.023 0.042
0 0.511 0.182 0.014 0.039
0 0.457 0.208 0.016 0.034
0 0.47 0.212 0.018 0.038
0 0.337 0.222 0.013 0.029
0 0.384 0.222 0.015 0.038
0 0.399 0.223 0.016 0.035
0 0.403 0.2 0.017 0.028
0 0.185 0.48 0.038 0.071
