0 0.049 0.4 0.038 0.057
0 0.253 0.279 0.017 0.022
0 0.299 0.258 0.022 0.03
0 0.336 0.279 0.018 0.032
0 0.382 0.312 0.022 0.042
0 0.485 0.294 0.028 0.035
0 0.526 0.311 0.025 0.055
0 0.599 0.33 0.024 0.05
0 0.669 0.349 0.023 0.055
0 0.78 0.292 0.025 0.045
0 0.711 0.281 0.026 0.045
0 0.657 0.261 0.029 0.045
0 0.609 0.26 0.025 0.033
0 0.562 0.241 0.025 0.032
0 0.485 0.223 0.023 0.038
0 0.449 0.226 0.022 0.028
0 0.411 0.228 0.031 0.038
0 0.418 0.22 0.0 0.0
0 0.373 0.223 0.014 0.03
0 0.344 0.216 0.022 0.028
0 0.315 0.223 0.018 0.03
0 0.38 0.197 0.015 0.02
0 0.411 0.17 0.013 0.023
0 0.448 0.138 0.011 0.02
0 0.451 0.169 0.015 0.035
0 0.474 0.188 0.018 0.03
0 0.472 0.142 0.014 0.027
0 0.503 0.172 0.017 0.03
0 0.535 0.193 0.018 0.035
0 0.606 0.214 0.022 0.042
0 0.563 0.174 0.019 0.032
0 0.53 0.138 0.021 0.033
0 0.553 0.114 0.017 0.022
0 0.587 0.117 0.017 0.028
0 0.624 0.14 0.019 0.03
0 0.652 0.209 0.027 0.038
0 0.698 0.212 0.025 0.037
0 0.745 0.233 0.027 0.043
0 0.8 0.235 0.03 0.05
0 0.731 0.19 0.021 0.03
0 0.792 0.17 0.021 0.037
0 0.752 0.16 0.022 0.033
0 0.689 0.103 0.017 0.02
0 0.672 0.114 0.021 0.022
0 0.651 0.116 0.018 0.018
0 0.611 0.113 0.016 0.023
0 0.707 0.139 0.013 0.032
0 0.726 0.133 0.013 0.017
0 0.742 0.113 0.008 0.02
0 0.765 0.133 0.009 0.022
0 0.773 0.122 0.009 0.027
0 0.788 0.127 0.011 0.027
0 0.679 0.159 0.016 0.028
0 0.576 0.15 0.015 0.03
0 0.914 0.285 0.022 0.047
0 0.864 0.228 0.017 0.042
0 0.875 0.172 0.014 0.028
0 0.917 0.198 0.017 0.037
0 0.893 0.131 0.012 0.028
0 0.829 0.138 0.014 0.03
0 0.813 0.165 0.014 0.03
0 0.799 0.123 0.009 0.027
0 0.847 0.155 0.018 0.04
0 0.912 0.163 0.011 0.025
0 0.926 0.154 0.01 0.028
0 0.865 0.135 0.012 0.027
0 0.893 0.168 0.014 0.027
0 0.899 0.201 0.014 0.035
