0 0.141 0.541 0.037 0.074
0 0.225 0.338 0.014 0.035
0 0.254 0.359 0.017 0.043
0 0.28 0.314 0.016 0.031
0 0.285 0.36 0.019 0.043
0 0.314 0.386 0.024 0.039
0 0.342 0.298 0.017 0.021
0 0.341 0.328 0.015 0.032
0 0.379 0.263 0.013 0.026
0 0.371 0.349 0.015 0.037
0 0.401 0.333 0.017 0.037
0 0.394 0.298 0.011 0.026
0 0.413 0.28 0.019 0.032
0 0.415 0.26 0.012 0.022
0 0.45 0.246 0.019 0.025
0 0.454 0.241 0.009 0.026
0 0.45 0.312 0.016 0.029
0 0.436 0.353 0.019 0.036
0 0.489 0.274 0.015 0.033
0 0.506 0.274 0.016 0.033
0 0.533 0.244 0.013 0.028
0 0.55 0.219 0.011 0.026
0 0.536 0.285 0.011 0.037
0 0.49 0.331 0.019 0.031
0 0.564 0.261 0.015 0.033
0 0.592 0.208 0.011 0.024
0 0.587 0.232 0.017 0.033
0 0.583 0.254 0.013 0.028
0 0.607 0.217 0.013 0.029
0 0.619 0.228 0.013 0.028
0 0.641 0.219 0.013 0.033
0 0.656 0.223 0.014 0.04
0 0.674 0.224 0.012 0.026
0 0.685 0.253 0.014 0.035
0 0.649 0.281 0.02 0.031
0 0.614 0.306 0.02 0.035
0 0.58 0.337 0.024 0.037
0 0.515 0.379 0.02 0.039
0 0.454 0.409 0.022 0.043
0 0.515 0.435 0.023 0.05
0 0.622 0.354 0.019 0.042
0 0.572 0.447 0.028 0.067
0 0.617 0.473 0.033 0.062
0 0.643 0.363 0.026 0.04
0 0.663 0.319 0.024 0.047
0 0.689 0.299 0.017 0.037
0 0.71 0.25 0.013 0.033
0 0.727 0.233 0.016 0.024
0 0.725 0.258 0.019 0.04
0 0.663 0.369 0.026 0.043
0 0.697 0.402 0.031 0.054
0 0.678 0.533 0.034 0.068
0 0.758 0.244 0.019 0.033
0 0.737 0.297 0.021 0.035
0 0.752 0.278 0.022 0.04
0 0.783 0.244 0.013 0.028
0 0.789 0.273 0.024 0.037
0 0.82 0.256 0.011 0.029
0 0.795 0.302 0.018 0.032
0 0.787 0.356 0.019 0.05
0 0.827 0.359 0.021 0.049
0 0.848 0.263 0.013 0.032
0 0.829 0.28 0.02 0.043
0 0.864 0.281 0.013 0.036
0 0.902 0.308 0.022 0.046
0 0.905 0.281 0.013 0.024
0 0.869 0.347 0.017 0.036
0 0.88 0.347 0.019 0.043
0 0.883 0.477 0.028 0.06
0 0.749 0.433 0.02 0.05
0 0.786 0.51 0.034 0.067
0 0.819 0.463 0.025 0.05
0 0.854 0.326 0.024 0.049
0 0.839 0.335 0.016 0.046
0 0.819 0.329 0.02 0.05
0 0.445 0.274 0.015 0.028
0 0.9 0.364 0.024 0.042
0 0.57 0.409 0.028 0.046
0 0.557 0.216 0.011 0.018
0 0.794 0.341 0.019 0.043
