0 0.27 0.26 0.019 0.032
0 0.281 0.263 0.018 0.039
0 0.311 0.264 0.018 0.041
0 0.328 0.279 0.017 0.039
0 0.349 0.304 0.022 0.037
0 0.351 0.237 0.019 0.036
0 0.384 0.214 0.017 0.036
0 0.397 0.212 0.017 0.031
0 0.405 0.299 0.025 0.045
0 0.419 0.237 0.022 0.036
0 0.483 0.226 0.024 0.042
0 0.468 0.181 0.02 0.037
0 0.517 0.166 0.017 0.028
0 0.538 0.186 0.02 0.037
0 0.525 0.213 0.02 0.034
0 0.57 0.193 0.022 0.032
0 0.569 0.162 0.019 0.029
0 0.594 0.172 0.019 0.039
0 0.61 0.124 0.017 0.028
0 0.582 0.227 0.02 0.039
0 0.508 0.306 0.024 0.05
0 0.559 0.315 0.031 0.058
0 0.598 0.271 0.027 0.058
0 0.625 0.22 0.023 0.044
0 0.649 0.196 0.021 0.042
0 0.668 0.349 0.033 0.071
0 0.658 0.273 0.029 0.052
0 0.681 0.217 0.023 0.05
0 0.694 0.185 0.02 0.039
0 0.731 0.204 0.02 0.037
0 0.739 0.182 0.019 0.036
0 0.727 0.256 0.025 0.049
0 0.759 0.236 0.021 0.044
0 0.767 0.191 0.017 0.034
0 0.788 0.201 0.017 0.039
0 0.776 0.144 0.016 0.032
0 0.807 0.148 0.017 0.032
0 0.824 0.176 0.019 0.034
0 0.831 0.232 0.019 0.036
0 0.816 0.252 0.028 0.057
0 0.787 0.305 0.025 0.055
0 0.769 0.364 0.033 0.06
0 0.86 0.297 0.028 0.055
0 0.873 0.267 0.024 0.047
0 0.911 0.293 0.026 0.054
0 0.894 0.214 0.018 0.042
0 0.851 0.204 0.017 0.041
0 0.862 0.163 0.015 0.031
