0 0.426 0.277 0.025 0.046
0 0.455 0.221 0.019 0.036
0 0.423 0.22 0.017 0.034
0 0.403 0.2 0.015 0.03
0 0.344 0.232 0.017 0.027
0 0.316 0.233 0.017 0.029
0 0.476 0.166 0.017 0.03
0 0.478 0.19 0.018 0.03
0 0.491 0.211 0.018 0.032
0 0.535 0.213 0.019 0.034
0 0.527 0.147 0.014 0.027
0 0.558 0.147 0.014 0.027
0 0.589 0.16 0.014 0.029
0 0.597 0.154 0.013 0.02
0 0.604 0.267 0.021 0.044
0 0.657 0.266 0.021 0.049
0 0.675 0.216 0.019 0.039
0 0.661 0.185 0.019 0.039
0 0.729 0.082 0.017 0.029
0 0.747 0.154 0.014 0.034
0 0.767 0.086 0.012 0.024
0 0.782 0.166 0.014 0.03
0 0.797 0.188 0.014 0.034
0 0.768 0.239 0.02 0.041
0 0.73 0.266 0.022 0.046
0 0.797 0.277 0.026 0.052
0 0.827 0.096 0.014 0.027
0 0.857 0.098 0.014 0.027
0 0.859 0.184 0.018 0.034
0 0.845 0.212 0.019 0.039
0 0.817 0.187 0.015 0.029
0 0.89 0.225 0.017 0.037
0 0.981 0.155 0.017 0.046
