0 0.209 0.363 0.047 0.076
0 0.321 0.238 0.02 0.036
0 0.325 0.21 0.018 0.036
0 0.359 0.2 0.017 0.036
0 0.415 0.208 0.02 0.036
0 0.427 0.188 0.016 0.026
0 0.419 0.17 0.016 0.026
0 0.449 0.215 0.015 0.04
0 0.464 0.19 0.017 0.035
0 0.458 0.157 0.016 0.026
0 0.477 0.162 0.014 0.029
0 0.503 0.164 0.015 0.031
0 0.485 0.224 0.019 0.04
0 0.478 0.136 0.013 0.026
0 0.506 0.145 0.012 0.024
0 0.514 0.131 0.013 0.024
0 0.517 0.144 0.016 0.029
0 0.533 0.125 0.013 0.019
0 0.538 0.156 0.015 0.031
0 0.552 0.173 0.014 0.031
0 0.56 0.184 0.014 0.033
0 0.555 0.13 0.011 0.024
0 0.577 0.155 0.013 0.033
0 0.595 0.116 0.011 0.024
0 0.608 0.134 0.016 0.029
0 0.6 0.157 0.015 0.036
0 0.588 0.197 0.018 0.031
0 0.622 0.11 0.013 0.022
0 0.647 0.108 0.012 0.022
0 0.661 0.113 0.012 0.029
0 0.69 0.129 0.012 0.022
0 0.703 0.131 0.016 0.035
0 0.637 0.137 0.014 0.028
0 0.659 0.146 0.014 0.026
0 0.646 0.153 0.015 0.029
0 0.644 0.209 0.021 0.042
0 0.593 0.242 0.023 0.052
0 0.589 0.276 0.025 0.05
0 0.531 0.286 0.026 0.057
0 0.608 0.322 0.033 0.069
0 0.639 0.258 0.023 0.045
0 0.672 0.215 0.021 0.04
0 0.68 0.264 0.025 0.047
0 0.698 0.318 0.031 0.062
0 0.752 0.351 0.031 0.069
0 0.829 0.361 0.03 0.064
0 0.898 0.425 0.029 0.074
0 0.915 0.384 0.019 0.066
0 0.847 0.321 0.021 0.057
0 0.793 0.309 0.024 0.057
0 0.812 0.273 0.023 0.059
0 0.874 0.3 0.02 0.047
0 0.935 0.289 0.021 0.048
0 0.926 0.253 0.016 0.047
0 0.938 0.24 0.017 0.045
0 0.938 0.208 0.017 0.038
0 0.918 0.173 0.016 0.031
0 0.882 0.157 0.013 0.033
0 0.896 0.206 0.016 0.052
0 0.884 0.228 0.018 0.045
0 0.876 0.177 0.014 0.029
0 0.868 0.195 0.014 0.033
0 0.858 0.199 0.019 0.045
0 0.845 0.217 0.016 0.04
0 0.794 0.223 0.016 0.045
0 0.812 0.21 0.016 0.047
0 0.831 0.18 0.014 0.028
0 0.839 0.163 0.014 0.033
0 0.804 0.172 0.014 0.029
0 0.774 0.186 0.019 0.04
0 0.731 0.225 0.02 0.045
0 0.706 0.207 0.016 0.043
0 0.686 0.178 0.018 0.038
0 0.711 0.168 0.016 0.035
0 0.745 0.181 0.016 0.04
0 0.757 0.133 0.013 0.031
0 0.765 0.155 0.016 0.036
0 0.787 0.141 0.014 0.033
