0 0.126 0.571 0.061 0.118
0 0.274 0.257 0.013 0.03
0 0.286 0.25 0.016 0.028
0 0.295 0.286 0.021 0.033
0 0.379 0.279 0.017 0.033
0 0.364 0.265 0.012 0.018
0 0.35 0.233 0.016 0.028
0 0.375 0.238 0.017 0.027
0 0.384 0.184 0.013 0.027
0 0.398 0.193 0.011 0.027
0 0.424 0.179 0.012 0.028
0 0.424 0.153 0.014 0.027
0 0.455 0.184 0.013 0.025
0 0.45 0.159 0.01 0.02
0 0.471 0.19 0.013 0.032
0 0.46 0.234 0.019 0.037
0 0.483 0.226 0.017 0.033
0 0.501 0.195 0.014 0.035
0 0.53 0.206 0.019 0.033
0 0.516 0.172 0.014 0.025
0 0.481 0.152 0.012 0.022
0 0.476 0.133 0.011 0.02
0 0.513 0.13 0.009 0.022
0 0.531 0.138 0.01 0.023
0 0.55 0.121 0.014 0.027
0 0.56 0.104 0.014 0.025
0 0.581 0.154 0.012 0.025
0 0.56 0.174 0.016 0.023
0 0.566 0.132 0.011 0.025
0 0.59 0.102 0.009 0.018
0 0.607 0.108 0.012 0.02
0 0.596 0.175 0.014 0.028
0 0.619 0.16 0.012 0.025
0 0.629 0.125 0.011 0.025
0 0.625 0.096 0.009 0.018
0 0.656 0.134 0.01 0.025
0 0.661 0.115 0.01 0.015
0 0.661 0.097 0.009 0.018
0 0.684 0.101 0.012 0.023
0 0.708 0.114 0.014 0.028
0 0.501 0.297 0.022 0.047
0 0.549 0.325 0.02 0.042
0 0.582 0.245 0.02 0.035
0 0.631 0.246 0.022 0.043
0 0.641 0.199 0.02 0.037
0 0.661 0.166 0.015 0.03
0 0.676 0.21 0.022 0.035
0 0.64 0.317 0.026 0.05
0 0.705 0.309 0.027 0.053
0 0.752 0.382 0.027 0.063
0 0.823 0.411 0.03 0.065
0 0.909 0.414 0.031 0.071
0 0.925 0.308 0.025 0.051
0 0.856 0.295 0.024 0.048
0 0.821 0.243 0.02 0.037
0 0.769 0.257 0.025 0.048
0 0.777 0.225 0.027 0.032
0 0.785 0.184 0.018 0.03
0 0.739 0.254 0.02 0.053
0 0.712 0.243 0.027 0.04
0 0.708 0.148 0.015 0.03
0 0.719 0.182 0.016 0.032
0 0.743 0.201 0.018 0.037
0 0.737 0.168 0.013 0.027
0 0.751 0.145 0.015 0.037
0 0.757 0.113 0.013 0.03
0 0.772 0.132 0.014 0.035
0 0.79 0.132 0.014 0.032
0 0.826 0.142 0.015 0.038
0 0.844 0.136 0.01 0.03
0 0.875 0.164 0.014 0.032
0 0.88 0.146 0.011 0.023
0 0.866 0.12 0.012 0.027
0 0.884 0.115 0.012 0.025
0 0.848 0.21 0.017 0.045
0 0.899 0.203 0.016 0.035
0 0.896 0.262 0.019 0.05
0 0.928 0.265 0.017 0.038
0 0.947 0.246 0.021 0.043
0 0.939 0.212 0.016 0.038
0 0.948 0.155 0.011 0.025
0 0.915 0.132 0.012 0.025
0 0.904 0.169 0.017 0.028
0 0.913 0.165 0.011 0.028
