0 0.037 0.401 0.027 0.063
0 0.256 0.271 0.014 0.028
0 0.281 0.264 0.016 0.033
0 0.31 0.233 0.016 0.028
0 0.321 0.243 0.018 0.035
0 0.347 0.226 0.016 0.032
0 0.35 0.264 0.019 0.037
0 0.376 0.217 0.015 0.03
0 0.384 0.202 0.013 0.023
0 0.412 0.279 0.02 0.037
0 0.414 0.227 0.018 0.033
0 0.438 0.199 0.015 0.03
0 0.449 0.213 0.016 0.032
0 0.464 0.226 0.021 0.038
0 0.469 0.194 0.016 0.028
0 0.43 0.176 0.015 0.025
0 0.454 0.151 0.015 0.022
0 0.457 0.167 0.014 0.027
0 0.476 0.153 0.013 0.022
0 0.482 0.166 0.013 0.025
0 0.486 0.134 0.009 0.015
0 0.51 0.166 0.014 0.028
0 0.501 0.195 0.014 0.03
0 0.533 0.207 0.019 0.033
0 0.543 0.163 0.016 0.028
0 0.529 0.139 0.013 0.027
0 0.535 0.131 0.013 0.025
0 0.561 0.11 0.01 0.02
0 0.576 0.154 0.016 0.028
0 0.585 0.129 0.014 0.022
0 0.589 0.106 0.012 0.022
0 0.612 0.114 0.012 0.022
0 0.614 0.135 0.013 0.02
0 0.605 0.154 0.017 0.032
0 0.623 0.104 0.012 0.02
0 0.638 0.106 0.012 0.022
0 0.654 0.114 0.011 0.027
0 0.669 0.119 0.011 0.023
0 0.702 0.097 0.012 0.03
0 0.487 0.303 0.024 0.048
0 0.545 0.307 0.022 0.05
0 0.605 0.332 0.027 0.047
0 0.607 0.247 0.023 0.043
0 0.57 0.24 0.019 0.042
0 0.602 0.204 0.018 0.04
0 0.654 0.179 0.016 0.032
0 0.662 0.201 0.019 0.035
0 0.66 0.254 0.021 0.047
0 0.678 0.327 0.025 0.06
0 0.709 0.284 0.025 0.05
0 0.71 0.216 0.021 0.048
0 0.751 0.219 0.02 0.047
0 0.782 0.29 0.022 0.053
0 0.681 0.15 0.018 0.033
0 0.706 0.137 0.017 0.03
0 0.702 0.175 0.019 0.03
0 0.733 0.159 0.014 0.025
0 0.749 0.179 0.018 0.032
0 0.75 0.142 0.016 0.03
0 0.732 0.12 0.015 0.03
0 0.746 0.109 0.012 0.025
0 0.769 0.124 0.013 0.022
0 0.782 0.112 0.011 0.023
0 0.798 0.129 0.01 0.027
0 0.77 0.166 0.015 0.035
0 0.801 0.177 0.015 0.03
0 0.814 0.167 0.01 0.027
0 0.822 0.123 0.011 0.025
0 0.833 0.137 0.013 0.03
0 0.853 0.149 0.013 0.035
0 0.862 0.141 0.012 0.028
0 0.872 0.133 0.011 0.025
0 0.846 0.183 0.014 0.038
0 0.861 0.214 0.015 0.03
0 0.886 0.199 0.011 0.028
0 0.896 0.174 0.013 0.03
0 0.901 0.127 0.009 0.023
0 0.932 0.156 0.014 0.028
0 0.929 0.19 0.013 0.04
0 0.92 0.275 0.017 0.05
