0 0.164 0.469 0.045 0.092
0 0.237 0.344 0.018 0.037
0 0.267 0.352 0.021 0.047
0 0.295 0.369 0.024 0.047
0 0.29 0.31 0.02 0.04
0 0.339 0.377 0.024 0.05
0 0.358 0.296 0.015 0.033
0 0.376 0.326 0.014 0.038
0 0.387 0.341 0.018 0.034
0 0.412 0.34 0.02 0.038
0 0.432 0.352 0.019 0.047
0 0.414 0.3 0.016 0.037
0 0.404 0.283 0.014 0.031
0 0.4 0.258 0.015 0.033
0 0.433 0.283 0.013 0.033
0 0.447 0.315 0.021 0.038
0 0.472 0.306 0.016 0.033
0 0.428 0.263 0.014 0.023
0 0.473 0.269 0.016 0.033
0 0.46 0.252 0.015 0.027
0 0.471 0.243 0.015 0.026
0 0.503 0.261 0.015 0.03
0 0.517 0.277 0.017 0.028
0 0.52 0.252 0.015 0.027
0 0.539 0.252 0.017 0.033
0 0.55 0.277 0.016 0.034
0 0.567 0.258 0.019 0.036
0 0.554 0.228 0.015 0.027
0 0.573 0.227 0.014 0.026
0 0.602 0.226 0.013 0.026
0 0.603 0.254 0.017 0.028
0 0.614 0.207 0.012 0.028
0 0.627 0.217 0.012 0.027
0 0.647 0.251 0.015 0.028
0 0.658 0.22 0.011 0.026
0 0.674 0.234 0.014 0.027
0 0.688 0.233 0.013 0.031
0 0.524 0.313 0.02 0.041
0 0.502 0.371 0.029 0.061
0 0.547 0.406 0.026 0.053
0 0.542 0.376 0.029 0.041
0 0.6 0.327 0.025 0.048
0 0.582 0.421 0.024 0.047
0 0.616 0.433 0.031 0.071
0 0.664 0.457 0.032 0.072
0 0.666 0.368 0.028 0.054
0 0.647 0.342 0.02 0.051
0 0.637 0.311 0.021 0.043
0 0.684 0.268 0.013 0.031
0 0.704 0.263 0.015 0.034
0 0.716 0.288 0.016 0.038
0 0.739 0.253 0.012 0.031
0 0.748 0.271 0.019 0.033
0 0.744 0.224 0.014 0.031
0 0.778 0.239 0.015 0.037
0 0.766 0.286 0.012 0.031
0 0.81 0.251 0.015 0.033
0 0.812 0.308 0.018 0.038
0 0.823 0.341 0.017 0.04
0 0.808 0.371 0.024 0.048
0 0.783 0.415 0.029 0.06
0 0.742 0.405 0.027 0.048
0 0.689 0.348 0.023 0.048
0 0.712 0.501 0.037 0.08
0 0.834 0.512 0.035 0.078
0 0.848 0.469 0.031 0.057
0 0.863 0.415 0.025 0.06
0 0.874 0.352 0.021 0.038
0 0.843 0.308 0.017 0.034
0 0.854 0.287 0.014 0.034
0 0.859 0.266 0.015 0.028
0 0.841 0.259 0.015 0.034
0 0.873 0.259 0.013 0.033
0 0.898 0.293 0.014 0.04
0 0.883 0.322 0.02 0.041
0 0.907 0.472 0.029 0.068
0 0.917 0.4 0.024 0.053
0 0.927 0.359 0.02 0.047
0 0.923 0.329 0.017 0.036
0 0.933 0.317 0.015 0.037
0 0.934 0.286 0.014 0.03
