0 0.061 0.395 0.03 0.073
0 0.256 0.279 0.019 0.03
0 0.313 0.22 0.018 0.038
0 0.3 0.258 0.025 0.048
0 0.344 0.209 0.018 0.037
0 0.369 0.216 0.019 0.04
0 0.381 0.196 0.019 0.037
0 0.415 0.17 0.02 0.035
0 0.447 0.14 0.013 0.038
0 0.468 0.144 0.02 0.042
0 0.349 0.263 0.021 0.035
0 0.385 0.303 0.019 0.048
0 0.41 0.227 0.018 0.038
0 0.441 0.195 0.027 0.038
0 0.452 0.226 0.02 0.047
0 0.469 0.184 0.024 0.038
0 0.505 0.168 0.021 0.033
0 0.532 0.133 0.019 0.033
0 0.487 0.213 0.021 0.035
0 0.536 0.192 0.017 0.045
0 0.555 0.158 0.017 0.037
0 0.554 0.119 0.015 0.038
0 0.583 0.126 0.017 0.04
0 0.588 0.099 0.014 0.035
0 0.614 0.114 0.022 0.045
0 0.64 0.096 0.019 0.03
0 0.649 0.118 0.022 0.04
0 0.62 0.141 0.019 0.037
0 0.604 0.211 0.021 0.043
0 0.557 0.233 0.026 0.048
0 0.491 0.286 0.025 0.053
0 0.527 0.303 0.027 0.058
0 0.6 0.324 0.035 0.06
0 0.665 0.345 0.032 0.061
0 0.654 0.26 0.019 0.042
0 0.654 0.198 0.031 0.05
0 0.669 0.114 0.02 0.035
0 0.683 0.106 0.019 0.037
0 0.684 0.172 0.033 0.058
0 0.699 0.126 0.023 0.05
0 0.694 0.223 0.031 0.061
0 0.701 0.281 0.025 0.05
0 0.777 0.283 0.027 0.065
0 0.733 0.179 0.024 0.048
0 0.725 0.127 0.018 0.038
0 0.737 0.136 0.017 0.033
0 0.742 0.154 0.02 0.038
0 0.739 0.101 0.011 0.027
0 0.77 0.117 0.011 0.032
0 0.763 0.134 0.019 0.051
0 0.791 0.127 0.015 0.042
0 0.811 0.151 0.019 0.037
0 0.786 0.174 0.017 0.042
0 0.801 0.238 0.019 0.048
0 0.761 0.229 0.026 0.053
0 0.829 0.134 0.018 0.035
0 0.845 0.144 0.016 0.038
0 0.858 0.128 0.015 0.03
0 0.889 0.125 0.014 0.035
0 0.907 0.154 0.015 0.033
0 0.926 0.158 0.019 0.03
0 0.853 0.187 0.02 0.035
0 0.872 0.169 0.022 0.05
0 0.893 0.16 0.022 0.032
0 0.887 0.19 0.024 0.042
0 0.908 0.192 0.013 0.032
0 0.864 0.218 0.019 0.038
0 0.914 0.273 0.023 0.048
0 0.858 0.147 0.018 0.032
0 0.606 0.273 0.032 0.051
0 0.65 0.169 0.019 0.032
0 0.481 0.132 0.017 0.028
0 0.573 0.148 0.017 0.04
