0 0.314 0.229 0.016 0.032
0 0.329 0.223 0.018 0.039
0 0.342 0.243 0.02 0.042
0 0.373 0.239 0.021 0.041
0 0.392 0.278 0.028 0.059
0 0.361 0.302 0.023 0.046
0 0.353 0.216 0.019 0.039
0 0.364 0.191 0.021 0.03
0 0.383 0.193 0.019 0.037
0 0.406 0.195 0.019 0.037
0 0.399 0.219 0.02 0.039
0 0.463 0.235 0.025 0.054
0 0.451 0.179 0.022 0.049
0 0.492 0.194 0.017 0.039
0 0.473 0.195 0.016 0.036
0 0.49 0.157 0.018 0.036
0 0.507 0.167 0.024 0.042
0 0.547 0.162 0.019 0.046
0 0.561 0.12 0.016 0.037
0 0.587 0.161 0.018 0.037
0 0.642 0.109 0.013 0.032
0 0.67 0.112 0.017 0.037
0 0.717 0.078 0.024 0.041
0 0.503 0.293 0.032 0.061
0 0.572 0.297 0.032 0.069
0 0.6 0.255 0.03 0.064
0 0.625 0.208 0.025 0.041
0 0.653 0.184 0.024 0.054
0 0.665 0.201 0.02 0.046
0 0.69 0.156 0.018 0.034
0 0.668 0.263 0.029 0.069
0 0.643 0.323 0.033 0.071
0 0.714 0.273 0.025 0.059
0 0.705 0.221 0.021 0.046
0 0.748 0.181 0.025 0.044
0 0.773 0.212 0.025 0.058
0 0.774 0.161 0.019 0.047
0 0.779 0.277 0.03 0.059
0 0.846 0.326 0.025 0.059
0 0.864 0.255 0.026 0.058
0 0.917 0.287 0.027 0.059
0 0.925 0.231 0.025 0.049
