0 0.883 0.254 0.01 0.029
0 0.849 0.252 0.011 0.03
0 0.866 0.268 0.012 0.033
0 0.86 0.276 0.015 0.036
0 0.903 0.279 0.013 0.031
0 0.946 0.279 0.011 0.024
0 0.942 0.304 0.012 0.036
0 0.9 0.307 0.015 0.034
0 0.921 0.321 0.016 0.039
0 0.936 0.347 0.018 0.043
0 0.89 0.331 0.017 0.04
0 0.869 0.369 0.018 0.056
0 0.913 0.458 0.024 0.064
0 0.855 0.442 0.027 0.061
0 0.843 0.521 0.026 0.069
0 0.818 0.36 0.018 0.046
0 0.844 0.336 0.015 0.041
0 0.778 0.422 0.025 0.056
0 0.781 0.282 0.014 0.036
0 0.825 0.305 0.013 0.039
0 0.847 0.319 0.015 0.04
0 0.831 0.279 0.015 0.033
0 0.769 0.233 0.013 0.031
0 0.749 0.244 0.014 0.036
0 0.748 0.259 0.013 0.034
0 0.767 0.262 0.013 0.033
0 0.786 0.245 0.013 0.036
0 0.793 0.246 0.015 0.03
0 0.733 0.284 0.015 0.036
0 0.704 0.219 0.012 0.027
0 0.707 0.241 0.013 0.031
0 0.681 0.228 0.012 0.027
0 0.662 0.206 0.009 0.023
0 0.68 0.261 0.015 0.033
0 0.692 0.296 0.017 0.039
0 0.644 0.244 0.014 0.029
0 0.644 0.221 0.013 0.026
0 0.63 0.215 0.013 0.024
0 0.613 0.205 0.01 0.024
0 0.638 0.294 0.018 0.039
0 0.608 0.218 0.011 0.03
0 0.602 0.246 0.013 0.027
0 0.567 0.214 0.009 0.023
0 0.584 0.258 0.013 0.033
0 0.576 0.246 0.013 0.03
0 0.547 0.244 0.014 0.031
0 0.556 0.277 0.012 0.034
0 0.526 0.247 0.011 0.029
0 0.521 0.273 0.015 0.034
0 0.476 0.234 0.012 0.026
0 0.43 0.234 0.012 0.026
0 0.44 0.264 0.015 0.034
0 0.473 0.263 0.013 0.029
0 0.493 0.261 0.015 0.034
0 0.475 0.297 0.016 0.034
0 0.502 0.316 0.018 0.04
0 0.389 0.261 0.012 0.027
0 0.407 0.266 0.014 0.029
0 0.436 0.305 0.017 0.039
0 0.411 0.297 0.013 0.031
0 0.354 0.289 0.013 0.031
0 0.359 0.323 0.014 0.031
0 0.387 0.329 0.018 0.039
0 0.409 0.335 0.018 0.039
0 0.331 0.351 0.02 0.043
0 0.284 0.303 0.014 0.031
0 0.292 0.356 0.02 0.041
0 0.227 0.335 0.015 0.033
0 0.252 0.368 0.016 0.044
0 0.711 0.479 0.032 0.084
0 0.727 0.405 0.025 0.05
0 0.696 0.351 0.02 0.044
0 0.662 0.364 0.024 0.053
0 0.601 0.332 0.021 0.044
0 0.649 0.34 0.018 0.046
0 0.645 0.464 0.033 0.066
0 0.6 0.397 0.023 0.06
0 0.604 0.435 0.027 0.07
0 0.449 0.341 0.021 0.046
0 0.467 0.401 0.028 0.057
0 0.013 0.421 0.024 0.053
0 0.536 0.347 0.023 0.049
0 0.548 0.4 0.027 0.054
