0 0.199 0.353 0.044 0.093
0 0.285 0.254 0.024 0.045
0 0.316 0.218 0.014 0.027
0 0.316 0.267 0.017 0.033
0 0.339 0.27 0.02 0.037
0 0.347 0.222 0.019 0.033
0 0.372 0.21 0.014 0.033
0 0.379 0.23 0.021 0.03
0 0.391 0.199 0.022 0.045
0 0.432 0.284 0.024 0.055
0 0.425 0.216 0.021 0.042
0 0.427 0.173 0.017 0.03
0 0.442 0.196 0.019 0.035
0 0.461 0.217 0.018 0.037
0 0.464 0.19 0.018 0.033
0 0.451 0.172 0.018 0.028
0 0.452 0.147 0.016 0.025
0 0.474 0.154 0.015 0.035
0 0.497 0.191 0.02 0.035
0 0.505 0.176 0.017 0.028
0 0.488 0.13 0.014 0.027
0 0.525 0.142 0.019 0.033
0 0.552 0.161 0.017 0.035
0 0.547 0.194 0.021 0.042
0 0.575 0.166 0.016 0.038
0 0.556 0.122 0.013 0.032
0 0.584 0.119 0.015 0.025
0 0.581 0.138 0.016 0.023
0 0.593 0.101 0.016 0.025
0 0.609 0.117 0.012 0.027
0 0.619 0.099 0.013 0.025
0 0.622 0.14 0.017 0.033
0 0.638 0.111 0.013 0.028
0 0.651 0.101 0.016 0.032
0 0.669 0.12 0.017 0.03
0 0.694 0.098 0.016 0.033
0 0.658 0.163 0.023 0.045
0 0.667 0.2 0.021 0.053
0 0.607 0.21 0.026 0.047
0 0.611 0.254 0.03 0.055
0 0.563 0.249 0.026 0.048
0 0.548 0.307 0.034 0.065
0 0.494 0.299 0.028 0.052
0 0.683 0.329 0.032 0.065
0 0.612 0.338 0.039 0.07
0 0.666 0.252 0.02 0.05
0 0.71 0.223 0.024 0.048
0 0.719 0.283 0.03 0.067
0 0.772 0.286 0.026 0.055
0 0.698 0.18 0.018 0.04
0 0.697 0.144 0.018 0.038
0 0.713 0.134 0.018 0.045
0 0.736 0.128 0.016 0.033
0 0.75 0.144 0.014 0.035
0 0.738 0.163 0.018 0.038
0 0.75 0.188 0.018 0.047
0 0.761 0.179 0.014 0.038
0 0.768 0.133 0.016 0.032
0 0.756 0.105 0.016 0.027
0 0.804 0.177 0.022 0.042
0 0.813 0.128 0.012 0.032
0 0.806 0.142 0.013 0.022
0 0.834 0.138 0.016 0.038
0 0.827 0.169 0.016 0.038
0 0.848 0.188 0.017 0.048
0 0.868 0.166 0.019 0.038
0 0.87 0.136 0.015 0.028
0 0.882 0.185 0.021 0.047
0 0.874 0.228 0.023 0.052
0 0.919 0.28 0.024 0.06
0 0.925 0.186 0.019 0.042
0 0.899 0.168 0.014 0.035
0 0.903 0.132 0.015 0.03
0 0.927 0.149 0.015 0.032
