0 0.066 0.246 0.02 0.042
0 0.098 0.256 0.023 0.042
0 0.211 0.253 0.025 0.052
0 0.293 0.23 0.025 0.056
0 0.312 0.226 0.022 0.044
0 0.352 0.189 0.015 0.033
0 0.398 0.212 0.029 0.058
0 0.416 0.196 0.019 0.05
0 0.44 0.256 0.026 0.046
0 0.446 0.223 0.02 0.042
0 0.453 0.175 0.018 0.038
0 0.462 0.136 0.017 0.037
0 0.489 0.162 0.019 0.038
0 0.49 0.216 0.019 0.048
0 0.559 0.181 0.017 0.035
0 0.547 0.169 0.016 0.035
0 0.632 0.116 0.016 0.033
0 0.629 0.212 0.024 0.052
0 0.619 0.255 0.026 0.052
0 0.638 0.303 0.035 0.071
0 0.672 0.218 0.023 0.048
0 0.667 0.183 0.023 0.046
0 0.703 0.157 0.02 0.04
0 0.753 0.162 0.023 0.038
0 0.733 0.215 0.023 0.042
0 0.672 0.288 0.023 0.05
0 0.681 0.362 0.033 0.075
0 0.809 0.287 0.028 0.06
0 0.803 0.237 0.023 0.046
0 0.849 0.31 0.029 0.062
0 0.866 0.283 0.025 0.046
0 0.928 0.232 0.026 0.044
0 0.906 0.355 0.025 0.075
0 0.922 0.38 0.029 0.063
