0 0.322 0.208 0.018 0.03
0 0.367 0.207 0.015 0.03
0 0.378 0.191 0.014 0.027
0 0.411 0.182 0.013 0.026
0 0.436 0.178 0.015 0.029
0 0.434 0.155 0.011 0.023
0 0.448 0.155 0.014 0.024
0 0.459 0.178 0.013 0.027
0 0.475 0.186 0.013 0.032
0 0.458 0.231 0.019 0.036
0 0.508 0.193 0.015 0.033
0 0.486 0.155 0.015 0.02
0 0.473 0.165 0.014 0.023
0 0.479 0.139 0.012 0.029
0 0.497 0.141 0.011 0.021
0 0.513 0.148 0.013 0.029
0 0.521 0.173 0.013 0.034
0 0.556 0.197 0.019 0.033
0 0.546 0.15 0.012 0.023
0 0.542 0.135 0.011 0.021
0 0.575 0.156 0.015 0.032
0 0.58 0.133 0.013 0.027
0 0.597 0.138 0.015 0.033
0 0.599 0.17 0.015 0.027
0 0.64 0.163 0.012 0.032
0 0.63 0.148 0.011 0.026
0 0.62 0.118 0.01 0.021
0 0.658 0.132 0.01 0.02
0 0.659 0.116 0.008 0.02
0 0.678 0.124 0.011 0.021
0 0.685 0.141 0.01 0.027
0 0.71 0.129 0.01 0.029
0 0.626 0.215 0.019 0.04
0 0.571 0.253 0.021 0.042
0 0.663 0.232 0.017 0.043
0 0.664 0.196 0.02 0.032
0 0.697 0.188 0.014 0.033
0 0.714 0.206 0.017 0.033
0 0.738 0.186 0.014 0.039
0 0.734 0.156 0.011 0.029
0 0.764 0.146 0.015 0.026
0 0.778 0.183 0.015 0.032
0 0.72 0.251 0.02 0.046
0 0.691 0.312 0.035 0.066
0 0.805 0.216 0.016 0.037
0 0.798 0.177 0.012 0.033
0 0.815 0.193 0.013 0.03
0 0.816 0.166 0.01 0.029
0 0.831 0.145 0.013 0.029
0 0.836 0.186 0.011 0.03
0 0.867 0.206 0.017 0.04
0 0.863 0.149 0.011 0.029
0 0.889 0.161 0.012 0.024
0 0.916 0.193 0.013 0.039
0 0.889 0.252 0.015 0.034
0 0.88 0.284 0.019 0.049
0 0.944 0.237 0.015 0.042
0 0.936 0.206 0.013 0.027
0 0.946 0.186 0.01 0.023
