0 0.08 0.415 0.04 0.082
0 0.26 0.261 0.015 0.03
0 0.28 0.262 0.017 0.035
0 0.294 0.26 0.021 0.039
0 0.324 0.216 0.017 0.032
0 0.347 0.217 0.019 0.03
0 0.333 0.251 0.018 0.037
0 0.339 0.286 0.023 0.037
0 0.371 0.21 0.015 0.03
0 0.386 0.194 0.016 0.025
0 0.388 0.226 0.021 0.034
0 0.408 0.235 0.021 0.039
0 0.405 0.287 0.022 0.056
0 0.407 0.174 0.013 0.025
0 0.424 0.184 0.017 0.027
0 0.446 0.189 0.018 0.034
0 0.44 0.23 0.019 0.039
0 0.465 0.247 0.021 0.035
0 0.451 0.147 0.015 0.029
0 0.46 0.172 0.015 0.03
0 0.48 0.186 0.016 0.032
0 0.481 0.162 0.018 0.034
0 0.475 0.148 0.016 0.03
0 0.487 0.133 0.013 0.024
0 0.499 0.148 0.016 0.034
0 0.524 0.154 0.017 0.032
0 0.535 0.13 0.015 0.029
0 0.557 0.113 0.012 0.024
0 0.563 0.145 0.021 0.034
0 0.542 0.169 0.021 0.035
0 0.505 0.203 0.02 0.042
0 0.529 0.221 0.023 0.04
0 0.584 0.13 0.014 0.032
0 0.582 0.158 0.021 0.04
0 0.594 0.099 0.014 0.027
0 0.611 0.111 0.01 0.027
0 0.614 0.146 0.021 0.042
0 0.624 0.096 0.009 0.027
0 0.639 0.103 0.01 0.03
0 0.647 0.109 0.011 0.025
0 0.67 0.119 0.012 0.025
0 0.692 0.093 0.013 0.032
0 0.734 0.119 0.014 0.032
0 0.751 0.104 0.012 0.025
0 0.781 0.111 0.012 0.03
0 0.769 0.126 0.013 0.03
0 0.798 0.132 0.012 0.032
0 0.811 0.123 0.01 0.027
0 0.83 0.136 0.015 0.032
0 0.869 0.123 0.014 0.037
0 0.892 0.125 0.013 0.032
0 0.926 0.151 0.012 0.029
0 0.705 0.144 0.014 0.029
0 0.684 0.151 0.016 0.032
0 0.742 0.141 0.017 0.029
0 0.698 0.177 0.016 0.03
0 0.657 0.184 0.017 0.04
0 0.611 0.205 0.019 0.034
0 0.556 0.246 0.023 0.034
0 0.482 0.311 0.026 0.052
0 0.562 0.293 0.024 0.047
0 0.599 0.333 0.027 0.054
0 0.677 0.349 0.029 0.059
0 0.609 0.277 0.028 0.042
0 0.668 0.254 0.029 0.051
0 0.801 0.17 0.019 0.047
0 0.812 0.162 0.018 0.034
0 0.848 0.173 0.016 0.029
0 0.866 0.159 0.013 0.029
0 0.921 0.191 0.02 0.039
0 0.896 0.181 0.021 0.032
0 0.882 0.199 0.017 0.032
0 0.867 0.227 0.021 0.044
0 0.921 0.283 0.024 0.054
0 0.755 0.178 0.019 0.029
0 0.718 0.168 0.019 0.03
0 0.736 0.206 0.021 0.035
0 0.759 0.23 0.024 0.052
0 0.707 0.22 0.023 0.052
0 0.707 0.298 0.032 0.044
0 0.779 0.292 0.023 0.056
