0 0.051 0.378 0.029 0.061
0 0.252 0.287 0.018 0.032
0 0.273 0.272 0.017 0.033
0 0.318 0.253 0.018 0.032
0 0.313 0.221 0.018 0.03
0 0.335 0.22 0.018 0.032
0 0.343 0.28 0.017 0.035
0 0.349 0.257 0.017 0.037
0 0.397 0.289 0.018 0.047
0 0.371 0.22 0.015 0.032
0 0.407 0.225 0.017 0.035
0 0.383 0.201 0.014 0.027
0 0.404 0.175 0.015 0.028
0 0.442 0.145 0.01 0.022
0 0.468 0.169 0.014 0.025
0 0.455 0.202 0.015 0.032
0 0.454 0.238 0.021 0.035
0 0.431 0.224 0.017 0.037
0 0.423 0.199 0.017 0.032
0 0.443 0.193 0.013 0.023
0 0.466 0.146 0.01 0.023
0 0.475 0.142 0.011 0.025
0 0.486 0.198 0.017 0.04
0 0.536 0.195 0.016 0.035
0 0.528 0.165 0.015 0.032
0 0.525 0.136 0.018 0.033
0 0.551 0.118 0.013 0.03
0 0.543 0.143 0.014 0.03
0 0.566 0.158 0.015 0.04
0 0.596 0.142 0.016 0.038
0 0.577 0.133 0.015 0.033
0 0.594 0.1 0.012 0.028
0 0.61 0.124 0.014 0.025
0 0.62 0.098 0.012 0.027
0 0.641 0.119 0.012 0.032
0 0.635 0.106 0.011 0.027
0 0.664 0.115 0.011 0.023
0 0.682 0.101 0.011 0.03
0 0.47 0.299 0.025 0.05
0 0.551 0.297 0.023 0.053
0 0.559 0.236 0.019 0.037
0 0.6 0.212 0.021 0.038
0 0.602 0.26 0.021 0.048
0 0.658 0.268 0.021 0.045
0 0.663 0.341 0.027 0.061
0 0.596 0.337 0.026 0.063
0 0.664 0.208 0.019 0.043
0 0.64 0.181 0.016 0.037
0 0.671 0.149 0.016 0.032
0 0.683 0.188 0.018 0.043
0 0.709 0.142 0.014 0.032
0 0.733 0.184 0.016 0.04
0 0.686 0.23 0.019 0.038
0 0.715 0.292 0.026 0.06
0 0.774 0.28 0.021 0.048
0 0.755 0.218 0.018 0.043
0 0.803 0.249 0.019 0.05
0 0.742 0.111 0.01 0.03
0 0.73 0.125 0.009 0.027
0 0.739 0.148 0.013 0.03
0 0.757 0.135 0.015 0.035
0 0.768 0.16 0.015 0.032
0 0.773 0.12 0.011 0.035
0 0.788 0.134 0.011 0.025
0 0.803 0.135 0.013 0.025
0 0.811 0.17 0.015 0.035
0 0.789 0.18 0.014 0.035
0 0.836 0.19 0.018 0.038
0 0.824 0.14 0.011 0.032
0 0.852 0.128 0.01 0.03
0 0.862 0.228 0.017 0.04
0 0.882 0.199 0.012 0.033
0 0.915 0.191 0.016 0.04
0 0.921 0.277 0.021 0.042
0 0.92 0.158 0.013 0.03
0 0.888 0.134 0.014 0.028
0 0.89 0.171 0.013 0.027
0 0.874 0.174 0.011 0.025
0 0.732 0.155 0.013 0.028
