0 0.841 0.116 0.011 0.024
0 0.867 0.123 0.008 0.026
0 0.853 0.144 0.011 0.029
0 0.889 0.145 0.013 0.028
0 0.904 0.143 0.01 0.024
0 0.928 0.153 0.007 0.021
0 0.924 0.2 0.016 0.038
0 0.93 0.232 0.015 0.04
0 0.884 0.182 0.017 0.04
0 0.876 0.197 0.018 0.038
0 0.866 0.256 0.019 0.04
0 0.914 0.294 0.021 0.06
0 0.896 0.361 0.022 0.064
0 0.846 0.292 0.026 0.064
0 0.795 0.365 0.027 0.064
0 0.768 0.264 0.023 0.055
0 0.748 0.332 0.029 0.067
0 0.811 0.132 0.016 0.036
0 0.818 0.146 0.015 0.036
0 0.794 0.14 0.014 0.034
0 0.825 0.195 0.015 0.045
0 0.809 0.242 0.02 0.047
0 0.778 0.191 0.022 0.053
0 0.739 0.178 0.017 0.04
0 0.75 0.216 0.02 0.05
0 0.708 0.223 0.018 0.043
0 0.697 0.281 0.024 0.048
0 0.689 0.311 0.03 0.067
0 0.693 0.185 0.019 0.04
0 0.67 0.17 0.016 0.04
0 0.662 0.205 0.019 0.045
0 0.69 0.147 0.016 0.028
0 0.7 0.097 0.01 0.022
0 0.672 0.103 0.011 0.022
0 0.594 0.103 0.01 0.024
0 0.618 0.1 0.011 0.021
0 0.637 0.103 0.011 0.022
0 0.654 0.116 0.011 0.024
0 0.646 0.131 0.011 0.024
0 0.601 0.151 0.013 0.026
0 0.61 0.127 0.012 0.022
0 0.556 0.111 0.011 0.022
0 0.561 0.125 0.012 0.026
0 0.574 0.162 0.012 0.028
0 0.529 0.128 0.01 0.021
0 0.545 0.17 0.014 0.029
0 0.52 0.165 0.014 0.026
0 0.509 0.13 0.008 0.022
0 0.472 0.156 0.012 0.029
0 0.45 0.151 0.009 0.022
0 0.446 0.183 0.013 0.028
0 0.444 0.222 0.017 0.038
0 0.481 0.181 0.013 0.034
0 0.491 0.158 0.014 0.029
0 0.489 0.191 0.017 0.036
0 0.489 0.299 0.025 0.05
0 0.522 0.196 0.014 0.043
0 0.534 0.323 0.025 0.053
0 0.56 0.258 0.02 0.047
0 0.615 0.203 0.017 0.04
0 0.609 0.317 0.023 0.055
0 0.255 0.26 0.014 0.034
0 0.279 0.249 0.015 0.026
0 0.328 0.203 0.016 0.031
0 0.363 0.191 0.011 0.031
0 0.359 0.24 0.024 0.052
0 0.387 0.268 0.014 0.036
0 0.408 0.183 0.016 0.034
0 0.393 0.211 0.015 0.04
0 0.389 0.197 0.015 0.034
