0 0.19 0.459 0.048 0.099
0 0.201 0.375 0.048 0.105
0 0.291 0.202 0.025 0.043
0 0.378 0.273 0.022 0.043
0 0.359 0.261 0.022 0.05
0 0.411 0.199 0.017 0.033
0 0.432 0.232 0.018 0.033
0 0.453 0.245 0.023 0.035
0 0.438 0.285 0.025 0.045
0 0.463 0.194 0.018 0.04
0 0.486 0.208 0.018 0.035
0 0.49 0.17 0.014 0.028
0 0.483 0.157 0.013 0.023
0 0.471 0.149 0.015 0.03
0 0.496 0.136 0.015 0.025
0 0.544 0.145 0.015 0.037
0 0.521 0.181 0.018 0.037
0 0.552 0.206 0.022 0.033
0 0.57 0.157 0.016 0.03
0 0.589 0.12 0.015 0.025
0 0.591 0.162 0.014 0.03
0 0.492 0.326 0.029 0.06
0 0.63 0.249 0.033 0.06
0 0.681 0.254 0.026 0.05
0 0.7 0.161 0.021 0.043
0 0.727 0.141 0.016 0.042
0 0.707 0.099 0.016 0.03
0 0.752 0.166 0.018 0.043
0 0.76 0.154 0.015 0.033
0 0.771 0.181 0.016 0.04
0 0.77 0.109 0.013 0.03
0 0.817 0.193 0.02 0.045
0 0.828 0.135 0.015 0.035
0 0.868 0.185 0.015 0.035
0 0.888 0.241 0.019 0.05
0 0.78 0.304 0.031 0.055
0 0.735 0.286 0.027 0.06
