0 0.165 0.482 0.041 0.078
0 0.287 0.28 0.025 0.051
0 0.305 0.233 0.017 0.032
0 0.334 0.226 0.017 0.039
0 0.333 0.276 0.022 0.046
0 0.352 0.292 0.025 0.048
0 0.393 0.292 0.023 0.05
0 0.359 0.228 0.019 0.04
0 0.373 0.235 0.019 0.035
0 0.393 0.245 0.025 0.042
0 0.408 0.201 0.021 0.036
0 0.445 0.209 0.019 0.039
0 0.47 0.231 0.018 0.047
0 0.477 0.198 0.021 0.036
0 0.447 0.19 0.018 0.033
0 0.431 0.175 0.014 0.03
0 0.446 0.164 0.018 0.029
0 0.469 0.152 0.015 0.028
0 0.49 0.157 0.016 0.025
0 0.49 0.132 0.015 0.032
0 0.504 0.137 0.014 0.033
0 0.519 0.162 0.016 0.036
0 0.538 0.17 0.019 0.036
0 0.527 0.139 0.014 0.032
0 0.549 0.148 0.014 0.03
0 0.561 0.164 0.017 0.04
0 0.57 0.15 0.016 0.032
0 0.555 0.13 0.013 0.026
0 0.563 0.118 0.015 0.025
0 0.58 0.13 0.011 0.028
0 0.581 0.1 0.013 0.026
0 0.607 0.148 0.017 0.037
0 0.617 0.122 0.013 0.025
0 0.607 0.108 0.012 0.028
0 0.638 0.136 0.016 0.033
0 0.634 0.121 0.013 0.024
0 0.645 0.094 0.014 0.028
0 0.659 0.107 0.016 0.032
0 0.659 0.132 0.016 0.03
0 0.687 0.11 0.013 0.029
0 0.53 0.296 0.03 0.06
0 0.545 0.269 0.028 0.043
0 0.605 0.264 0.023 0.054
0 0.615 0.208 0.021 0.04
0 0.652 0.215 0.021 0.043
0 0.659 0.258 0.024 0.055
0 0.607 0.33 0.038 0.065
0 0.689 0.228 0.024 0.054
0 0.678 0.184 0.017 0.036
0 0.716 0.136 0.016 0.03
0 0.724 0.193 0.023 0.039
0 0.745 0.254 0.033 0.06
0 0.77 0.21 0.019 0.04
0 0.757 0.181 0.017 0.033
0 0.754 0.148 0.017 0.037
0 0.743 0.122 0.015 0.028
0 0.78 0.151 0.015 0.036
0 0.79 0.122 0.013 0.033
0 0.804 0.125 0.016 0.033
0 0.801 0.17 0.016 0.04
0 0.817 0.162 0.013 0.033
0 0.826 0.14 0.013 0.025
0 0.835 0.129 0.013 0.028
0 0.84 0.188 0.017 0.033
0 0.847 0.164 0.016 0.035
0 0.861 0.148 0.016 0.036
0 0.864 0.141 0.017 0.032
0 0.822 0.214 0.017 0.032
0 0.815 0.247 0.02 0.048
0 0.764 0.31 0.028 0.06
0 0.801 0.395 0.036 0.076
0 0.849 0.428 0.046 0.078
0 0.828 0.312 0.028 0.064
0 0.862 0.25 0.023 0.051
0 0.875 0.215 0.022 0.044
0 0.885 0.188 0.019 0.039
0 0.897 0.137 0.015 0.03
0 0.926 0.153 0.017 0.037
0 0.904 0.222 0.017 0.04
0 0.921 0.217 0.017 0.043
0 0.9 0.343 0.027 0.066
0 0.919 0.301 0.029 0.06
