0 0.052 0.38 0.03 0.053
0 0.274 0.265 0.018 0.035
0 0.262 0.25 0.015 0.031
0 0.313 0.248 0.022 0.046
0 0.348 0.26 0.018 0.033
0 0.33 0.215 0.013 0.03
0 0.355 0.226 0.019 0.03
0 0.362 0.289 0.018 0.03
0 0.385 0.291 0.021 0.036
0 0.394 0.223 0.016 0.033
0 0.384 0.186 0.013 0.031
0 0.406 0.179 0.012 0.028
0 0.444 0.233 0.023 0.036
0 0.473 0.231 0.02 0.04
0 0.458 0.152 0.017 0.02
0 0.503 0.136 0.01 0.026
0 0.585 0.169 0.018 0.028
0 0.566 0.12 0.013 0.031
0 0.504 0.298 0.023 0.045
0 0.572 0.302 0.022 0.055
0 0.622 0.303 0.022 0.055
0 0.565 0.24 0.022 0.046
0 0.521 0.229 0.024 0.038
0 0.621 0.244 0.019 0.048
0 0.659 0.286 0.025 0.046
0 0.705 0.289 0.023 0.05
0 0.771 0.294 0.022 0.046
0 0.842 0.326 0.019 0.055
0 0.862 0.24 0.018 0.036
0 0.758 0.239 0.018 0.038
0 0.729 0.231 0.018 0.036
0 0.827 0.212 0.014 0.033
0 0.657 0.217 0.021 0.035
0 0.624 0.204 0.019 0.031
0 0.62 0.146 0.014 0.025
0 0.601 0.148 0.013 0.028
0 0.553 0.16 0.016 0.03
0 0.535 0.167 0.016 0.023
0 0.514 0.19 0.017 0.023
0 0.481 0.197 0.017 0.03
0 0.445 0.192 0.017 0.03
0 0.675 0.12 0.016 0.028
0 0.648 0.12 0.017 0.025
0 0.641 0.141 0.015 0.025
0 0.611 0.119 0.011 0.02
0 0.739 0.116 0.012 0.033
0 0.721 0.171 0.013 0.025
0 0.698 0.182 0.017 0.033
0 0.662 0.186 0.012 0.028
0 0.731 0.198 0.018 0.025
0 0.753 0.136 0.012 0.021
0 0.764 0.13 0.013 0.021
0 0.764 0.167 0.015 0.036
0 0.79 0.164 0.014 0.033
0 0.779 0.146 0.011 0.031
0 0.855 0.166 0.011 0.038
0 0.922 0.262 0.016 0.048
0 0.89 0.207 0.017 0.043
0 0.883 0.166 0.016 0.038
0 0.896 0.165 0.01 0.04
0 0.904 0.194 0.011 0.028
0 0.841 0.201 0.013 0.028
0 0.908 0.236 0.013 0.04
0 0.766 0.214 0.022 0.048
0 0.569 0.157 0.013 0.03
0 0.335 0.256 0.017 0.036
0 0.474 0.172 0.016 0.033
0 0.839 0.155 0.016 0.031
0 0.708 0.154 0.012 0.023
0 0.696 0.157 0.016 0.036
0 0.595 0.129 0.014 0.026
