0 0.167 0.279 0.027 0.042
0 0.272 0.262 0.021 0.038
0 0.284 0.254 0.019 0.033
0 0.31 0.222 0.019 0.036
0 0.338 0.215 0.018 0.035
0 0.324 0.257 0.025 0.038
0 0.317 0.294 0.021 0.039
0 0.312 0.262 0.018 0.035
0 0.363 0.275 0.024 0.045
0 0.38 0.303 0.024 0.046
0 0.395 0.202 0.022 0.04
0 0.412 0.181 0.015 0.039
0 0.415 0.224 0.024 0.04
0 0.441 0.211 0.022 0.046
0 0.479 0.223 0.025 0.042
0 0.466 0.163 0.015 0.036
0 0.458 0.151 0.017 0.029
0 0.475 0.14 0.013 0.032
0 0.534 0.194 0.021 0.042
0 0.528 0.15 0.021 0.038
0 0.562 0.144 0.016 0.032
0 0.585 0.163 0.019 0.036
0 0.615 0.151 0.017 0.033
0 0.617 0.137 0.017 0.028
0 0.584 0.106 0.017 0.028
0 0.494 0.301 0.022 0.046
0 0.54 0.305 0.029 0.053
0 0.579 0.24 0.028 0.045
0 0.605 0.22 0.024 0.046
0 0.617 0.227 0.024 0.053
0 0.647 0.267 0.023 0.052
0 0.656 0.206 0.019 0.039
0 0.639 0.178 0.02 0.04
0 0.63 0.376 0.032 0.071
0 0.744 0.28 0.031 0.061
0 0.763 0.337 0.032 0.068
0 0.795 0.279 0.028 0.064
0 0.803 0.255 0.024 0.052
0 0.846 0.297 0.03 0.067
0 0.857 0.255 0.03 0.054
0 0.903 0.291 0.024 0.061
0 0.703 0.225 0.021 0.042
0 0.679 0.167 0.017 0.033
0 0.717 0.159 0.021 0.036
0 0.732 0.189 0.021 0.038
0 0.741 0.229 0.02 0.038
0 0.769 0.204 0.017 0.039
0 0.818 0.22 0.021 0.043
0 0.838 0.183 0.016 0.04
0 0.877 0.202 0.019 0.04
0 0.857 0.148 0.013 0.033
0 0.814 0.16 0.015 0.032
0 0.8 0.174 0.017 0.039
0 0.791 0.144 0.015 0.036
0 0.774 0.153 0.017 0.031
0 0.764 0.172 0.017 0.035
0 0.754 0.136 0.017 0.032
