0 0.205 0.361 0.037 0.082
0 0.317 0.239 0.017 0.045
0 0.347 0.19 0.02 0.035
0 0.419 0.208 0.018 0.04
0 0.425 0.181 0.016 0.031
0 0.42 0.157 0.019 0.031
0 0.448 0.182 0.023 0.037
0 0.453 0.224 0.022 0.04
0 0.481 0.236 0.027 0.051
0 0.505 0.179 0.019 0.04
0 0.465 0.164 0.018 0.031
0 0.464 0.14 0.016 0.023
0 0.528 0.161 0.013 0.033
0 0.534 0.14 0.015 0.03
0 0.551 0.121 0.013 0.03
0 0.566 0.156 0.019 0.033
0 0.555 0.19 0.018 0.035
0 0.588 0.163 0.016 0.037
0 0.603 0.142 0.015 0.037
0 0.591 0.125 0.015 0.031
0 0.618 0.107 0.013 0.033
0 0.638 0.158 0.017 0.033
0 0.629 0.143 0.015 0.031
0 0.638 0.121 0.012 0.026
0 0.645 0.107 0.01 0.026
0 0.653 0.145 0.013 0.031
0 0.655 0.121 0.011 0.026
0 0.667 0.113 0.012 0.028
0 0.505 0.152 0.013 0.019
0 0.691 0.123 0.015 0.03
0 0.706 0.126 0.012 0.026
0 0.674 0.176 0.019 0.035
0 0.632 0.198 0.021 0.051
0 0.584 0.247 0.021 0.044
0 0.506 0.298 0.029 0.052
0 0.595 0.294 0.027 0.057
0 0.615 0.315 0.031 0.063
0 0.627 0.257 0.019 0.051
0 0.667 0.26 0.021 0.049
0 0.666 0.328 0.029 0.073
0 0.691 0.391 0.039 0.064
0 0.673 0.217 0.02 0.044
0 0.71 0.176 0.02 0.045
0 0.735 0.186 0.021 0.047
0 0.736 0.232 0.019 0.056
0 0.754 0.127 0.015 0.035
0 0.759 0.162 0.016 0.042
0 0.77 0.137 0.012 0.03
0 0.784 0.142 0.014 0.037
0 0.798 0.154 0.017 0.04
0 0.792 0.21 0.018 0.051
0 0.772 0.197 0.016 0.035
0 0.819 0.282 0.025 0.056
0 0.806 0.269 0.017 0.044
0 0.816 0.361 0.034 0.073
0 0.892 0.443 0.035 0.071
0 0.896 0.385 0.027 0.059
0 0.855 0.305 0.028 0.059
0 0.864 0.285 0.021 0.047
0 0.857 0.23 0.019 0.038
0 0.887 0.238 0.017 0.051
0 0.896 0.232 0.017 0.042
0 0.913 0.265 0.022 0.049
0 0.93 0.29 0.019 0.047
0 0.929 0.242 0.019 0.045
0 0.912 0.18 0.014 0.033
0 0.918 0.165 0.012 0.026
0 0.938 0.175 0.014 0.033
0 0.94 0.22 0.014 0.031
0 0.894 0.193 0.015 0.038
0 0.87 0.193 0.014 0.037
0 0.88 0.163 0.016 0.04
0 0.855 0.197 0.019 0.035
0 0.821 0.208 0.018 0.047
0 0.828 0.179 0.016 0.033
0 0.846 0.159 0.013 0.031
