0 0.2 0.405 0.044 0.071
0 0.281 0.257 0.017 0.023
0 0.29 0.29 0.018 0.028
0 0.353 0.28 0.017 0.033
0 0.373 0.289 0.016 0.038
0 0.376 0.238 0.016 0.03
0 0.381 0.19 0.011 0.025
0 0.407 0.196 0.011 0.023
0 0.423 0.188 0.012 0.025
0 0.413 0.177 0.011 0.021
0 0.449 0.166 0.012 0.02
0 0.447 0.194 0.013 0.03
0 0.441 0.238 0.016 0.036
0 0.465 0.232 0.018 0.036
0 0.351 0.247 0.014 0.026
0 0.52 0.207 0.017 0.036
0 0.489 0.21 0.017 0.035
0 0.48 0.187 0.017 0.028
0 0.471 0.16 0.014 0.025
0 0.463 0.148 0.012 0.023
0 0.505 0.136 0.007 0.018
0 0.509 0.176 0.018 0.033
0 0.515 0.155 0.013 0.026
0 0.538 0.156 0.017 0.026
0 0.545 0.192 0.012 0.026
0 0.577 0.18 0.013 0.025
0 0.584 0.154 0.011 0.025
0 0.557 0.139 0.01 0.018
0 0.555 0.119 0.009 0.015
0 0.587 0.127 0.011 0.023
0 0.591 0.114 0.009 0.021
0 0.614 0.115 0.012 0.02
0 0.611 0.155 0.012 0.025
0 0.643 0.145 0.011 0.023
0 0.647 0.129 0.009 0.018
0 0.658 0.124 0.01 0.021
0 0.641 0.107 0.008 0.02
0 0.694 0.118 0.01 0.021
0 0.497 0.286 0.019 0.036
0 0.537 0.328 0.017 0.035
0 0.628 0.312 0.021 0.049
0 0.566 0.263 0.017 0.036
0 0.62 0.26 0.016 0.043
0 0.633 0.224 0.016 0.03
0 0.649 0.179 0.017 0.033
0 0.664 0.221 0.018 0.035
0 0.68 0.34 0.022 0.049
0 0.687 0.164 0.009 0.02
0 0.698 0.178 0.013 0.031
0 0.722 0.174 0.012 0.021
0 0.746 0.154 0.016 0.025
0 0.742 0.123 0.009 0.02
0 0.759 0.137 0.012 0.025
0 0.779 0.171 0.012 0.026
0 0.747 0.234 0.017 0.036
0 0.728 0.207 0.015 0.036
0 0.713 0.276 0.019 0.043
0 0.693 0.24 0.012 0.03
0 0.754 0.355 0.025 0.059
0 0.765 0.303 0.02 0.048
0 0.808 0.252 0.015 0.036
0 0.772 0.213 0.018 0.038
0 0.815 0.154 0.01 0.028
0 0.824 0.142 0.011 0.021
0 0.83 0.126 0.01 0.025
0 0.804 0.412 0.025 0.058
0 0.831 0.321 0.019 0.043
0 0.89 0.373 0.027 0.061
0 0.905 0.322 0.02 0.041
0 0.87 0.27 0.015 0.039
0 0.905 0.27 0.015 0.033
0 0.825 0.215 0.016 0.044
0 0.88 0.208 0.012 0.031
0 0.916 0.228 0.011 0.028
0 0.89 0.177 0.008 0.018
0 0.895 0.143 0.009 0.02
0 0.848 0.174 0.01 0.026
0 0.855 0.153 0.009 0.023
0 0.864 0.137 0.009 0.02
