0 0.186 0.474 0.052 0.11
0 0.349 0.261 0.028 0.055
0 0.377 0.265 0.03 0.048
0 0.43 0.22 0.024 0.037
0 0.457 0.189 0.018 0.04
0 0.473 0.158 0.019 0.038
0 0.49 0.148 0.021 0.042
0 0.533 0.186 0.024 0.038
0 0.437 0.276 0.03 0.052
0 0.498 0.306 0.031 0.07
0 0.582 0.287 0.031 0.053
0 0.719 0.081 0.02 0.035
0 0.781 0.108 0.021 0.052
0 0.681 0.083 0.019 0.038
0 0.903 0.217 0.021 0.047
0 0.66 0.113 0.017 0.042
0 0.652 0.084 0.023 0.055
0 0.729 0.143 0.023 0.042
0 0.574 0.073 0.017 0.023
0 0.521 0.098 0.014 0.028
