0 0.152 0.402 0.043 0.078
0 0.294 0.258 0.02 0.038
0 0.333 0.246 0.023 0.042
0 0.331 0.211 0.018 0.031
0 0.348 0.207 0.016 0.036
0 0.366 0.212 0.016 0.035
0 0.377 0.222 0.017 0.035
0 0.386 0.255 0.018 0.045
0 0.361 0.252 0.017 0.031
0 0.396 0.218 0.014 0.032
0 0.429 0.22 0.018 0.036
0 0.423 0.253 0.02 0.038
0 0.448 0.186 0.013 0.029
0 0.421 0.193 0.016 0.035
0 0.451 0.166 0.014 0.027
0 0.458 0.141 0.013 0.027
0 0.474 0.141 0.013 0.028
0 0.478 0.176 0.018 0.028
0 0.498 0.177 0.015 0.035
0 0.481 0.215 0.022 0.041
0 0.508 0.155 0.013 0.029
0 0.518 0.123 0.012 0.024
0 0.532 0.138 0.013 0.024
0 0.548 0.162 0.017 0.041
0 0.533 0.125 0.013 0.017
0 0.552 0.13 0.013 0.035
0 0.559 0.118 0.015 0.034
0 0.578 0.153 0.017 0.034
0 0.584 0.132 0.015 0.031
0 0.586 0.113 0.012 0.027
0 0.605 0.141 0.015 0.034
0 0.607 0.122 0.017 0.031
0 0.613 0.111 0.009 0.025
0 0.616 0.097 0.009 0.024
0 0.629 0.119 0.014 0.031
0 0.645 0.13 0.016 0.034
0 0.649 0.092 0.012 0.024
0 0.662 0.105 0.01 0.022
0 0.663 0.128 0.012 0.027
0 0.69 0.096 0.013 0.029
0 0.559 0.23 0.025 0.049
0 0.536 0.279 0.028 0.062
0 0.587 0.314 0.03 0.055
0 0.615 0.236 0.022 0.046
0 0.626 0.19 0.018 0.036
0 0.652 0.223 0.02 0.046
0 0.681 0.242 0.024 0.052
0 0.676 0.186 0.017 0.039
0 0.703 0.141 0.013 0.029
0 0.713 0.16 0.015 0.034
0 0.724 0.176 0.021 0.048
0 0.705 0.237 0.023 0.05
0 0.745 0.137 0.016 0.034
0 0.727 0.131 0.016 0.027
0 0.751 0.171 0.017 0.036
0 0.778 0.146 0.014 0.029
0 0.768 0.134 0.009 0.021
0 0.775 0.122 0.01 0.022
0 0.8 0.12 0.015 0.029
0 0.756 0.225 0.023 0.035
0 0.743 0.245 0.024 0.045
0 0.757 0.305 0.025 0.059
0 0.832 0.341 0.028 0.08
0 0.837 0.306 0.028 0.055
0 0.809 0.239 0.02 0.045
0 0.823 0.2 0.016 0.041
0 0.79 0.18 0.02 0.038
0 0.813 0.146 0.012 0.034
0 0.822 0.13 0.013 0.029
0 0.831 0.12 0.011 0.024
0 0.846 0.156 0.014 0.029
0 0.84 0.181 0.013 0.036
0 0.842 0.24 0.021 0.046
0 0.872 0.404 0.033 0.091
0 0.903 0.353 0.028 0.07
0 0.895 0.3 0.021 0.036
0 0.869 0.212 0.017 0.041
0 0.886 0.177 0.015 0.035
0 0.896 0.153 0.015 0.034
0 0.857 0.14 0.014 0.034
0 0.864 0.13 0.014 0.028
0 0.9 0.127 0.015 0.025
0 0.914 0.223 0.02 0.05
0 0.928 0.195 0.017 0.029
0 0.925 0.157 0.014 0.034
0 0.938 0.156 0.013 0.029
