0 0.238 0.443 0.06 0.117
0 0.345 0.274 0.019 0.042
0 0.412 0.254 0.021 0.049
0 0.435 0.262 0.023 0.051
0 0.378 0.208 0.017 0.044
0 0.426 0.211 0.016 0.033
0 0.445 0.211 0.016 0.04
0 0.475 0.246 0.022 0.051
0 0.411 0.185 0.016 0.038
0 0.42 0.177 0.01 0.026
0 0.437 0.187 0.016 0.038
0 0.458 0.184 0.015 0.04
0 0.472 0.219 0.016 0.036
0 0.479 0.197 0.017 0.033
0 0.479 0.172 0.016 0.027
0 0.476 0.149 0.016 0.026
0 0.512 0.205 0.02 0.038
0 0.546 0.205 0.018 0.042
0 0.506 0.147 0.014 0.024
0 0.506 0.128 0.011 0.027
0 0.539 0.148 0.014 0.035
0 0.55 0.145 0.011 0.024
0 0.56 0.175 0.014 0.036
0 0.582 0.148 0.015 0.033
0 0.594 0.174 0.014 0.031
0 0.584 0.123 0.013 0.024
0 0.611 0.135 0.012 0.026
0 0.62 0.112 0.011 0.027
0 0.643 0.138 0.013 0.033
0 0.668 0.119 0.015 0.031
0 0.669 0.148 0.015 0.036
0 0.691 0.138 0.015 0.033
0 0.713 0.123 0.013 0.031
0 0.572 0.272 0.025 0.049
0 0.62 0.262 0.024 0.062
0 0.536 0.182 0.015 0.029
0 0.648 0.245 0.02 0.042
0 0.633 0.302 0.029 0.066
0 0.687 0.358 0.031 0.064
0 0.73 0.307 0.025 0.06
0 0.768 0.247 0.02 0.056
0 0.806 0.274 0.028 0.06
0 0.681 0.204 0.02 0.047
0 0.707 0.182 0.015 0.036
0 0.719 0.197 0.017 0.044
0 0.735 0.164 0.014 0.036
0 0.743 0.187 0.015 0.042
0 0.759 0.214 0.019 0.049
0 0.757 0.148 0.013 0.033
0 0.766 0.164 0.016 0.033
0 0.799 0.14 0.012 0.033
0 0.802 0.168 0.013 0.033
0 0.79 0.202 0.013 0.04
0 0.805 0.221 0.017 0.042
0 0.836 0.189 0.014 0.038
0 0.848 0.17 0.014 0.038
0 0.851 0.233 0.015 0.047
0 0.871 0.204 0.014 0.033
0 0.887 0.188 0.012 0.036
0 0.899 0.224 0.016 0.047
0 0.89 0.256 0.018 0.049
0 0.902 0.299 0.019 0.062
0 0.933 0.314 0.019 0.056
0 0.864 0.317 0.025 0.062
0 0.918 0.194 0.015 0.046
0 0.951 0.178 0.011 0.031
0 0.962 0.213 0.015 0.036
0 0.941 0.243 0.015 0.042
0 0.954 0.199 0.011 0.031
