0 0.345 0.543 0.065 0.131
0 0.328 0.199 0.02 0.035
0 0.35 0.197 0.016 0.035
0 0.37 0.188 0.017 0.029
0 0.413 0.174 0.017 0.033
0 0.441 0.176 0.016 0.029
0 0.456 0.233 0.026 0.033
0 0.467 0.177 0.015 0.027
0 0.442 0.151 0.015 0.029
0 0.446 0.141 0.016 0.025
0 0.475 0.156 0.014 0.031
0 0.469 0.144 0.012 0.027
0 0.482 0.142 0.017 0.023
0 0.502 0.133 0.015 0.023
0 0.527 0.127 0.016 0.023
0 0.539 0.142 0.017 0.031
0 0.492 0.188 0.016 0.041
0 0.502 0.189 0.017 0.039
0 0.548 0.197 0.019 0.039
0 0.57 0.135 0.016 0.029
0 0.58 0.127 0.015 0.031
0 0.582 0.139 0.016 0.029
0 0.587 0.167 0.019 0.029
0 0.577 0.184 0.018 0.037
0 0.624 0.17 0.019 0.035
0 0.599 0.135 0.018 0.033
0 0.614 0.105 0.013 0.027
0 0.629 0.121 0.014 0.027
0 0.651 0.137 0.016 0.033
0 0.686 0.148 0.012 0.023
0 0.69 0.113 0.011 0.027
0 0.709 0.122 0.01 0.029
0 0.726 0.14 0.013 0.031
0 0.742 0.146 0.013 0.027
0 0.699 0.178 0.017 0.037
0 0.72 0.18 0.016 0.045
0 0.735 0.18 0.014 0.037
0 0.636 0.211 0.022 0.051
0 0.571 0.236 0.027 0.051
0 0.666 0.224 0.02 0.055
0 0.665 0.199 0.022 0.043
0 0.717 0.238 0.02 0.051
0 0.765 0.134 0.012 0.025
0 0.78 0.15 0.015 0.031
0 0.811 0.156 0.014 0.027
0 0.823 0.135 0.013 0.025
0 0.824 0.169 0.015 0.033
0 0.775 0.181 0.02 0.039
0 0.81 0.199 0.018 0.039
0 0.793 0.169 0.016 0.033
0 0.791 0.236 0.018 0.047
0 0.855 0.195 0.015 0.043
0 0.858 0.144 0.012 0.027
0 0.888 0.165 0.011 0.029
0 0.907 0.169 0.013 0.033
0 0.945 0.172 0.015 0.027
0 0.942 0.207 0.012 0.027
0 0.94 0.23 0.017 0.035
0 0.897 0.205 0.013 0.031
0 0.888 0.23 0.017 0.039
0 0.922 0.265 0.019 0.043
0 0.875 0.27 0.022 0.053
