0 0.018 0.434 0.023 0.054
0 0.236 0.346 0.015 0.033
0 0.263 0.382 0.021 0.043
0 0.303 0.373 0.019 0.042
0 0.341 0.368 0.019 0.04
0 0.293 0.314 0.016 0.036
0 0.365 0.299 0.014 0.028
0 0.369 0.336 0.014 0.031
0 0.394 0.346 0.015 0.039
0 0.421 0.349 0.02 0.042
0 0.462 0.355 0.016 0.039
0 0.42 0.306 0.014 0.031
0 0.398 0.269 0.013 0.028
0 0.416 0.275 0.013 0.03
0 0.452 0.271 0.015 0.03
0 0.446 0.317 0.019 0.036
0 0.483 0.309 0.014 0.034
0 0.514 0.326 0.016 0.039
0 0.441 0.243 0.013 0.025
0 0.484 0.271 0.014 0.027
0 0.478 0.242 0.011 0.022
0 0.486 0.24 0.013 0.024
0 0.509 0.274 0.014 0.033
0 0.533 0.281 0.015 0.031
0 0.538 0.25 0.013 0.027
0 0.56 0.252 0.013 0.028
0 0.56 0.298 0.015 0.033
0 0.548 0.365 0.022 0.046
0 0.475 0.421 0.024 0.052
0 0.551 0.433 0.025 0.052
0 0.596 0.268 0.014 0.033
0 0.588 0.254 0.012 0.027
0 0.58 0.222 0.01 0.025
0 0.592 0.224 0.011 0.022
0 0.616 0.255 0.014 0.031
0 0.62 0.227 0.012 0.028
0 0.625 0.206 0.012 0.028
0 0.642 0.222 0.01 0.027
0 0.656 0.227 0.012 0.028
0 0.66 0.253 0.014 0.03
0 0.677 0.211 0.01 0.024
0 0.693 0.234 0.011 0.033
0 0.718 0.225 0.011 0.027
0 0.723 0.251 0.014 0.034
0 0.695 0.267 0.013 0.031
0 0.709 0.299 0.017 0.04
0 0.65 0.31 0.018 0.042
0 0.613 0.347 0.022 0.045
0 0.745 0.292 0.014 0.033
0 0.613 0.465 0.027 0.067
0 0.613 0.409 0.024 0.049
0 0.674 0.382 0.021 0.052
0 0.663 0.353 0.018 0.04
0 0.711 0.369 0.019 0.046
0 0.725 0.499 0.031 0.087
0 0.658 0.49 0.036 0.06
0 0.797 0.453 0.026 0.052
0 0.736 0.427 0.022 0.046
0 0.859 0.54 0.031 0.066
0 0.871 0.481 0.028 0.063
0 0.932 0.476 0.029 0.066
0 0.886 0.382 0.021 0.052
0 0.833 0.375 0.021 0.049
0 0.86 0.346 0.015 0.042
0 0.862 0.317 0.015 0.033
0 0.839 0.319 0.016 0.036
0 0.793 0.3 0.015 0.031
0 0.759 0.264 0.016 0.031
0 0.78 0.271 0.012 0.03
0 0.786 0.24 0.014 0.031
0 0.809 0.256 0.014 0.027
0 0.8 0.249 0.012 0.028
0 0.844 0.278 0.014 0.031
0 0.866 0.257 0.014 0.03
0 0.875 0.285 0.014 0.04
0 0.883 0.273 0.01 0.031
0 0.897 0.263 0.013 0.036
0 0.907 0.346 0.016 0.039
0 0.913 0.32 0.013 0.037
0 0.918 0.286 0.013 0.03
0 0.937 0.334 0.014 0.039
0 0.95 0.358 0.018 0.045
0 0.961 0.315 0.013 0.031
0 0.961 0.285 0.012 0.031
0 0.941 0.314 0.015 0.037
