0 0.316 0.243 0.015 0.037
0 0.326 0.234 0.017 0.033
0 0.347 0.233 0.02 0.035
0 0.356 0.27 0.027 0.042
0 0.391 0.282 0.024 0.056
0 0.378 0.245 0.02 0.038
0 0.383 0.203 0.019 0.037
0 0.404 0.203 0.019 0.04
0 0.442 0.189 0.016 0.037
0 0.459 0.243 0.024 0.051
0 0.46 0.207 0.015 0.032
0 0.48 0.201 0.02 0.04
0 0.489 0.159 0.018 0.037
0 0.52 0.174 0.02 0.037
0 0.545 0.166 0.021 0.037
0 0.584 0.169 0.019 0.04
0 0.576 0.135 0.016 0.025
0 0.645 0.069 0.016 0.032
0 0.497 0.299 0.027 0.056
0 0.565 0.292 0.031 0.056
0 0.598 0.323 0.028 0.065
0 0.622 0.257 0.027 0.055
0 0.619 0.211 0.021 0.043
0 0.648 0.183 0.021 0.043
0 0.651 0.273 0.026 0.065
0 0.682 0.19 0.019 0.042
0 0.689 0.164 0.017 0.035
0 0.698 0.232 0.021 0.051
0 0.71 0.281 0.026 0.056
0 0.725 0.202 0.024 0.048
0 0.749 0.231 0.026 0.056
0 0.765 0.168 0.02 0.047
0 0.777 0.274 0.029 0.06
0 0.835 0.327 0.026 0.066
0 0.855 0.267 0.022 0.056
0 0.902 0.245 0.023 0.058
0 0.925 0.252 0.02 0.048
