0 0.173 0.492 0.048 0.087
0 0.257 0.272 0.023 0.038
0 0.283 0.254 0.02 0.044
0 0.39 0.264 0.023 0.038
0 0.376 0.182 0.018 0.038
0 0.352 0.246 0.021 0.038
0 0.399 0.223 0.017 0.038
0 0.405 0.174 0.015 0.026
0 0.432 0.231 0.02 0.044
0 0.443 0.202 0.019 0.033
0 0.453 0.15 0.016 0.028
0 0.477 0.147 0.015 0.033
0 0.479 0.184 0.018 0.037
0 0.502 0.184 0.019 0.04
0 0.511 0.125 0.013 0.023
0 0.537 0.124 0.016 0.024
0 0.547 0.195 0.022 0.038
0 0.578 0.174 0.024 0.04
0 0.586 0.142 0.016 0.033
0 0.618 0.147 0.019 0.031
0 0.566 0.069 0.016 0.037
0 0.655 0.146 0.018 0.037
0 0.651 0.113 0.014 0.026
0 0.657 0.049 0.013 0.024
0 0.699 0.06 0.019 0.037
0 0.696 0.191 0.023 0.044
0 0.663 0.219 0.026 0.047
0 0.612 0.264 0.026 0.054
0 0.559 0.26 0.024 0.052
0 0.543 0.324 0.027 0.054
0 0.491 0.317 0.036 0.061
0 0.681 0.32 0.037 0.068
0 0.72 0.273 0.028 0.068
0 0.748 0.235 0.022 0.051
0 0.735 0.186 0.024 0.051
0 0.787 0.194 0.023 0.052
0 0.815 0.237 0.024 0.049
0 0.781 0.288 0.026 0.049
0 0.763 0.318 0.031 0.073
0 0.803 0.409 0.035 0.079
0 0.802 0.134 0.016 0.035
0 0.833 0.139 0.018 0.037
0 0.848 0.128 0.014 0.03
0 0.875 0.13 0.016 0.033
0 0.834 0.204 0.022 0.056
0 0.836 0.306 0.036 0.068
0 0.9 0.376 0.044 0.089
0 0.909 0.318 0.032 0.073
0 0.871 0.252 0.023 0.058
0 0.88 0.213 0.019 0.049
0 0.925 0.221 0.025 0.054
0 0.923 0.284 0.028 0.061
0 0.91 0.145 0.018 0.031
0 0.936 0.155 0.016 0.042
