0 0.811 0.328 0.039 0.089
0 0.613 0.109 0.016 0.028
0 0.559 0.12 0.016 0.025
0 0.705 0.127 0.011 0.02
0 0.759 0.133 0.014 0.025
0 0.795 0.136 0.016 0.025
0 0.854 0.152 0.015 0.036
0 0.879 0.159 0.015 0.034
0 0.748 0.144 0.019 0.028
0 0.777 0.143 0.017 0.03
0 0.806 0.161 0.02 0.028
0 0.823 0.161 0.015 0.027
0 0.911 0.181 0.019 0.031
0 0.496 0.135 0.013 0.023
0 0.52 0.139 0.019 0.022
0 0.547 0.145 0.019 0.019
0 0.578 0.134 0.019 0.031
0 0.596 0.144 0.023 0.028
0 0.651 0.142 0.018 0.034
0 0.663 0.128 0.016 0.025
0 0.687 0.182 0.025 0.042
0 0.711 0.154 0.019 0.028
0 0.458 0.153 0.012 0.025
0 0.481 0.161 0.019 0.03
0 0.521 0.176 0.019 0.039
0 0.577 0.19 0.022 0.028
0 0.432 0.173 0.018 0.031
0 0.376 0.19 0.021 0.03
0 0.415 0.183 0.023 0.037
0 0.468 0.215 0.023 0.031
0 0.498 0.204 0.022 0.034
0 0.354 0.204 0.021 0.036
0 0.319 0.207 0.023 0.037
0 0.626 0.215 0.025 0.045
0 0.655 0.198 0.023 0.041
0 0.653 0.238 0.03 0.055
0 0.715 0.188 0.019 0.039
0 0.731 0.179 0.015 0.039
0 0.765 0.189 0.023 0.037
0 0.722 0.224 0.022 0.042
0 0.789 0.204 0.015 0.037
0 0.827 0.185 0.015 0.033
0 0.935 0.176 0.017 0.028
0 0.934 0.229 0.017 0.042
0 0.858 0.211 0.017 0.034
0 0.88 0.233 0.016 0.051
0 0.915 0.251 0.021 0.044
0 0.87 0.278 0.019 0.034
0 0.448 0.249 0.024 0.033
0 0.554 0.282 0.026 0.041
0 0.533 0.225 0.023 0.039
0 0.624 0.176 0.025 0.025
0 0.624 0.156 0.025 0.022
0 0.566 0.156 0.027 0.025
0 0.538 0.19 0.019 0.03
0 0.445 0.211 0.021 0.037
