0 0.071 0.305 0.022 0.051
0 0.351 0.223 0.015 0.033
0 0.359 0.195 0.013 0.027
0 0.353 0.183 0.015 0.029
0 0.425 0.205 0.017 0.038
0 0.458 0.218 0.017 0.038
0 0.493 0.221 0.019 0.038
0 0.495 0.176 0.015 0.033
0 0.46 0.183 0.017 0.033
0 0.431 0.175 0.018 0.027
0 0.439 0.153 0.014 0.027
0 0.477 0.15 0.013 0.029
0 0.487 0.153 0.013 0.022
0 0.513 0.154 0.015 0.024
0 0.551 0.188 0.017 0.027
0 0.576 0.169 0.015 0.027
0 0.607 0.167 0.014 0.029
0 0.517 0.14 0.009 0.022
0 0.528 0.139 0.012 0.029
0 0.51 0.122 0.013 0.022
0 0.537 0.122 0.012 0.027
0 0.548 0.159 0.014 0.024
0 0.548 0.136 0.012 0.024
0 0.557 0.123 0.014 0.024
0 0.58 0.146 0.012 0.027
0 0.609 0.145 0.014 0.029
0 0.6 0.112 0.012 0.024
0 0.613 0.123 0.015 0.029
0 0.623 0.108 0.009 0.024
0 0.638 0.141 0.013 0.029
0 0.656 0.149 0.014 0.027
0 0.647 0.101 0.009 0.024
0 0.674 0.108 0.01 0.024
0 0.697 0.127 0.012 0.029
0 0.705 0.111 0.012 0.022
0 0.73 0.115 0.013 0.022
0 0.738 0.145 0.014 0.033
0 0.724 0.165 0.015 0.033
0 0.666 0.141 0.013 0.029
0 0.535 0.267 0.024 0.051
0 0.568 0.306 0.021 0.053
0 0.619 0.31 0.035 0.058
0 0.587 0.253 0.021 0.044
0 0.646 0.205 0.019 0.042
0 0.68 0.217 0.021 0.044
0 0.677 0.187 0.015 0.029
0 0.715 0.211 0.017 0.04
0 0.77 0.156 0.015 0.033
0 0.768 0.125 0.014 0.033
0 0.78 0.127 0.012 0.024
0 0.801 0.137 0.013 0.031
0 0.791 0.185 0.014 0.033
0 0.81 0.203 0.015 0.051
0 0.815 0.167 0.015 0.029
0 0.832 0.193 0.015 0.04
0 0.85 0.177 0.013 0.031
0 0.862 0.159 0.015 0.033
0 0.738 0.234 0.018 0.042
0 0.683 0.268 0.022 0.04
0 0.636 0.266 0.023 0.044
0 0.699 0.322 0.031 0.067
0 0.766 0.348 0.028 0.058
0 0.81 0.276 0.019 0.051
0 0.83 0.259 0.022 0.049
0 0.852 0.36 0.028 0.064
0 0.868 0.307 0.019 0.055
0 0.889 0.28 0.019 0.042
0 0.863 0.224 0.017 0.031
0 0.934 0.367 0.022 0.06
0 0.954 0.28 0.021 0.047
0 0.947 0.242 0.014 0.04
0 0.962 0.211 0.014 0.031
0 0.958 0.185 0.013 0.029
0 0.927 0.174 0.013 0.024
0 0.916 0.2 0.012 0.031
0 0.899 0.229 0.017 0.042
0 0.877 0.193 0.013 0.035
0 0.891 0.165 0.012 0.024
0 0.899 0.192 0.012 0.024
