0 0.039 0.245 0.013 0.037
0 0.196 0.202 0.02 0.039
0 0.207 0.345 0.039 0.088
0 0.313 0.169 0.023 0.041
0 0.295 0.219 0.017 0.024
0 0.385 0.195 0.02 0.044
0 0.411 0.219 0.022 0.044
0 0.417 0.178 0.016 0.034
0 0.433 0.145 0.022 0.042
0 0.61 0.103 0.014 0.029
0 0.649 0.118 0.015 0.031
0 0.635 0.139 0.012 0.028
0 0.646 0.146 0.017 0.024
0 0.753 0.143 0.012 0.031
0 0.768 0.145 0.018 0.036
0 0.865 0.189 0.014 0.036
0 0.938 0.194 0.015 0.036
0 0.886 0.239 0.017 0.046
0 0.919 0.245 0.02 0.047
0 0.819 0.257 0.022 0.047
