0 0.143 0.558 0.047 0.078
0 0.23 0.342 0.018 0.032
0 0.285 0.322 0.019 0.035
0 0.261 0.368 0.021 0.041
0 0.297 0.369 0.018 0.042
0 0.35 0.357 0.018 0.038
0 0.354 0.301 0.015 0.026
0 0.394 0.265 0.014 0.026
0 0.435 0.263 0.013 0.022
0 0.466 0.251 0.014 0.036
0 0.474 0.243 0.018 0.03
0 0.384 0.354 0.018 0.036
0 0.413 0.307 0.018 0.035
0 0.414 0.338 0.016 0.039
0 0.439 0.321 0.024 0.045
0 0.464 0.292 0.019 0.03
0 0.47 0.325 0.025 0.036
0 0.51 0.27 0.017 0.035
0 0.529 0.293 0.021 0.041
0 0.557 0.251 0.017 0.033
0 0.573 0.228 0.018 0.035
0 0.512 0.336 0.026 0.038
0 0.445 0.367 0.035 0.046
0 0.553 0.301 0.02 0.033
0 0.584 0.251 0.015 0.046
0 0.61 0.254 0.014 0.032
0 0.62 0.209 0.013 0.025
0 0.632 0.229 0.016 0.038
0 0.643 0.231 0.014 0.03
0 0.67 0.229 0.013 0.038
0 0.687 0.233 0.016 0.029
0 0.716 0.228 0.016 0.028
0 0.714 0.259 0.016 0.029
0 0.679 0.285 0.019 0.036
0 0.48 0.411 0.026 0.054
0 0.538 0.389 0.025 0.051
0 0.605 0.344 0.021 0.045
0 0.527 0.461 0.031 0.052
0 0.597 0.412 0.028 0.048
0 0.592 0.464 0.029 0.064
0 0.648 0.364 0.019 0.045
0 0.676 0.372 0.028 0.041
0 0.642 0.486 0.036 0.067
0 0.697 0.38 0.02 0.043
0 0.692 0.328 0.023 0.039
0 0.721 0.304 0.02 0.039
0 0.73 0.419 0.029 0.058
0 0.703 0.564 0.048 0.077
0 0.745 0.251 0.015 0.035
0 0.759 0.239 0.013 0.029
0 0.774 0.269 0.013 0.036
0 0.791 0.246 0.013 0.025
0 0.784 0.295 0.016 0.03
0 0.82 0.249 0.014 0.033
0 0.852 0.262 0.02 0.036
0 0.829 0.309 0.015 0.041
0 0.784 0.442 0.027 0.058
0 0.824 0.526 0.033 0.067
0 0.867 0.278 0.015 0.038
0 0.889 0.267 0.015 0.033
0 0.907 0.283 0.014 0.03
0 0.936 0.32 0.014 0.029
0 0.951 0.289 0.016 0.03
0 0.826 0.368 0.025 0.049
0 0.839 0.347 0.013 0.051
0 0.863 0.332 0.013 0.043
0 0.884 0.351 0.025 0.043
0 0.87 0.37 0.021 0.054
0 0.91 0.354 0.016 0.041
0 0.945 0.374 0.018 0.041
0 0.858 0.468 0.028 0.058
0 0.927 0.485 0.033 0.059
0 0.639 0.312 0.018 0.038
