0 0.103 0.485 0.05 0.097
0 0.242 0.237 0.021 0.038
0 0.324 0.252 0.013 0.032
0 0.382 0.272 0.022 0.035
0 0.367 0.254 0.015 0.03
0 0.33 0.227 0.013 0.025
0 0.314 0.236 0.013 0.03
0 0.365 0.19 0.014 0.025
0 0.387 0.193 0.013 0.028
0 0.402 0.218 0.021 0.028
0 0.375 0.224 0.013 0.03
0 0.41 0.186 0.014 0.033
0 0.451 0.189 0.011 0.03
0 0.476 0.202 0.015 0.025
0 0.471 0.239 0.019 0.037
0 0.529 0.207 0.021 0.037
0 0.513 0.191 0.012 0.03
0 0.498 0.164 0.014 0.03
0 0.523 0.17 0.014 0.028
0 0.549 0.162 0.014 0.037
0 0.578 0.164 0.017 0.033
0 0.574 0.121 0.013 0.032
0 0.582 0.142 0.015 0.03
0 0.591 0.125 0.012 0.032
0 0.619 0.15 0.013 0.025
0 0.46 0.227 0.018 0.033
0 0.484 0.339 0.026 0.05
0 0.556 0.31 0.024 0.062
0 0.601 0.325 0.028 0.055
0 0.594 0.268 0.023 0.048
0 0.634 0.209 0.017 0.04
0 0.654 0.194 0.015 0.037
0 0.667 0.219 0.02 0.043
0 0.68 0.258 0.021 0.05
0 0.719 0.284 0.023 0.047
0 0.719 0.219 0.018 0.04
0 0.704 0.191 0.019 0.04
0 0.698 0.16 0.013 0.028
0 0.711 0.148 0.011 0.032
0 0.73 0.163 0.016 0.035
0 0.748 0.152 0.014 0.033
0 0.738 0.124 0.014 0.033
0 0.774 0.128 0.013 0.025
0 0.769 0.159 0.017 0.037
0 0.787 0.185 0.018 0.035
0 0.742 0.189 0.014 0.03
0 0.766 0.227 0.021 0.045
0 0.783 0.283 0.024 0.048
0 0.842 0.327 0.024 0.059
0 0.866 0.267 0.022 0.055
0 0.914 0.274 0.018 0.04
0 0.923 0.232 0.018 0.047
0 0.888 0.202 0.016 0.035
0 0.895 0.17 0.015 0.035
0 0.855 0.169 0.015 0.03
0 0.846 0.184 0.015 0.033
0 0.837 0.223 0.017 0.035
0 0.81 0.156 0.016 0.038
0 0.789 0.144 0.014 0.03
0 0.834 0.132 0.014 0.033
0 0.971 0.333 0.036 0.084
