0 0.322 0.2 0.018 0.032
0 0.368 0.199 0.014 0.026
0 0.374 0.181 0.013 0.024
0 0.41 0.174 0.014 0.03
0 0.429 0.179 0.014 0.028
0 0.452 0.228 0.016 0.032
0 0.458 0.171 0.012 0.023
0 0.45 0.153 0.012 0.024
0 0.438 0.146 0.012 0.03
0 0.472 0.133 0.009 0.019
0 0.471 0.16 0.012 0.024
0 0.504 0.186 0.013 0.03
0 0.492 0.176 0.009 0.03
0 0.494 0.132 0.011 0.021
0 0.507 0.132 0.011 0.024
0 0.516 0.164 0.012 0.032
0 0.542 0.142 0.012 0.028
0 0.569 0.144 0.012 0.019
0 0.574 0.126 0.014 0.023
0 0.593 0.157 0.013 0.028
0 0.59 0.131 0.012 0.023
0 0.554 0.062 0.009 0.019
0 0.615 0.108 0.009 0.021
0 0.628 0.134 0.011 0.017
0 0.625 0.16 0.011 0.021
0 0.653 0.112 0.009 0.017
0 0.67 0.114 0.012 0.028
0 0.679 0.13 0.008 0.028
0 0.698 0.124 0.009 0.023
0 0.564 0.24 0.019 0.045
0 0.551 0.186 0.013 0.023
0 0.63 0.202 0.016 0.047
0 0.644 0.189 0.015 0.034
0 0.664 0.216 0.016 0.038
0 0.707 0.235 0.018 0.043
0 0.706 0.195 0.015 0.034
0 0.691 0.18 0.013 0.034
0 0.765 0.319 0.034 0.071
0 0.733 0.176 0.017 0.034
0 0.725 0.147 0.012 0.024
0 0.751 0.14 0.011 0.017
0 0.762 0.132 0.009 0.017
0 0.768 0.174 0.013 0.032
0 0.786 0.165 0.011 0.026
0 0.805 0.159 0.015 0.032
0 0.817 0.137 0.013 0.03
0 0.793 0.212 0.015 0.041
0 0.814 0.192 0.013 0.039
0 0.827 0.172 0.011 0.032
0 0.852 0.138 0.012 0.028
0 0.883 0.152 0.012 0.026
0 0.854 0.199 0.013 0.038
0 0.878 0.23 0.014 0.043
0 0.887 0.205 0.014 0.023
0 0.915 0.183 0.011 0.024
0 0.931 0.228 0.016 0.043
0 0.936 0.171 0.013 0.023
0 0.872 0.272 0.018 0.045
