0 0.176 0.458 0.043 0.084
0 0.268 0.214 0.015 0.031
0 0.326 0.174 0.019 0.037
0 0.354 0.173 0.02 0.035
0 0.304 0.2 0.02 0.031
0 0.304 0.232 0.014 0.039
0 0.345 0.196 0.018 0.037
0 0.392 0.147 0.013 0.033
0 0.441 0.14 0.013 0.031
0 0.415 0.146 0.014 0.043
0 0.423 0.152 0.014 0.035
0 0.496 0.107 0.013 0.023
0 0.47 0.129 0.014 0.021
0 0.478 0.134 0.013 0.031
0 0.395 0.188 0.022 0.041
0 0.407 0.194 0.013 0.029
0 0.384 0.265 0.019 0.051
0 0.4 0.216 0.014 0.039
0 0.44 0.173 0.015 0.023
0 0.468 0.18 0.02 0.033
0 0.499 0.168 0.015 0.025
0 0.511 0.142 0.017 0.031
0 0.517 0.116 0.011 0.025
0 0.555 0.112 0.014 0.021
0 0.524 0.166 0.017 0.033
0 0.546 0.146 0.018 0.031
0 0.593 0.1 0.018 0.025
0 0.566 0.143 0.022 0.045
0 0.561 0.171 0.015 0.031
0 0.603 0.141 0.015 0.033
0 0.589 0.209 0.023 0.041
0 0.588 0.163 0.017 0.043
0 0.586 0.136 0.02 0.043
0 0.647 0.103 0.013 0.031
0 0.641 0.149 0.019 0.041
0 0.643 0.181 0.018 0.039
0 0.621 0.232 0.029 0.066
0 0.678 0.167 0.017 0.035
0 0.68 0.095 0.013 0.023
0 0.695 0.107 0.014 0.027
0 0.705 0.092 0.017 0.029
0 0.689 0.2 0.02 0.039
0 0.687 0.241 0.02 0.047
0 0.702 0.3 0.031 0.062
0 0.73 0.133 0.014 0.037
0 0.721 0.167 0.017 0.023
0 0.749 0.127 0.012 0.021
0 0.731 0.224 0.019 0.043
0 0.765 0.111 0.012 0.027
0 0.753 0.18 0.02 0.041
0 0.757 0.227 0.022 0.041
0 0.779 0.125 0.013 0.033
0 0.786 0.155 0.017 0.025
0 0.8 0.125 0.012 0.023
0 0.814 0.122 0.011 0.029
0 0.799 0.19 0.018 0.029
0 0.795 0.27 0.025 0.047
0 0.843 0.147 0.014 0.037
0 0.822 0.19 0.021 0.037
0 0.842 0.204 0.021 0.039
0 0.831 0.236 0.02 0.045
0 0.872 0.164 0.017 0.045
0 0.909 0.138 0.011 0.019
0 0.912 0.177 0.011 0.031
0 0.897 0.211 0.015 0.037
0 0.916 0.346 0.028 0.054
0 0.933 0.242 0.018 0.037
0 0.941 0.217 0.02 0.033
0 0.937 0.198 0.018 0.043
0 0.95 0.177 0.022 0.051
0 0.529 0.143 0.014 0.029
0 0.741 0.369 0.029 0.06
0 0.621 0.131 0.014 0.029
