0 0.159 0.353 0.031 0.064
0 0.282 0.249 0.012 0.026
0 0.304 0.241 0.011 0.033
0 0.3 0.275 0.014 0.025
0 0.356 0.269 0.018 0.039
0 0.378 0.285 0.019 0.043
0 0.367 0.197 0.016 0.03
0 0.385 0.23 0.017 0.031
0 0.396 0.198 0.014 0.03
0 0.443 0.228 0.019 0.039
0 0.472 0.234 0.019 0.038
0 0.512 0.211 0.017 0.038
0 0.544 0.184 0.014 0.03
0 0.618 0.106 0.01 0.021
0 0.642 0.107 0.012 0.025
0 0.674 0.105 0.011 0.026
0 0.699 0.106 0.011 0.025
0 0.485 0.325 0.031 0.056
0 0.568 0.252 0.019 0.046
0 0.566 0.301 0.02 0.054
0 0.601 0.33 0.023 0.064
0 0.627 0.212 0.015 0.034
0 0.625 0.261 0.019 0.043
0 0.658 0.215 0.019 0.036
0 0.661 0.174 0.015 0.033
0 0.68 0.187 0.017 0.043
0 0.687 0.315 0.032 0.062
0 0.742 0.12 0.012 0.031
0 0.726 0.195 0.021 0.049
0 0.721 0.275 0.021 0.052
0 0.775 0.161 0.016 0.034
0 0.766 0.219 0.014 0.044
0 0.781 0.208 0.016 0.039
0 0.757 0.333 0.03 0.066
0 0.79 0.284 0.019 0.049
0 0.806 0.242 0.016 0.048
0 0.793 0.398 0.024 0.07
0 0.828 0.316 0.022 0.059
0 0.906 0.437 0.03 0.077
0 0.903 0.325 0.02 0.059
0 0.867 0.264 0.019 0.043
0 0.875 0.205 0.019 0.046
0 0.927 0.248 0.021 0.036
0 0.917 0.216 0.014 0.033
0 0.797 0.158 0.016 0.031
0 0.82 0.141 0.013 0.033
0 0.833 0.143 0.011 0.033
0 0.852 0.175 0.015 0.031
0 0.861 0.137 0.012 0.034
0 0.901 0.149 0.011 0.026
0 0.924 0.158 0.012 0.021
0 0.855 0.148 0.009 0.026
0 0.824 0.211 0.018 0.043
0 0.766 0.132 0.011 0.031
0 0.754 0.147 0.016 0.038
0 0.614 0.141 0.013 0.03
0 0.596 0.108 0.009 0.026
0 0.588 0.124 0.011 0.025
0 0.557 0.123 0.01 0.026
0 0.564 0.134 0.012 0.026
0 0.582 0.143 0.013 0.033
0 0.576 0.169 0.014 0.033
0 0.597 0.166 0.016 0.03
0 0.513 0.151 0.013 0.026
0 0.525 0.174 0.015 0.033
0 0.449 0.166 0.013 0.025
0 0.488 0.173 0.014 0.031
0 0.484 0.198 0.016 0.038
0 0.414 0.175 0.01 0.023
0 0.645 0.139 0.008 0.028
0 0.908 0.272 0.017 0.049
