0 0.199 0.455 0.049 0.099
0 0.254 0.422 0.044 0.089
0 0.237 0.242 0.017 0.037
0 0.349 0.269 0.019 0.044
0 0.367 0.264 0.017 0.044
0 0.42 0.228 0.019 0.035
0 0.442 0.231 0.017 0.035
0 0.45 0.185 0.014 0.03
0 0.474 0.194 0.019 0.042
0 0.459 0.152 0.011 0.019
0 0.469 0.146 0.009 0.017
0 0.486 0.13 0.011 0.02
0 0.521 0.073 0.011 0.022
0 0.556 0.151 0.015 0.025
0 0.582 0.147 0.015 0.029
0 0.491 0.296 0.026 0.051
0 0.43 0.284 0.023 0.052
0 0.539 0.199 0.028 0.044
0 0.738 0.059 0.009 0.027
0 0.681 0.158 0.018 0.037
0 0.659 0.247 0.019 0.047
0 0.713 0.284 0.027 0.059
0 0.712 0.143 0.015 0.027
0 0.736 0.16 0.013 0.027
0 0.74 0.145 0.016 0.034
0 0.753 0.172 0.013 0.03
0 0.758 0.301 0.027 0.056
0 0.796 0.189 0.017 0.039
0 0.81 0.124 0.011 0.025
0 0.917 0.086 0.009 0.024
0 0.871 0.228 0.016 0.052
0 0.52 0.164 0.019 0.032
