0 0.031 0.416 0.023 0.052
0 0.231 0.334 0.015 0.035
0 0.256 0.363 0.018 0.042
0 0.285 0.3 0.016 0.032
0 0.329 0.351 0.02 0.036
0 0.351 0.33 0.017 0.029
0 0.352 0.291 0.017 0.031
0 0.383 0.255 0.014 0.027
0 0.399 0.27 0.014 0.029
0 0.402 0.294 0.013 0.027
0 0.379 0.322 0.017 0.032
0 0.4 0.334 0.017 0.034
0 0.422 0.247 0.013 0.024
0 0.425 0.297 0.016 0.032
0 0.447 0.337 0.019 0.034
0 0.438 0.259 0.014 0.027
0 0.461 0.296 0.015 0.028
0 0.467 0.264 0.012 0.022
0 0.457 0.238 0.011 0.021
0 0.517 0.236 0.01 0.02
0 0.5 0.264 0.013 0.022
0 0.53 0.263 0.014 0.027
0 0.548 0.281 0.015 0.028
0 0.525 0.348 0.022 0.047
0 0.494 0.316 0.017 0.027
0 0.547 0.226 0.011 0.021
0 0.562 0.221 0.014 0.021
0 0.571 0.253 0.011 0.027
0 0.586 0.246 0.013 0.025
0 0.59 0.219 0.012 0.027
0 0.596 0.205 0.011 0.022
0 0.612 0.216 0.011 0.024
0 0.624 0.227 0.013 0.021
0 0.641 0.21 0.01 0.021
0 0.662 0.227 0.014 0.029
0 0.683 0.221 0.012 0.024
0 0.689 0.251 0.014 0.034
0 0.661 0.262 0.015 0.027
0 0.624 0.244 0.011 0.021
0 0.618 0.291 0.014 0.025
0 0.587 0.328 0.015 0.028
0 0.597 0.353 0.021 0.043
0 0.598 0.414 0.024 0.052
0 0.643 0.363 0.022 0.039
0 0.671 0.346 0.019 0.041
0 0.663 0.431 0.025 0.052
0 0.533 0.395 0.025 0.046
0 0.699 0.462 0.031 0.07
0 0.714 0.393 0.021 0.046
0 0.773 0.405 0.025 0.045
0 0.803 0.494 0.027 0.054
0 0.824 0.425 0.022 0.05
0 0.892 0.459 0.023 0.047
0 0.879 0.39 0.02 0.038
0 0.842 0.366 0.02 0.05
0 0.793 0.359 0.021 0.042
0 0.797 0.328 0.017 0.032
0 0.822 0.302 0.017 0.035
0 0.798 0.297 0.014 0.032
0 0.753 0.281 0.014 0.031
0 0.71 0.286 0.014 0.029
0 0.724 0.259 0.014 0.035
0 0.73 0.235 0.012 0.024
0 0.743 0.23 0.012 0.025
0 0.745 0.253 0.014 0.028
0 0.761 0.235 0.012 0.027
0 0.77 0.244 0.011 0.028
0 0.795 0.263 0.014 0.024
0 0.822 0.25 0.013 0.025
0 0.83 0.272 0.012 0.029
0 0.838 0.263 0.014 0.027
0 0.851 0.251 0.011 0.032
0 0.874 0.281 0.014 0.036
0 0.862 0.316 0.013 0.032
0 0.856 0.341 0.015 0.036
0 0.891 0.319 0.013 0.032
0 0.909 0.341 0.015 0.036
0 0.909 0.293 0.014 0.028
0 0.908 0.275 0.012 0.025
0 0.454 0.406 0.024 0.052
