0 0.196 0.368 0.046 0.099
0 0.267 0.23 0.016 0.03
0 0.329 0.251 0.02 0.045
0 0.369 0.196 0.017 0.028
0 0.389 0.17 0.016 0.022
0 0.385 0.196 0.012 0.028
0 0.435 0.148 0.015 0.026
0 0.44 0.172 0.015 0.034
0 0.482 0.141 0.019 0.028
0 0.503 0.136 0.015 0.028
0 0.52 0.13 0.01 0.024
0 0.512 0.15 0.014 0.034
0 0.538 0.134 0.014 0.024
0 0.451 0.207 0.018 0.036
0 0.374 0.258 0.021 0.037
0 0.436 0.222 0.022 0.039
0 0.412 0.27 0.026 0.045
0 0.492 0.217 0.018 0.037
0 0.578 0.125 0.014 0.03
0 0.586 0.128 0.013 0.032
0 0.6 0.111 0.013 0.024
0 0.595 0.14 0.012 0.024
0 0.517 0.173 0.016 0.032
0 0.621 0.127 0.008 0.026
0 0.63 0.118 0.01 0.022
0 0.565 0.189 0.022 0.03
0 0.576 0.157 0.013 0.022
0 0.548 0.296 0.027 0.049
0 0.581 0.237 0.019 0.036
0 0.644 0.154 0.019 0.03
0 0.661 0.116 0.015 0.034
0 0.675 0.122 0.018 0.045
0 0.691 0.129 0.014 0.034
0 0.62 0.223 0.017 0.034
0 0.642 0.243 0.022 0.045
0 0.661 0.192 0.016 0.043
0 0.677 0.217 0.02 0.037
0 0.682 0.267 0.019 0.043
0 0.695 0.174 0.018 0.03
0 0.708 0.138 0.019 0.036
0 0.729 0.147 0.012 0.032
0 0.715 0.233 0.021 0.039
0 0.738 0.195 0.019 0.034
0 0.764 0.167 0.017 0.034
0 0.743 0.234 0.023 0.045
0 0.741 0.268 0.022 0.045
0 0.763 0.256 0.017 0.043
0 0.799 0.139 0.014 0.026
0 0.779 0.16 0.017 0.036
0 0.791 0.163 0.016 0.034
0 0.798 0.216 0.019 0.039
0 0.791 0.287 0.025 0.052
0 0.823 0.144 0.017 0.034
0 0.838 0.145 0.009 0.021
0 0.837 0.164 0.013 0.021
0 0.831 0.196 0.019 0.032
0 0.854 0.267 0.028 0.047
0 0.83 0.302 0.024 0.043
0 0.86 0.2 0.02 0.037
0 0.872 0.18 0.013 0.03
0 0.882 0.159 0.012 0.026
0 0.907 0.16 0.013 0.028
0 0.951 0.179 0.015 0.024
0 0.939 0.208 0.01 0.034
0 0.929 0.239 0.021 0.039
0 0.921 0.293 0.023 0.054
0 0.923 0.366 0.023 0.051
0 0.491 0.18 0.019 0.03
0 0.48 0.16 0.016 0.032
0 0.81 0.156 0.015 0.043
0 0.746 0.146 0.012 0.022
