0 0.02 0.402 0.026 0.053
0 0.235 0.328 0.019 0.038
0 0.262 0.337 0.022 0.045
0 0.286 0.353 0.021 0.048
0 0.282 0.3 0.018 0.038
0 0.336 0.35 0.022 0.048
0 0.374 0.339 0.019 0.038
0 0.37 0.312 0.018 0.034
0 0.354 0.284 0.018 0.037
0 0.402 0.33 0.022 0.037
0 0.443 0.333 0.022 0.039
0 0.406 0.291 0.017 0.031
0 0.397 0.273 0.015 0.027
0 0.394 0.246 0.014 0.027
0 0.425 0.273 0.017 0.032
0 0.422 0.254 0.012 0.025
0 0.451 0.238 0.013 0.027
0 0.464 0.234 0.013 0.027
0 0.467 0.265 0.018 0.032
0 0.465 0.301 0.018 0.029
0 0.441 0.299 0.02 0.034
0 0.495 0.258 0.017 0.029
0 0.514 0.305 0.019 0.035
0 0.541 0.278 0.02 0.042
0 0.511 0.239 0.015 0.029
0 0.543 0.218 0.014 0.024
0 0.527 0.259 0.016 0.029
0 0.562 0.235 0.015 0.027
0 0.55 0.251 0.018 0.029
0 0.562 0.216 0.014 0.024
0 0.584 0.224 0.015 0.027
0 0.588 0.242 0.014 0.027
0 0.6 0.199 0.013 0.031
0 0.616 0.209 0.013 0.027
0 0.628 0.219 0.015 0.028
0 0.628 0.25 0.014 0.031
0 0.642 0.208 0.012 0.02
0 0.662 0.224 0.017 0.032
0 0.674 0.221 0.011 0.029
0 0.688 0.248 0.015 0.035
0 0.669 0.258 0.017 0.032
0 0.626 0.288 0.02 0.039
0 0.583 0.322 0.018 0.044
0 0.534 0.395 0.027 0.053
0 0.532 0.353 0.025 0.051
0 0.493 0.387 0.026 0.063
0 0.603 0.421 0.032 0.07
0 0.599 0.367 0.026 0.053
0 0.638 0.326 0.021 0.048
0 0.681 0.345 0.023 0.052
0 0.653 0.375 0.026 0.062
0 0.653 0.437 0.035 0.07
0 0.701 0.498 0.041 0.086
0 0.709 0.284 0.015 0.039
0 0.733 0.261 0.015 0.034
0 0.728 0.215 0.015 0.031
0 0.744 0.243 0.014 0.025
0 0.768 0.225 0.015 0.038
0 0.748 0.275 0.018 0.035
0 0.795 0.291 0.015 0.039
0 0.793 0.235 0.014 0.027
0 0.759 0.256 0.014 0.034
0 0.722 0.387 0.026 0.055
0 0.756 0.4 0.026 0.056
0 0.793 0.358 0.023 0.051
0 0.826 0.447 0.035 0.069
0 0.816 0.517 0.039 0.07
0 0.892 0.459 0.033 0.07
0 0.899 0.391 0.027 0.052
0 0.908 0.346 0.018 0.038
0 0.854 0.359 0.024 0.046
0 0.837 0.402 0.024 0.044
0 0.83 0.298 0.018 0.038
0 0.839 0.275 0.014 0.029
0 0.828 0.248 0.016 0.032
0 0.859 0.249 0.014 0.032
0 0.875 0.277 0.017 0.038
0 0.853 0.312 0.017 0.038
0 0.906 0.31 0.014 0.034
0 0.914 0.287 0.011 0.025
0 0.914 0.269 0.016 0.032
