0 0.211 0.354 0.039 0.069
0 0.316 0.224 0.014 0.032
0 0.323 0.203 0.015 0.027
0 0.348 0.198 0.015 0.03
0 0.411 0.195 0.014 0.032
0 0.419 0.173 0.014 0.027
0 0.413 0.156 0.014 0.025
0 0.449 0.151 0.012 0.021
0 0.456 0.17 0.016 0.03
0 0.444 0.202 0.017 0.037
0 0.487 0.229 0.022 0.039
0 0.521 0.265 0.023 0.053
0 0.474 0.179 0.018 0.032
0 0.476 0.148 0.014 0.027
0 0.469 0.129 0.013 0.02
0 0.499 0.13 0.01 0.021
0 0.509 0.145 0.015 0.027
0 0.524 0.15 0.015 0.034
0 0.514 0.115 0.014 0.023
0 0.528 0.122 0.011 0.02
0 0.539 0.132 0.011 0.023
0 0.561 0.147 0.013 0.028
0 0.556 0.174 0.017 0.032
0 0.589 0.107 0.012 0.025
0 0.6 0.118 0.013 0.023
0 0.598 0.134 0.014 0.027
0 0.6 0.164 0.016 0.027
0 0.593 0.23 0.019 0.034
0 0.586 0.263 0.023 0.05
0 0.621 0.289 0.026 0.055
0 0.634 0.243 0.02 0.036
0 0.659 0.266 0.021 0.041
0 0.677 0.319 0.029 0.066
0 0.665 0.208 0.021 0.036
0 0.635 0.147 0.012 0.025
0 0.61 0.099 0.011 0.021
0 0.632 0.097 0.011 0.023
0 0.621 0.137 0.013 0.028
0 0.645 0.119 0.012 0.021
0 0.656 0.104 0.011 0.027
0 0.685 0.119 0.01 0.025
0 0.696 0.121 0.012 0.028
0 0.706 0.119 0.01 0.021
0 0.707 0.157 0.012 0.03
0 0.701 0.204 0.015 0.032
0 0.72 0.226 0.02 0.048
0 0.739 0.164 0.012 0.03
0 0.726 0.137 0.014 0.032
0 0.752 0.123 0.014 0.027
0 0.764 0.137 0.015 0.032
0 0.78 0.135 0.014 0.028
0 0.788 0.16 0.015 0.032
0 0.77 0.179 0.017 0.036
0 0.79 0.198 0.017 0.034
0 0.789 0.258 0.024 0.053
0 0.739 0.35 0.027 0.057
0 0.829 0.344 0.025 0.055
0 0.845 0.298 0.02 0.044
0 0.904 0.312 0.022 0.055
0 0.814 0.239 0.019 0.041
0 0.841 0.211 0.016 0.043
0 0.852 0.187 0.015 0.037
0 0.862 0.176 0.013 0.028
0 0.873 0.163 0.012 0.028
0 0.88 0.147 0.012 0.027
0 0.839 0.15 0.013 0.03
0 0.825 0.168 0.014 0.034
0 0.892 0.172 0.014 0.028
0 0.89 0.199 0.016 0.036
0 0.88 0.235 0.019 0.048
0 0.928 0.276 0.02 0.041
0 0.926 0.235 0.02 0.048
0 0.935 0.208 0.017 0.036
0 0.936 0.172 0.016 0.032
0 0.913 0.174 0.015 0.032
0 0.909 0.163 0.013 0.027
