0 0.21 0.472 0.044 0.079
0 0.306 0.238 0.019 0.041
0 0.324 0.182 0.014 0.022
0 0.339 0.211 0.011 0.031
0 0.411 0.163 0.012 0.019
0 0.426 0.174 0.013 0.024
0 0.438 0.229 0.02 0.029
0 0.45 0.18 0.019 0.029
0 0.453 0.147 0.014 0.028
0 0.495 0.212 0.02 0.033
0 0.489 0.329 0.022 0.033
0 0.559 0.313 0.024 0.054
0 0.598 0.325 0.022 0.055
0 0.636 0.348 0.026 0.05
0 0.642 0.248 0.019 0.036
0 0.582 0.248 0.02 0.043
0 0.661 0.31 0.02 0.036
0 0.701 0.256 0.021 0.036
0 0.681 0.214 0.017 0.035
0 0.627 0.204 0.018 0.035
0 0.659 0.184 0.016 0.036
0 0.586 0.178 0.017 0.028
0 0.521 0.175 0.021 0.033
0 0.5 0.161 0.018 0.029
0 0.477 0.148 0.014 0.026
0 0.524 0.104 0.012 0.028
0 0.585 0.112 0.014 0.031
0 0.567 0.147 0.016 0.035
0 0.626 0.142 0.013 0.031
0 0.601 0.123 0.015 0.028
0 0.607 0.06 0.013 0.024
0 0.656 0.106 0.013 0.022
0 0.684 0.103 0.012 0.022
0 0.699 0.121 0.012 0.021
0 0.667 0.122 0.01 0.026
0 0.636 0.12 0.015 0.026
0 0.523 0.136 0.018 0.024
0 0.538 0.14 0.012 0.024
0 0.776 0.138 0.012 0.024
0 0.756 0.158 0.011 0.033
0 0.775 0.19 0.013 0.031
0 0.773 0.271 0.022 0.045
0 0.812 0.255 0.019 0.033
0 0.805 0.217 0.014 0.04
0 0.821 0.221 0.017 0.041
0 0.806 0.185 0.019 0.024
0 0.918 0.169 0.015 0.031
0 0.937 0.202 0.011 0.031
0 0.893 0.195 0.019 0.024
0 0.866 0.211 0.019 0.031
0 0.848 0.206 0.013 0.043
0 0.871 0.294 0.02 0.045
0 0.893 0.232 0.015 0.047
0 0.916 0.254 0.016 0.041
0 0.912 0.364 0.025 0.05
0 0.852 0.372 0.02 0.047
0 0.794 0.397 0.03 0.052
0 0.887 0.446 0.031 0.066
0 0.738 0.181 0.017 0.038
0 0.616 0.105 0.012 0.028
0 0.833 0.196 0.015 0.036
0 0.827 0.174 0.015 0.031
0 0.878 0.16 0.013 0.033
0 0.867 0.186 0.013 0.033
0 0.547 0.17 0.017 0.033
0 0.71 0.174 0.015 0.026
